Criação das árvores ordenadas:
n_persons	index	time        
100000   	0    	6.425590e-02
100000   	1    	6.588170e-02
100000   	2    	6.243700e-02
100000   	3    	5.697960e-02

Procura de nós nas árvores:
n_persons	index	time        
100000   	0    	1.505704e-01
100000   	1    	2.122393e-01
100000   	2    	1.800005e-01
100000   	3    	7.591150e-02

Maior profundidade das árvores:
n_persons	index	time        	depth
100000   	0    	5.278400e-03	40   
100000   	1    	6.363200e-03	39   
100000   	2    	6.404900e-03	39   
100000   	3    	7.973700e-03	38   

Número de nós em cada nível:
n_persons	index	time        	lvl0  	lvl1  	lvl2  	lvl3  	lvl4  	lvl5  	lvl6  	lvl7  	lvl8  	lvl9  	lvl10 	lvl11 	lvl12 	lvl13 	lvl14 	lvl15 	lvl16 	lvl17 	lvl18 	lvl19 	lvl20 	lvl21 	lvl22 	lvl23 	lvl24 	lvl25 	lvl26 	lvl27 	lvl28 	lvl29 	lvl30 	lvl31 	lvl32 	lvl33 	lvl34 	lvl35 	lvl36 	lvl37 	lvl38 	lvl39 	lvl40 
100000   	0    	5.469200e-03	1     	2     	4     	8     	16    	32    	61    	106   	181   	303   	468   	732   	1104  	1588  	2315  	3216  	4238  	5408  	6545  	7398  	7922  	8238  	8284  	7803  	7040  	6192  	5339  	4348  	3403  	2602  	1826  	1224  	814   	491   	299   	199   	126   	74    	31    	14    	5     
100000   	1    	6.475800e-03	1     	2     	4     	8     	16    	31    	61    	116   	214   	373   	624   	1006  	1566  	2277  	3142  	4154  	5390  	6729  	7747  	8563  	8904  	8775  	8223  	7335  	6381  	5153  	4091  	3103  	2255  	1541  	999   	581   	301   	155   	93    	50    	19    	11    	4     	2     	nan   
100000   	2    	6.117700e-03	1     	2     	4     	8     	16    	32    	62    	120   	227   	399   	649   	1044  	1596  	2327  	3301  	4338  	5514  	6440  	7190  	7632  	7758  	7655  	7316  	6857  	6275  	5454  	4689  	3842  	2984  	2167  	1515  	1060  	680   	413   	235   	117   	49    	22    	8     	2     	nan   
100000   	3    	5.192000e-03	1     	2     	4     	8     	16    	32    	61    	114   	220   	385   	665   	1121  	1796  	2705  	3871  	5117  	6449  	7519  	8283  	8652  	8633  	8262  	7670  	6693  	5706  	4600  	3648  	2673  	1897  	1269  	857   	511   	277   	146   	65    	45    	18    	7     	2     	nan   	nan   

