Criação das árvores ordenadas:
n_persons	index	time        
100000   	0    	5.066670e-02
100000   	1    	6.269040e-02
100000   	2    	5.923130e-02
100000   	3    	4.810810e-02

Procura de nós nas árvores:
n_persons	index	time        
100000   	0    	5.291680e-02
100000   	1    	6.445430e-02
100000   	2    	5.807330e-02
100000   	3    	5.297340e-02

Maior profundidade das árvores:
n_persons	index	time        	depth
100000   	0    	4.558600e-03	36   
100000   	1    	4.286500e-03	39   
100000   	2    	4.893900e-03	41   
100000   	3    	5.458900e-03	39   

Número de nós em cada nível:
n_persons	index	time        	lvl0  	lvl1  	lvl2  	lvl3  	lvl4  	lvl5  	lvl6  	lvl7  	lvl8  	lvl9  	lvl10 	lvl11 	lvl12 	lvl13 	lvl14 	lvl15 	lvl16 	lvl17 	lvl18 	lvl19 	lvl20 	lvl21 	lvl22 	lvl23 	lvl24 	lvl25 	lvl26 	lvl27 	lvl28 	lvl29 	lvl30 	lvl31 	lvl32 	lvl33 	lvl34 	lvl35 	lvl36 	lvl37 	lvl38 	lvl39 	lvl40 	lvl41 
100000   	0    	4.104900e-03	1     	2     	4     	8     	16    	31    	61    	120   	228   	413   	721   	1202  	1956  	2902  	4095  	5536  	6988  	8333  	9470  	9899  	9721  	8868  	7708  	6377  	5005  	3699  	2576  	1648  	1037  	623   	347   	197   	101   	52    	36    	12    	7     	nan   	nan   	nan   	nan   	nan   
100000   	1    	3.976100e-03	1     	2     	4     	8     	16    	32    	64    	127   	245   	462   	806   	1309  	2029  	2959  	4036  	5123  	6232  	7228  	7940  	8384  	8502  	8175  	7361  	6437  	5591  	4571  	3530  	2796  	2085  	1459  	976   	618   	377   	222   	138   	85    	39    	18    	9     	4     	nan   	nan   
100000   	2    	4.347200e-03	1     	2     	4     	8     	16    	32    	64    	126   	241   	457   	800   	1285  	2013  	2878  	3972  	5089  	6205  	7231  	7941  	8378  	8389  	8094  	7349  	6628  	5680  	4610  	3702  	2872  	2089  	1424  	919   	583   	357   	234   	140   	89    	48    	29    	15    	3     	2     	1     
100000   	3    	4.465600e-03	1     	2     	4     	8     	16    	31    	61    	119   	223   	402   	698   	1183  	1887  	2852  	3932  	5060  	6284  	7370  	8265  	8630  	8794  	8472  	7868  	6892  	5789  	4582  	3406  	2437  	1709  	1146  	733   	506   	285   	176   	94    	52    	20    	8     	2     	1     	nan   	nan   

