Criação das árvores ordenadas:
n_persons	index	time        
100000   	0    	5.051020e-02
100000   	1    	6.315400e-02
100000   	2    	5.383580e-02
100000   	3    	4.593280e-02

Procura de nós nas árvores:
n_persons	index	time        
100000   	0    	5.367700e-02
100000   	1    	6.579600e-02
100000   	2    	5.739910e-02
100000   	3    	5.026810e-02

Maior profundidade das árvores:
n_persons	index	time        	depth
100000   	0    	4.439700e-03	37   
100000   	1    	4.940500e-03	43   
100000   	2    	5.095000e-03	39   
100000   	3    	5.026000e-03	40   

Número de nós em cada nível:
n_persons	index	time        	lvl0  	lvl1  	lvl2  	lvl3  	lvl4  	lvl5  	lvl6  	lvl7  	lvl8  	lvl9  	lvl10 	lvl11 	lvl12 	lvl13 	lvl14 	lvl15 	lvl16 	lvl17 	lvl18 	lvl19 	lvl20 	lvl21 	lvl22 	lvl23 	lvl24 	lvl25 	lvl26 	lvl27 	lvl28 	lvl29 	lvl30 	lvl31 	lvl32 	lvl33 	lvl34 	lvl35 	lvl36 	lvl37 	lvl38 	lvl39 	lvl40 	lvl41 	lvl42 	lvl43 
100000   	0    	4.185700e-03	1     	2     	4     	8     	16    	31    	62    	123   	238   	431   	746   	1215  	1885  	2724  	3756  	4879  	6055  	7043  	7788  	8231  	8279  	8079  	7544  	6912  	5963  	5107  	3993  	3087  	2179  	1497  	920   	518   	309   	165   	109   	71    	26    	4     	nan   	nan   	nan   	nan   	nan   	nan   
100000   	1    	4.431400e-03	1     	2     	4     	8     	16    	32    	61    	116   	215   	380   	671   	1101  	1744  	2601  	3658  	4863  	6044  	7132  	8005  	8425  	8388  	8049  	7211  	6241  	5308  	4326  	3480  	2741  	2138  	1662  	1317  	1025  	814   	663   	520   	386   	272   	162   	98    	56    	40    	18    	4     	2     
100000   	2    	4.871100e-03	1     	2     	4     	8     	16    	32    	64    	122   	226   	402   	656   	1031  	1587  	2293  	3173  	4159  	5287  	6446  	7431  	8163  	8515  	8626  	8269  	7603  	6587  	5412  	4284  	3219  	2308  	1539  	1005  	636   	403   	237   	131   	73    	35    	9     	4     	2     	nan   	nan   	nan   	nan   
100000   	3    	4.940600e-03	1     	2     	4     	8     	16    	32    	64    	125   	238   	430   	767   	1303  	2094  	3110  	4323  	5667  	7136  	8366  	9195  	9633  	9306  	8430  	7345  	6121  	4882  	3734  	2667  	1876  	1265  	795   	478   	298   	155   	71    	30    	16    	8     	4     	3     	1     	1     	nan   	nan   	nan   

