Criação das árvores ordenadas:
n_persons	index	time        
100000   	0    	5.427160e-02
100000   	1    	6.523910e-02
100000   	2    	5.869720e-02
100000   	3    	4.755770e-02

Procura de nós nas árvores:
n_persons	index	time        
100000   	0    	5.527020e-02
100000   	1    	6.317870e-02
100000   	2    	5.710310e-02
100000   	3    	4.885820e-02

Maior profundidade das árvores:
n_persons	index	time        	depth
100000   	0    	4.616200e-03	42   
100000   	1    	4.785900e-03	35   
100000   	2    	5.447400e-03	38   
100000   	3    	4.866400e-03	43   

Número de nós em cada nível:
n_persons	index	time        	lvl0  	lvl1  	lvl2  	lvl3  	lvl4  	lvl5  	lvl6  	lvl7  	lvl8  	lvl9  	lvl10 	lvl11 	lvl12 	lvl13 	lvl14 	lvl15 	lvl16 	lvl17 	lvl18 	lvl19 	lvl20 	lvl21 	lvl22 	lvl23 	lvl24 	lvl25 	lvl26 	lvl27 	lvl28 	lvl29 	lvl30 	lvl31 	lvl32 	lvl33 	lvl34 	lvl35 	lvl36 	lvl37 	lvl38 	lvl39 	lvl40 	lvl41 	lvl42 	lvl43 
100000   	0    	4.445000e-03	1     	2     	4     	8     	16    	32    	63    	125   	239   	446   	787   	1336  	2134  	3202  	4546  	5898  	7165  	8120  	8546  	8563  	8333  	7603  	6749  	5830  	4859  	3907  	3110  	2460  	1806  	1313  	936   	650   	449   	294   	171   	96    	56    	39    	36    	30    	20    	13    	7     	nan   
100000   	1    	4.049200e-03	1     	2     	4     	8     	16    	32    	63    	119   	223   	405   	698   	1177  	1814  	2734  	3855  	5132  	6353  	7579  	8581  	9004  	9073  	8760  	7976  	6852  	5674  	4437  	3305  	2314  	1567  	999   	592   	344   	188   	82    	26    	11    	nan   	nan   	nan   	nan   	nan   	nan   	nan   	nan   
100000   	2    	5.229800e-03	1     	2     	4     	8     	16    	31    	62    	123   	235   	433   	771   	1289  	2005  	2951  	4051  	5205  	6407  	7450  	8283  	8615  	8611  	8221  	7463  	6484  	5357  	4372  	3401  	2724  	2041  	1398  	882   	535   	303   	155   	65    	34    	10    	1     	1     	nan   	nan   	nan   	nan   	nan   
100000   	3    	4.429000e-03	1     	2     	4     	8     	15    	29    	54    	103   	187   	337   	561   	910   	1407  	2120  	2995  	4052  	5242  	6479  	7770  	8708  	9122  	8978  	8415  	7534  	6423  	5196  	4039  	2984  	2166  	1514  	1023  	643   	386   	236   	146   	94    	53    	31    	15    	8     	5     	3     	1     	1     

