Criação das árvores ordenadas:
n_persons	index	time        
100000   	0    	5.379510e-02
100000   	1    	6.348020e-02
100000   	2    	5.621410e-02
100000   	3    	4.841420e-02

Procura de nós nas árvores:
n_persons	index	time        
100000   	0    	5.293730e-02
100000   	1    	5.994420e-02
100000   	2    	5.567050e-02
100000   	3    	5.022010e-02

Maior profundidade das árvores:
n_persons	index	time        	depth
100000   	0    	4.310200e-03	40   
100000   	1    	4.194900e-03	38   
100000   	2    	5.246500e-03	40   
100000   	3    	5.368500e-03	40   

Número de nós em cada nível:
n_persons	index	time        	lvl0  	lvl1  	lvl2  	lvl3  	lvl4  	lvl5  	lvl6  	lvl7  	lvl8  	lvl9  	lvl10 	lvl11 	lvl12 	lvl13 	lvl14 	lvl15 	lvl16 	lvl17 	lvl18 	lvl19 	lvl20 	lvl21 	lvl22 	lvl23 	lvl24 	lvl25 	lvl26 	lvl27 	lvl28 	lvl29 	lvl30 	lvl31 	lvl32 	lvl33 	lvl34 	lvl35 	lvl36 	lvl37 	lvl38 	lvl39 	lvl40 
100000   	0    	3.969800e-03	1     	2     	4     	8     	16    	32    	61    	109   	195   	344   	569   	911   	1402  	2011  	2751  	3658  	4690  	5473  	6178  	6629  	7011  	7282  	7322  	7067  	6725  	6175  	5412  	4631  	3888  	3014  	2308  	1613  	1029  	689   	401   	218   	111   	43    	11    	5     	1     
100000   	1    	3.980600e-03	1     	2     	4     	8     	16    	32    	63    	122   	232   	421   	745   	1248  	1945  	2838  	3888  	5022  	6166  	7253  	7910  	8333  	8500  	8354  	7932  	7111  	6076  	4796  	3606  	2609  	1859  	1216  	733   	442   	256   	145   	74    	29    	8     	3     	2     	nan   	nan   
100000   	2    	4.776700e-03	1     	2     	4     	8     	16    	32    	63    	125   	232   	408   	690   	1104  	1672  	2416  	3260  	4206  	5086  	5975  	6618  	7089  	7220  	7325  	7086  	6756  	6201  	5558  	4862  	4039  	3342  	2611  	2012  	1438  	992   	686   	409   	234   	117   	63    	29    	12    	1     
100000   	3    	4.789800e-03	1     	2     	4     	8     	16    	32    	64    	124   	234   	425   	760   	1256  	1962  	2884  	3954  	5085  	6159  	7318  	8079  	8563  	8583  	8228  	7673  	6733  	5637  	4590  	3535  	2620  	1873  	1278  	842   	563   	377   	229   	145   	81    	41    	25    	11    	5     	1     

