Criação das árvores ordenadas:
n_persons	index	time        
100000   	0    	5.082900e-02
100000   	1    	6.080270e-02
100000   	2    	5.536510e-02
100000   	3    	4.832760e-02

Procura de nós nas árvores:
n_persons	index	time        
100000   	0    	5.455960e-02
100000   	1    	7.022760e-02
100000   	2    	5.718910e-02
100000   	3    	5.388580e-02

Maior profundidade das árvores:
n_persons	index	time        	depth
100000   	0    	5.644400e-03	45   
100000   	1    	4.728500e-03	44   
100000   	2    	5.189900e-03	39   
100000   	3    	4.790900e-03	39   

Número de nós em cada nível:
n_persons	index	time        	lvl0  	lvl1  	lvl2  	lvl3  	lvl4  	lvl5  	lvl6  	lvl7  	lvl8  	lvl9  	lvl10 	lvl11 	lvl12 	lvl13 	lvl14 	lvl15 	lvl16 	lvl17 	lvl18 	lvl19 	lvl20 	lvl21 	lvl22 	lvl23 	lvl24 	lvl25 	lvl26 	lvl27 	lvl28 	lvl29 	lvl30 	lvl31 	lvl32 	lvl33 	lvl34 	lvl35 	lvl36 	lvl37 	lvl38 	lvl39 	lvl40 	lvl41 	lvl42 	lvl43 	lvl44 	lvl45 
100000   	0    	4.108700e-03	1     	2     	4     	8     	16    	32    	64    	127   	241   	420   	703   	1096  	1721  	2493  	3378  	4391  	5426  	6392  	7286  	7954  	8215  	8281  	7957  	7219  	6355  	5256  	4306  	3322  	2454  	1671  	1165  	804   	523   	317   	180   	96    	42    	29    	18    	11    	10    	5     	5     	2     	1     	1     
100000   	1    	4.716000e-03	1     	2     	4     	8     	16    	32    	62    	117   	208   	365   	619   	1031  	1589  	2394  	3381  	4553  	5758  	7001  	8005  	8703  	8897  	8658  	7996  	6976  	5836  	4657  	3635  	2797  	2010  	1434  	975   	680   	492   	330   	219   	176   	135   	91    	60    	42    	24    	16    	8     	4     	3     	nan   
100000   	2    	4.673400e-03	1     	2     	4     	8     	16    	32    	63    	122   	231   	419   	737   	1234  	1903  	2819  	3889  	5141  	6414  	7371  	8211  	8476  	8515  	8155  	7382  	6491  	5477  	4478  	3563  	2793  	2041  	1419  	988   	619   	411   	261   	147   	76    	45    	24    	15    	7     	nan   	nan   	nan   	nan   	nan   	nan   
100000   	3    	4.392300e-03	1     	2     	4     	8     	16    	32    	62    	119   	222   	381   	644   	1037  	1582  	2304  	3285  	4406  	5542  	6585  	7518  	8172  	8622  	8600  	8061  	7122  	6170  	5094  	4214  	3244  	2365  	1691  	1155  	728   	462   	278   	154   	72    	30    	12    	3     	1     	nan   	nan   	nan   	nan   	nan   	nan   

