Criação das árvores ordenadas:
n_persons	index	time        
100000   	0    	5.182300e-02
100000   	1    	6.345990e-02
100000   	2    	5.704170e-02
100000   	3    	4.837910e-02

Procura de nós nas árvores:
n_persons	index	time        
100000   	0    	5.571180e-02
100000   	1    	6.670440e-02
100000   	2    	5.882440e-02
100000   	3    	1.044317e-01

Maior profundidade das árvores:
n_persons	index	time        	depth
100000   	0    	5.707600e-03	42   
100000   	1    	5.830000e-03	40   
100000   	2    	6.177700e-03	41   
100000   	3    	5.987300e-03	38   

Número de nós em cada nível:
n_persons	index	time        	lvl0  	lvl1  	lvl2  	lvl3  	lvl4  	lvl5  	lvl6  	lvl7  	lvl8  	lvl9  	lvl10 	lvl11 	lvl12 	lvl13 	lvl14 	lvl15 	lvl16 	lvl17 	lvl18 	lvl19 	lvl20 	lvl21 	lvl22 	lvl23 	lvl24 	lvl25 	lvl26 	lvl27 	lvl28 	lvl29 	lvl30 	lvl31 	lvl32 	lvl33 	lvl34 	lvl35 	lvl36 	lvl37 	lvl38 	lvl39 	lvl40 	lvl41 	lvl42 
100000   	0    	4.888400e-03	1     	2     	4     	8     	16    	32    	63    	123   	235   	436   	783   	1313  	2107  	3071  	4224  	5447  	6611  	7523  	8199  	8594  	8484  	8046  	7386  	6475  	5425  	4345  	3285  	2392  	1778  	1218  	847   	590   	380   	233   	150   	84    	49    	24    	9     	3     	2     	2     	1     
100000   	1    	4.732900e-03	1     	2     	4     	8     	15    	30    	57    	108   	200   	358   	629   	1045  	1676  	2525  	3619  	4841  	6138  	7329  	8189  	8815  	8808  	8376  	7695  	6760  	5808  	4648  	3627  	2708  	1909  	1277  	890   	646   	441   	303   	212   	143   	74    	48    	20    	11    	7     	nan   	nan   
100000   	2    	5.479500e-03	1     	2     	4     	8     	16    	32    	64    	124   	233   	432   	755   	1215  	1833  	2570  	3421  	4436  	5416  	6304  	7144  	7638  	7905  	7927  	7646  	7024  	6315  	5391  	4345  	3388  	2675  	1890  	1371  	943   	641   	421   	245   	121   	63    	24    	8     	4     	3     	2     	nan   
100000   	3    	5.537300e-03	1     	2     	4     	8     	16    	32    	64    	126   	239   	450   	790   	1267  	1872  	2603  	3430  	4317  	5217  	6060  	6785  	7456  	7849  	8075  	7986  	7549  	6821  	5863  	4700  	3534  	2513  	1779  	1158  	661   	398   	212   	106   	36    	14    	5     	2     	nan   	nan   	nan   	nan   

