Criação das árvores ordenadas:
n_persons	index	time        
100000   	0    	5.233330e-02
100000   	1    	6.367750e-02
100000   	2    	5.547650e-02
100000   	3    	4.802720e-02

Procura de nós nas árvores:
n_persons	index	time        
100000   	0    	5.245240e-02
100000   	1    	6.121400e-02
100000   	2    	5.971500e-02
100000   	3    	5.433660e-02

Maior profundidade das árvores:
n_persons	index	time        	depth
100000   	0    	4.606700e-03	39   
100000   	1    	4.498200e-03	43   
100000   	2    	4.796900e-03	45   
100000   	3    	4.883100e-03	42   

Número de nós em cada nível:
n_persons	index	time        	lvl0  	lvl1  	lvl2  	lvl3  	lvl4  	lvl5  	lvl6  	lvl7  	lvl8  	lvl9  	lvl10 	lvl11 	lvl12 	lvl13 	lvl14 	lvl15 	lvl16 	lvl17 	lvl18 	lvl19 	lvl20 	lvl21 	lvl22 	lvl23 	lvl24 	lvl25 	lvl26 	lvl27 	lvl28 	lvl29 	lvl30 	lvl31 	lvl32 	lvl33 	lvl34 	lvl35 	lvl36 	lvl37 	lvl38 	lvl39 	lvl40 	lvl41 	lvl42 	lvl43 	lvl44 	lvl45 
100000   	0    	4.264400e-03	1     	2     	4     	8     	16    	32    	61    	117   	209   	363   	599   	961   	1449  	2075  	2965  	4025  	5192  	6420  	7442  	8165  	8524  	8625  	8309  	7634  	6687  	5396  	4136  	3153  	2356  	1642  	1181  	831   	556   	354   	229   	140   	83    	37    	15    	6     	nan   	nan   	nan   	nan   	nan   	nan   
100000   	1    	3.950300e-03	1     	2     	4     	8     	16    	28    	53    	102   	192   	347   	607   	1013  	1576  	2312  	3216  	4211  	5282  	6210  	6953  	7338  	7603  	7569  	7362  	6904  	6187  	5424  	4460  	3773  	2979  	2387  	1860  	1360  	976   	658   	430   	273   	158   	76    	42    	21    	14    	6     	5     	2     	nan   	nan   
100000   	2    	4.402800e-03	1     	2     	4     	8     	16    	32    	63    	125   	239   	423   	730   	1190  	1854  	2705  	3823  	5084  	6369  	7626  	8605  	9073  	9145  	8831  	7976  	6754  	5560  	4199  	3135  	2260  	1475  	952   	616   	393   	246   	156   	106   	72    	55    	37    	25    	12    	7     	4     	5     	4     	2     	1     
100000   	3    	4.588700e-03	1     	2     	4     	8     	16    	32    	64    	122   	231   	396   	690   	1121  	1727  	2563  	3561  	4681  	5800  	6887  	7751  	8261  	8309  	8162  	7761  	7093  	6109  	5023  	3943  	3042  	2256  	1604  	1050  	695   	426   	259   	156   	93    	52    	26    	11    	7     	3     	1     	1     	nan   	nan   	nan   

