Criação das árvores ordenadas:
n_persons	index	time        
100000   	0    	5.246380e-02
100000   	1    	6.776980e-02
100000   	2    	5.753450e-02
100000   	3    	4.738640e-02

Procura de nós nas árvores:
n_persons	index	time        
100000   	0    	6.407020e-02
100000   	1    	7.237240e-02
100000   	2    	5.948690e-02
100000   	3    	5.313160e-02

Maior profundidade das árvores:
n_persons	index	time        	depth
100000   	0    	4.336700e-03	41   
100000   	1    	4.594100e-03	42   
100000   	2    	4.953500e-03	42   
100000   	3    	5.031500e-03	39   

Número de nós em cada nível:
n_persons	index	time        	lvl0  	lvl1  	lvl2  	lvl3  	lvl4  	lvl5  	lvl6  	lvl7  	lvl8  	lvl9  	lvl10 	lvl11 	lvl12 	lvl13 	lvl14 	lvl15 	lvl16 	lvl17 	lvl18 	lvl19 	lvl20 	lvl21 	lvl22 	lvl23 	lvl24 	lvl25 	lvl26 	lvl27 	lvl28 	lvl29 	lvl30 	lvl31 	lvl32 	lvl33 	lvl34 	lvl35 	lvl36 	lvl37 	lvl38 	lvl39 	lvl40 	lvl41 	lvl42 
100000   	0    	3.893200e-03	1     	2     	4     	8     	16    	32    	64    	121   	226   	388   	640   	1030  	1496  	2095  	2802  	3697  	4653  	5525  	6438  	7062  	7452  	7635  	7559  	7222  	6716  	6093  	5254  	4243  	3384  	2622  	1912  	1308  	906   	593   	376   	209   	116   	55    	23    	15    	5     	2     	nan   
100000   	1    	4.421400e-03	1     	2     	4     	8     	16    	32    	63    	116   	218   	396   	683   	1068  	1631  	2347  	3227  	4217  	5267  	6119  	6943  	7538  	7875  	7927  	7641  	7233  	6516  	5597  	4553  	3578  	2798  	2063  	1469  	1025  	704   	454   	283   	168   	93    	56    	34    	21    	13    	2     	1     
100000   	2    	4.385700e-03	1     	2     	4     	8     	16    	32    	62    	118   	216   	391   	658   	1075  	1617  	2323  	3191  	4104  	4930  	5710  	6293  	6814  	7089  	7068  	6929  	6767  	6328  	5922  	5279  	4520  	3634  	2758  	1979  	1431  	983   	672   	450   	263   	168   	96    	61    	23    	10    	3     	2     
100000   	3    	4.438200e-03	1     	2     	4     	8     	16    	32    	64    	125   	232   	427   	748   	1258  	1969  	2850  	3938  	5147  	6345  	7381  	8192  	8610  	8446  	8034  	7356  	6402  	5464  	4514  	3541  	2756  	2015  	1398  	945   	666   	453   	298   	174   	107   	54    	18    	8     	2     	nan   	nan   	nan   

