Criação das árvores ordenadas:
n_persons	index	time        
100000   	0    	5.233410e-02
100000   	1    	6.339690e-02
100000   	2    	5.458690e-02
100000   	3    	4.948900e-02

Procura de nós nas árvores:
n_persons	index	time        
100000   	0    	5.478920e-02
100000   	1    	5.846690e-02
100000   	2    	5.527470e-02
100000   	3    	4.886520e-02

Maior profundidade das árvores:
n_persons	index	time        	depth
100000   	0    	4.504900e-03	37   
100000   	1    	4.379500e-03	39   
100000   	2    	4.677000e-03	39   
100000   	3    	4.864900e-03	37   

Número de nós em cada nível:
n_persons	index	time        	lvl0  	lvl1  	lvl2  	lvl3  	lvl4  	lvl5  	lvl6  	lvl7  	lvl8  	lvl9  	lvl10 	lvl11 	lvl12 	lvl13 	lvl14 	lvl15 	lvl16 	lvl17 	lvl18 	lvl19 	lvl20 	lvl21 	lvl22 	lvl23 	lvl24 	lvl25 	lvl26 	lvl27 	lvl28 	lvl29 	lvl30 	lvl31 	lvl32 	lvl33 	lvl34 	lvl35 	lvl36 	lvl37 	lvl38 	lvl39 
100000   	0    	4.148700e-03	1     	2     	4     	8     	16    	32    	64    	125   	237   	443   	767   	1277  	2045  	3053  	4279  	5631  	6937  	8024  	8729  	9050  	8925  	8406  	7455  	6332  	5075  	4066  	3083  	2181  	1460  	951   	617   	363   	204   	94    	42    	15    	6     	1     	nan   	nan   
100000   	1    	3.927900e-03	1     	2     	4     	8     	16    	32    	64    	127   	246   	456   	790   	1271  	2024  	3049  	4200  	5499  	6758  	7714  	8513  	8884  	8855  	8248  	7278  	6185  	5222  	4153  	3162  	2317  	1686  	1181  	818   	513   	321   	188   	108   	54    	27    	14    	8     	4     
100000   	2    	4.394600e-03	1     	2     	4     	8     	16    	32    	63    	121   	233   	445   	791   	1359  	2133  	3170  	4374  	5683  	7152  	8226  	9044  	9261  	9068  	8426  	7495  	6242  	5016  	3795  	2801  	1939  	1259  	812   	508   	273   	133   	60    	27    	14    	8     	3     	2     	1     
100000   	3    	4.361600e-03	1     	2     	4     	8     	16    	32    	63    	123   	237   	438   	773   	1272  	1983  	2923  	4005  	5333  	6639  	7807  	8678  	9135  	9192  	8560  	7751  	6592  	5440  	4158  	3098  	2173  	1433  	924   	538   	336   	172   	90    	44    	18    	8     	1     	nan   	nan   

