Criação das árvores ordenadas:
n_persons	index	time        
100000   	0    	7.063190e-02
100000   	1    	7.353570e-02
100000   	2    	6.553740e-02
100000   	3    	5.787110e-02

Procura de nós nas árvores:
n_persons	index	time        
100000   	0    	5.919850e-02
100000   	1    	7.325390e-02
100000   	2    	7.309760e-02
100000   	3    	6.027240e-02

Maior profundidade das árvores:
n_persons	index	time        	depth
100000   	0    	5.445600e-03	39   
100000   	1    	4.626800e-03	35   
100000   	2    	5.574800e-03	40   
100000   	3    	5.969100e-03	41   

Número de nós em cada nível:
n_persons	index	time        	lvl0  	lvl1  	lvl2  	lvl3  	lvl4  	lvl5  	lvl6  	lvl7  	lvl8  	lvl9  	lvl10 	lvl11 	lvl12 	lvl13 	lvl14 	lvl15 	lvl16 	lvl17 	lvl18 	lvl19 	lvl20 	lvl21 	lvl22 	lvl23 	lvl24 	lvl25 	lvl26 	lvl27 	lvl28 	lvl29 	lvl30 	lvl31 	lvl32 	lvl33 	lvl34 	lvl35 	lvl36 	lvl37 	lvl38 	lvl39 	lvl40 	lvl41 
100000   	0    	3.986100e-03	1     	2     	4     	8     	16    	32    	63    	122   	230   	422   	750   	1266  	2021  	3052  	4296  	5679  	7028  	8212  	8966  	9294  	9042  	8426  	7437  	6182  	4974  	3797  	2787  	1977  	1385  	934   	580   	374   	244   	162   	102   	65    	31    	19    	11    	7     	nan   	nan   
100000   	1    	4.463100e-03	1     	2     	4     	8     	16    	32    	63    	121   	218   	388   	663   	1069  	1674  	2522  	3618  	4900  	6338  	7607  	8580  	9196  	9342  	8983  	8144  	7172  	5873  	4516  	3285  	2254  	1456  	922   	521   	281   	129   	62    	30    	10    	nan   	nan   	nan   	nan   	nan   	nan   
100000   	2    	4.556900e-03	1     	2     	4     	8     	16    	32    	64    	123   	235   	435   	772   	1267  	1991  	2798  	3802  	4984  	5990  	6813  	7506  	7914  	8083  	7817  	7410  	6729  	6001  	4980  	3959  	3078  	2293  	1599  	1145  	799   	557   	337   	209   	117   	66    	40    	17    	6     	1     	nan   
100000   	3    	5.232700e-03	1     	2     	4     	8     	16    	32    	62    	111   	191   	318   	523   	833   	1321  	2055  	3039  	4189  	5378  	6578  	7719  	8464  	8849  	8883  	8434  	7673  	6654  	5433  	4229  	3105  	2135  	1448  	962   	611   	351   	179   	96    	59    	25    	17    	8     	3     	1     	1     

