Criação das árvores ordenadas:
n_persons	index	time        
100000   	0    	5.322860e-02
100000   	1    	6.403210e-02
100000   	2    	5.921210e-02
100000   	3    	4.693960e-02

Procura de nós nas árvores:
n_persons	index	time        
100000   	0    	5.573030e-02
100000   	1    	7.478340e-02
100000   	2    	7.496900e-02
100000   	3    	5.347960e-02

Maior profundidade das árvores:
n_persons	index	time        	depth
100000   	0    	5.257100e-03	41   
100000   	1    	5.370400e-03	36   
100000   	2    	5.123700e-03	39   
100000   	3    	4.980400e-03	38   

Número de nós em cada nível:
n_persons	index	time        	lvl0  	lvl1  	lvl2  	lvl3  	lvl4  	lvl5  	lvl6  	lvl7  	lvl8  	lvl9  	lvl10 	lvl11 	lvl12 	lvl13 	lvl14 	lvl15 	lvl16 	lvl17 	lvl18 	lvl19 	lvl20 	lvl21 	lvl22 	lvl23 	lvl24 	lvl25 	lvl26 	lvl27 	lvl28 	lvl29 	lvl30 	lvl31 	lvl32 	lvl33 	lvl34 	lvl35 	lvl36 	lvl37 	lvl38 	lvl39 	lvl40 	lvl41 
100000   	0    	4.088900e-03	1     	2     	4     	8     	16    	32    	64    	126   	244   	460   	831   	1402  	2267  	3384  	4802  	6365  	7785  	8856  	9509  	9595  	8981  	8080  	6761  	5491  	4279  	3202  	2310  	1568  	1115  	766   	558   	361   	247   	166   	118   	91    	59    	45    	30    	12    	6     	1     
100000   	1    	4.606400e-03	1     	2     	4     	8     	16    	32    	64    	128   	248   	470   	867   	1499  	2404  	3645  	5111  	6686  	8217  	9350  	9882  	9864  	9240  	8154  	6765  	5350  	4039  	2880  	1988  	1316  	791   	460   	258   	141   	75    	30    	10    	4     	1     	nan   	nan   	nan   	nan   	nan   
100000   	2    	4.531900e-03	1     	2     	4     	8     	16    	32    	64    	122   	229   	422   	717   	1194  	1915  	2811  	3749  	4742  	5744  	6672  	7327  	7773  	7958  	7847  	7623  	7070  	6315  	5328  	4183  	3263  	2364  	1679  	1129  	727   	455   	270   	132   	64    	25    	16    	6     	2     	nan   	nan   
100000   	3    	4.447800e-03	1     	2     	4     	8     	16    	32    	60    	116   	218   	395   	657   	1077  	1640  	2430  	3474  	4689  	5958  	7284  	8433  	9105  	9310  	9070  	8338  	7186  	5919  	4515  	3241  	2324  	1624  	1101  	708   	457   	295   	174   	85    	37    	13    	3     	1     	nan   	nan   	nan   

