Criação das árvores ordenadas:
n_persons	index	time        
100000   	0    	6.265310e-02
100000   	1    	6.760280e-02
100000   	2    	5.899130e-02
100000   	3    	5.181790e-02

Procura de nós nas árvores:
n_persons	index	time        
100000   	0    	1.155830e-01
100000   	1    	9.822170e-02
100000   	2    	7.806020e-02
100000   	3    	5.769130e-02

Maior profundidade das árvores:
n_persons	index	time        	depth
100000   	0    	5.190300e-03	37   
100000   	1    	6.018400e-03	38   
100000   	2    	6.870800e-03	34   
100000   	3    	6.202200e-03	39   

Número de nós em cada nível:
n_persons	index	time        	lvl0  	lvl1  	lvl2  	lvl3  	lvl4  	lvl5  	lvl6  	lvl7  	lvl8  	lvl9  	lvl10 	lvl11 	lvl12 	lvl13 	lvl14 	lvl15 	lvl16 	lvl17 	lvl18 	lvl19 	lvl20 	lvl21 	lvl22 	lvl23 	lvl24 	lvl25 	lvl26 	lvl27 	lvl28 	lvl29 	lvl30 	lvl31 	lvl32 	lvl33 	lvl34 	lvl35 	lvl36 	lvl37 	lvl38 	lvl39 
100000   	0    	4.130500e-03	1     	2     	4     	8     	16    	32    	59    	116   	217   	392   	677   	1116  	1735  	2500  	3373  	4534  	5619  	6852  	7925  	8619  	8857  	8720  	8211  	7478  	6395  	5099  	3812  	2703  	1872  	1239  	786   	477   	283   	152   	66    	35    	11    	7     	nan   	nan   
100000   	1    	4.187400e-03	1     	2     	4     	8     	16    	31    	61    	111   	205   	382   	658   	1103  	1770  	2656  	3781  	5146  	6532  	7821  	8760  	9411  	9559  	9107  	8341  	7020  	5595  	4125  	2858  	1958  	1206  	786   	467   	267   	142   	72    	24    	8     	3     	2     	1     	nan   
100000   	2    	4.880500e-03	1     	2     	4     	8     	16    	32    	64    	127   	245   	444   	768   	1300  	2057  	3083  	4368  	5787  	7220  	8364  	9155  	9562  	9344  	8680  	7664  	6375  	5119  	3762  	2640  	1710  	993   	574   	296   	141   	58    	28    	9     	nan   	nan   	nan   	nan   	nan   
100000   	3    	8.309400e-03	1     	2     	4     	8     	16    	31    	61    	119   	226   	417   	750   	1250  	1973  	3009  	4241  	5615  	6901  	8135  	8859  	9141  	9065  	8467  	7548  	6373  	5203  	4048  	2969  	2142  	1428  	871   	516   	298   	154   	85    	42    	17    	9     	2     	3     	1     

