Criação das árvores ordenadas:
n_persons	index	time        
100000   	0    	5.247130e-02
100000   	1    	6.396100e-02
100000   	2    	5.456860e-02
100000   	3    	4.690650e-02

Procura de nós nas árvores:
n_persons	index	time        
100000   	0    	5.578160e-02
100000   	1    	6.747270e-02
100000   	2    	5.781630e-02
100000   	3    	5.132450e-02

Maior profundidade das árvores:
n_persons	index	time        	depth
100000   	0    	4.411200e-03	39   
100000   	1    	4.469400e-03	38   
100000   	2    	4.851800e-03	40   
100000   	3    	5.029100e-03	41   

Número de nós em cada nível:
n_persons	index	time        	lvl0  	lvl1  	lvl2  	lvl3  	lvl4  	lvl5  	lvl6  	lvl7  	lvl8  	lvl9  	lvl10 	lvl11 	lvl12 	lvl13 	lvl14 	lvl15 	lvl16 	lvl17 	lvl18 	lvl19 	lvl20 	lvl21 	lvl22 	lvl23 	lvl24 	lvl25 	lvl26 	lvl27 	lvl28 	lvl29 	lvl30 	lvl31 	lvl32 	lvl33 	lvl34 	lvl35 	lvl36 	lvl37 	lvl38 	lvl39 	lvl40 	lvl41 
100000   	0    	4.047600e-03	1     	2     	4     	8     	16    	32    	62    	122   	218   	378   	620   	1021  	1550  	2248  	3087  	4096  	5260  	6394  	7548  	8384  	8904  	9070  	8432  	7612  	6537  	5303  	4159  	3173  	2228  	1467  	926   	508   	290   	163   	86    	40    	22    	12    	12    	5     	nan   	nan   
100000   	1    	3.895800e-03	1     	2     	4     	8     	16    	31    	57    	96    	164   	283   	482   	775   	1255  	1922  	2723  	3596  	4596  	5552  	6431  	7166  	7718  	8108  	8236  	7911  	7376  	6520  	5338  	4234  	3180  	2250  	1540  	1043  	644   	378   	198   	86    	49    	22    	9     	nan   	nan   	nan   
100000   	2    	4.428200e-03	1     	2     	4     	8     	16    	32    	61    	120   	225   	410   	684   	1140  	1796  	2654  	3712  	4963  	6268  	7495  	8580  	9156  	9215  	8766  	7997  	6911  	5741  	4466  	3183  	2222  	1493  	1005  	635   	400   	238   	135   	98    	69    	45    	26    	17    	9     	2     	nan   
100000   	3    	4.686000e-03	1     	2     	4     	8     	16    	32    	64    	126   	245   	465   	832   	1427  	2218  	3204  	4387  	5707  	7009  	8018  	8568  	8740  	8447  	7871  	7007  	6107  	5001  	3933  	2940  	2155  	1593  	1109  	791   	622   	479   	352   	221   	131   	84    	48    	22    	9     	4     	1     

