Criação das árvores ordenadas:
n_persons	index	time        
100000   	0    	5.791630e-02
100000   	1    	6.168860e-02
100000   	2    	5.472180e-02
100000   	3    	4.657460e-02

Procura de nós nas árvores:
n_persons	index	time        
100000   	0    	5.843610e-02
100000   	1    	7.804380e-02
100000   	2    	5.906090e-02
100000   	3    	5.278280e-02

Maior profundidade das árvores:
n_persons	index	time        	depth
100000   	0    	4.461400e-03	39   
100000   	1    	4.406300e-03	40   
100000   	2    	4.795300e-03	41   
100000   	3    	5.346900e-03	39   

Número de nós em cada nível:
n_persons	index	time        	lvl0  	lvl1  	lvl2  	lvl3  	lvl4  	lvl5  	lvl6  	lvl7  	lvl8  	lvl9  	lvl10 	lvl11 	lvl12 	lvl13 	lvl14 	lvl15 	lvl16 	lvl17 	lvl18 	lvl19 	lvl20 	lvl21 	lvl22 	lvl23 	lvl24 	lvl25 	lvl26 	lvl27 	lvl28 	lvl29 	lvl30 	lvl31 	lvl32 	lvl33 	lvl34 	lvl35 	lvl36 	lvl37 	lvl38 	lvl39 	lvl40 	lvl41 
100000   	0    	3.998500e-03	1     	2     	4     	8     	16    	31    	61    	118   	219   	413   	712   	1180  	1891  	2842  	3952  	5126  	6274  	7324  	8142  	8595  	8695  	8354  	7760  	6866  	5821  	4692  	3625  	2605  	1808  	1186  	718   	441   	243   	143   	68    	32    	18    	8     	5     	1     	nan   	nan   
100000   	1    	4.020900e-03	1     	2     	4     	8     	16    	32    	64    	126   	249   	479   	857   	1440  	2242  	3356  	4613  	5944  	7213  	8344  	8895  	9025  	8550  	7830  	6918  	5803  	4767  	3741  	2881  	2164  	1531  	1021  	693   	449   	283   	195   	130   	76    	35    	13    	6     	3     	1     	nan   
100000   	2    	4.536800e-03	1     	2     	4     	8     	16    	32    	64    	127   	240   	436   	754   	1250  	1928  	2843  	3902  	5050  	6162  	7153  	7819  	8241  	8330  	8244  	7608  	6695  	5785  	4768  	3769  	2895  	2107  	1452  	966   	577   	338   	179   	108   	61    	34    	24    	13    	8     	5     	2     
100000   	3    	4.910700e-03	1     	2     	4     	8     	16    	32    	63    	124   	232   	427   	777   	1300  	2084  	3098  	4388  	5769  	7096  	8215  	9048  	9281  	9161  	8271  	7328  	6028  	4791  	3716  	2707  	1894  	1394  	961   	664   	446   	253   	177   	107   	70    	39    	21    	6     	1     	nan   	nan   

