Criação das árvores ordenadas:
n_persons	index	time        
100000   	0    	7.454830e-02
100000   	1    	8.866800e-02
100000   	2    	8.638300e-02
100000   	3    	6.978310e-02

Procura de nós nas árvores:
n_persons	index	time        
100000   	0    	7.894090e-02
100000   	1    	8.772180e-02
100000   	2    	7.973330e-02
100000   	3    	7.031230e-02

Maior profundidade das árvores:
n_persons	index	time        	depth
100000   	0    	6.008600e-03	37   
100000   	1    	6.259900e-03	39   
100000   	2    	5.377700e-03	38   
100000   	3    	7.435000e-03	39   

Número de nós em cada nível:
n_persons	index	time        	lvl0  	lvl1  	lvl2  	lvl3  	lvl4  	lvl5  	lvl6  	lvl7  	lvl8  	lvl9  	lvl10 	lvl11 	lvl12 	lvl13 	lvl14 	lvl15 	lvl16 	lvl17 	lvl18 	lvl19 	lvl20 	lvl21 	lvl22 	lvl23 	lvl24 	lvl25 	lvl26 	lvl27 	lvl28 	lvl29 	lvl30 	lvl31 	lvl32 	lvl33 	lvl34 	lvl35 	lvl36 	lvl37 	lvl38 	lvl39 
100000   	0    	5.683100e-03	1     	2     	4     	8     	16    	31    	61    	117   	220   	409   	697   	1135  	1777  	2672  	3706  	4948  	6266  	7501  	8412  	9074  	9238  	8879  	8171  	7000  	5901  	4630  	3368  	2331  	1423  	890   	524   	304   	154   	72    	28    	17    	10    	3     	nan   	nan   
100000   	1    	4.685100e-03	1     	2     	4     	8     	16    	32    	61    	116   	217   	402   	704   	1170  	1848  	2752  	3831  	4990  	6153  	7176  	8009  	8306  	8397  	8103  	7485  	6625  	5657  	4683  	3848  	2989  	2184  	1535  	1032  	642   	424   	267   	151   	93    	37    	30    	15    	5     
100000   	2    	6.136200e-03	1     	2     	4     	8     	16    	32    	64    	125   	237   	418   	737   	1194  	1853  	2658  	3563  	4617  	5711  	6719  	7548  	8139  	8464  	8463  	8196  	7541  	6395  	5221  	4080  	2931  	1935  	1275  	827   	469   	281   	146   	74    	35    	14    	6     	1     	nan   
100000   	3    	5.392500e-03	1     	2     	4     	8     	16    	32    	64    	125   	225   	391   	661   	1104  	1753  	2642  	3819  	5074  	6380  	7626  	8615  	9127  	9271  	8900  	8019  	6824  	5501  	4291  	3213  	2248  	1603  	1028  	628   	376   	193   	109   	65    	35    	20    	4     	1     	2     

