Criação das árvores ordenadas:
n_persons	index	time        
100000   	0    	5.658080e-02
100000   	1    	8.021230e-02
100000   	2    	6.497860e-02
100000   	3    	7.078910e-02

Procura de nós nas árvores:
n_persons	index	time        
100000   	0    	6.201940e-02
100000   	1    	7.818260e-02
100000   	2    	6.253070e-02
100000   	3    	5.780590e-02

Maior profundidade das árvores:
n_persons	index	time        	depth
100000   	0    	4.335000e-03	40   
100000   	1    	7.484600e-03	40   
100000   	2    	5.916300e-03	40   
100000   	3    	5.198300e-03	42   

Número de nós em cada nível:
n_persons	index	time        	lvl0  	lvl1  	lvl2  	lvl3  	lvl4  	lvl5  	lvl6  	lvl7  	lvl8  	lvl9  	lvl10 	lvl11 	lvl12 	lvl13 	lvl14 	lvl15 	lvl16 	lvl17 	lvl18 	lvl19 	lvl20 	lvl21 	lvl22 	lvl23 	lvl24 	lvl25 	lvl26 	lvl27 	lvl28 	lvl29 	lvl30 	lvl31 	lvl32 	lvl33 	lvl34 	lvl35 	lvl36 	lvl37 	lvl38 	lvl39 	lvl40 	lvl41 	lvl42 
100000   	0    	5.095200e-03	1     	2     	4     	8     	16    	32    	63    	123   	230   	419   	738   	1215  	1940  	2892  	4159  	5541  	6814  	7871  	8692  	8998  	8769  	8184  	7183  	6220  	5269  	4133  	3172  	2373  	1756  	1239  	807   	497   	293   	168   	93    	46    	22    	11    	5     	1     	1     	nan   	nan   
100000   	1    	4.512200e-03	1     	2     	4     	8     	15    	25    	46    	82    	150   	271   	493   	854   	1424  	2209  	3255  	4571  	5913  	7166  	8169  	8850  	8990  	8727  	8130  	7192  	6189  	4946  	3877  	2919  	2100  	1355  	852   	523   	308   	159   	97    	59    	32    	20    	11    	5     	1     	nan   	nan   
100000   	2    	4.901000e-03	1     	2     	4     	8     	16    	32    	64    	127   	241   	440   	763   	1221  	1869  	2675  	3616  	4739  	5980  	7115  	8082  	8707  	8988  	8679  	8031  	7072  	5874  	4654  	3527  	2432  	1694  	1178  	805   	507   	324   	225   	147   	78    	44    	22    	9     	7     	1     	nan   	nan   
100000   	3    	7.960300e-03	1     	2     	4     	8     	16    	29    	57    	113   	218   	412   	728   	1249  	1986  	3027  	4330  	5691  	7016  	8063  	8665  	8945  	8587  	7907  	6937  	5887  	4886  	3994  	3207  	2489  	1865  	1285  	895   	567   	352   	207   	137   	85    	56    	43    	28    	17    	5     	3     	1     

