Criação das árvores ordenadas:
n_persons	index	time        
100000   	0    	8.464770e-02
100000   	1    	1.024171e-01
100000   	2    	9.530350e-02
100000   	3    	1.093295e-01

Procura de nós nas árvores:
n_persons	index	time        
100000   	0    	1.351852e-01
100000   	1    	9.878930e-02
100000   	2    	1.632135e-01
100000   	3    	9.804240e-02

Maior profundidade das árvores:
n_persons	index	time        	depth
100000   	0    	5.117500e-03	41   
100000   	1    	5.818100e-03	40   
100000   	2    	6.094700e-03	37   
100000   	3    	5.568500e-03	39   

Número de nós em cada nível:
n_persons	index	time        	lvl0  	lvl1  	lvl2  	lvl3  	lvl4  	lvl5  	lvl6  	lvl7  	lvl8  	lvl9  	lvl10 	lvl11 	lvl12 	lvl13 	lvl14 	lvl15 	lvl16 	lvl17 	lvl18 	lvl19 	lvl20 	lvl21 	lvl22 	lvl23 	lvl24 	lvl25 	lvl26 	lvl27 	lvl28 	lvl29 	lvl30 	lvl31 	lvl32 	lvl33 	lvl34 	lvl35 	lvl36 	lvl37 	lvl38 	lvl39 	lvl40 	lvl41 
100000   	0    	5.242000e-03	1     	2     	4     	8     	16    	32    	64    	123   	231   	414   	712   	1126  	1770  	2570  	3518  	4627  	5779  	6833  	7775  	8356  	8606  	8478  	7793  	6901  	5853  	4811  	3822  	2961  	2216  	1595  	1112  	753   	487   	308   	182   	86    	36    	20    	12    	4     	2     	1     
100000   	1    	4.716400e-03	1     	2     	4     	8     	16    	32    	64    	125   	232   	432   	755   	1233  	1898  	2820  	3852  	5047  	6256  	7387  	8401  	8918  	9024  	8861  	8086  	6947  	5762  	4534  	3330  	2310  	1469  	887   	546   	347   	206   	117   	58    	17    	9     	4     	1     	1     	1     	nan   
100000   	2    	5.290800e-03	1     	2     	4     	8     	16    	32    	64    	120   	223   	400   	701   	1163  	1765  	2584  	3641  	4841  	6124  	7393  	8565  	9106  	9348  	8974  	8298  	7142  	5819  	4509  	3324  	2265  	1508  	913   	555   	286   	157   	86    	37    	18    	7     	1     	nan   	nan   	nan   	nan   
100000   	3    	7.644800e-03	1     	2     	4     	8     	16    	32    	62    	120   	231   	436   	753   	1231  	1902  	2755  	3776  	4936  	6082  	7081  	7804  	8310  	8446  	8279  	7744  	6862  	5910  	4780  	3827  	2894  	2125  	1441  	923   	564   	302   	169   	108   	48    	19    	8     	7     	2     	nan   	nan   

