Criação das árvores ordenadas:
n_persons	index	time        
100000   	0    	5.052090e-02
100000   	1    	6.256240e-02
100000   	2    	5.413100e-02
100000   	3    	4.796850e-02

Procura de nós nas árvores:
n_persons	index	time        
100000   	0    	5.338970e-02
100000   	1    	6.572960e-02
100000   	2    	5.872990e-02
100000   	3    	4.802250e-02

Maior profundidade das árvores:
n_persons	index	time        	depth
100000   	0    	4.699100e-03	37   
100000   	1    	4.578700e-03	41   
100000   	2    	4.846900e-03	40   
100000   	3    	5.266700e-03	41   

Número de nós em cada nível:
n_persons	index	time        	lvl0  	lvl1  	lvl2  	lvl3  	lvl4  	lvl5  	lvl6  	lvl7  	lvl8  	lvl9  	lvl10 	lvl11 	lvl12 	lvl13 	lvl14 	lvl15 	lvl16 	lvl17 	lvl18 	lvl19 	lvl20 	lvl21 	lvl22 	lvl23 	lvl24 	lvl25 	lvl26 	lvl27 	lvl28 	lvl29 	lvl30 	lvl31 	lvl32 	lvl33 	lvl34 	lvl35 	lvl36 	lvl37 	lvl38 	lvl39 	lvl40 	lvl41 
100000   	0    	4.007800e-03	1     	2     	4     	8     	16    	32    	64    	126   	240   	441   	798   	1313  	2140  	3271  	4562  	6017  	7391  	8537  	9274  	9575  	9246  	8433  	7329  	6067  	4831  	3563  	2505  	1647  	1084  	690   	374   	204   	101   	57    	28    	18    	10    	1     	nan   	nan   	nan   	nan   
100000   	1    	3.897100e-03	1     	2     	4     	8     	16    	32    	64    	126   	241   	449   	777   	1312  	2104  	3121  	4296  	5724  	7053  	8200  	8993  	9293  	9220  	8555  	7525  	6315  	4970  	3818  	2739  	1896  	1277  	833   	476   	278   	144   	69    	37    	15    	9     	3     	2     	1     	1     	1     
100000   	2    	4.547700e-03	1     	2     	4     	8     	16    	32    	64    	127   	240   	442   	760   	1226  	1881  	2694  	3658  	4704  	5912  	7051  	7899  	8554  	8717  	8375  	7760  	6820  	5754  	4734  	3687  	2775  	2013  	1476  	1029  	658   	405   	219   	131   	94    	42    	26    	7     	2     	1     	nan   
100000   	3    	4.697000e-03	1     	2     	4     	8     	16    	32    	63    	123   	228   	393   	646   	986   	1514  	2147  	2964  	3830  	4847  	5779  	6708  	7313  	7738  	7821  	7549  	7043  	6374  	5622  	4795  	4019  	3243  	2494  	1877  	1357  	890   	604   	391   	256   	169   	85    	42    	19    	7     	1     

