Criação das árvores ordenadas:
n_persons	index	time        
100000   	0    	4.999900e-02
100000   	1    	6.198370e-02
100000   	2    	6.291720e-02
100000   	3    	5.115990e-02

Procura de nós nas árvores:
n_persons	index	time        
100000   	0    	5.655320e-02
100000   	1    	7.222380e-02
100000   	2    	6.775480e-02
100000   	3    	5.868520e-02

Maior profundidade das árvores:
n_persons	index	time        	depth
100000   	0    	4.348000e-03	38   
100000   	1    	4.329800e-03	38   
100000   	2    	6.501000e-03	38   
100000   	3    	5.321600e-03	43   

Número de nós em cada nível:
n_persons	index	time        	lvl0  	lvl1  	lvl2  	lvl3  	lvl4  	lvl5  	lvl6  	lvl7  	lvl8  	lvl9  	lvl10 	lvl11 	lvl12 	lvl13 	lvl14 	lvl15 	lvl16 	lvl17 	lvl18 	lvl19 	lvl20 	lvl21 	lvl22 	lvl23 	lvl24 	lvl25 	lvl26 	lvl27 	lvl28 	lvl29 	lvl30 	lvl31 	lvl32 	lvl33 	lvl34 	lvl35 	lvl36 	lvl37 	lvl38 	lvl39 	lvl40 	lvl41 	lvl42 	lvl43 
100000   	0    	3.942300e-03	1     	2     	4     	8     	16    	32    	64    	125   	233   	405   	711   	1112  	1663  	2356  	3191  	4149  	5213  	6344  	7336  	8188  	8600  	8571  	8274  	7599  	6549  	5334  	4131  	3091  	2225  	1549  	1021  	687   	489   	328   	205   	119   	55    	15    	5     	nan   	nan   	nan   	nan   	nan   
100000   	1    	3.763700e-03	1     	2     	4     	8     	15    	30    	60    	113   	201   	353   	599   	977   	1539  	2319  	3292  	4497  	5805  	6978  	8141  	8782  	9072  	8738  	8027  	7137  	6130  	4904  	3876  	2858  	1992  	1390  	882   	553   	321   	186   	118   	61    	28    	9     	2     	nan   	nan   	nan   	nan   	nan   
100000   	2    	5.082600e-03	1     	2     	4     	8     	16    	32    	64    	128   	246   	450   	791   	1334  	2095  	3073  	4250  	5493  	6616  	7471  	8001  	8124  	7978  	7591  	6980  	6373  	5623  	4804  	3845  	2844  	2119  	1460  	935   	587   	315   	169   	87    	53    	29    	5     	4     	nan   	nan   	nan   	nan   	nan   
100000   	3    	4.493000e-03	1     	2     	4     	8     	16    	32    	60    	106   	184   	308   	510   	834   	1354  	2082  	3013  	4132  	5297  	6532  	7633  	8458  	8824  	8695  	8359  	7601  	6534  	5375  	4131  	3033  	2125  	1547  	1115  	750   	528   	332   	218   	125   	64    	28    	20    	15    	8     	4     	2     	1     

