Criação das árvores ordenadas:
n_persons	index	time        
100000   	0    	5.260230e-02
100000   	1    	6.401180e-02
100000   	2    	5.751820e-02
100000   	3    	4.936030e-02

Procura de nós nas árvores:
n_persons	index	time        
100000   	0    	5.264380e-02
100000   	1    	6.056210e-02
100000   	2    	5.624350e-02
100000   	3    	4.864420e-02

Maior profundidade das árvores:
n_persons	index	time        	depth
100000   	0    	4.660000e-03	46   
100000   	1    	4.671100e-03	39   
100000   	2    	5.253900e-03	44   
100000   	3    	5.428200e-03	45   

Número de nós em cada nível:
n_persons	index	time        	lvl0  	lvl1  	lvl2  	lvl3  	lvl4  	lvl5  	lvl6  	lvl7  	lvl8  	lvl9  	lvl10 	lvl11 	lvl12 	lvl13 	lvl14 	lvl15 	lvl16 	lvl17 	lvl18 	lvl19 	lvl20 	lvl21 	lvl22 	lvl23 	lvl24 	lvl25 	lvl26 	lvl27 	lvl28 	lvl29 	lvl30 	lvl31 	lvl32 	lvl33 	lvl34 	lvl35 	lvl36 	lvl37 	lvl38 	lvl39 	lvl40 	lvl41 	lvl42 	lvl43 	lvl44 	lvl45 	lvl46 
100000   	0    	3.989900e-03	1     	2     	4     	8     	16    	32    	64    	124   	235   	437   	776   	1257  	1998  	2910  	4041  	5256  	6432  	7392  	8183  	8646  	8588  	8218  	7579  	6552  	5405  	4256  	3241  	2432  	1785  	1216  	845   	600   	451   	294   	199   	123   	99    	84    	56    	42    	39    	38    	21    	11    	8     	2     	2     
100000   	1    	4.097100e-03	1     	2     	4     	8     	16    	32    	64    	126   	244   	459   	818   	1398  	2198  	3281  	4529  	5842  	7156  	8310  	9026  	9312  	9022  	8340  	7282  	6250  	4881  	3613  	2627  	1867  	1285  	859   	527   	304   	154   	77    	50    	22    	5     	2     	4     	3     	nan   	nan   	nan   	nan   	nan   	nan   	nan   
100000   	2    	4.434700e-03	1     	2     	4     	8     	16    	31    	61    	118   	229   	423   	733   	1197  	1866  	2749  	3747  	4788  	5883  	6776  	7539  	8080  	8301  	8024  	7273  	6547  	5521  	4552  	3764  	2917  	2269  	1788  	1340  	1022  	747   	528   	423   	287   	195   	109   	65    	37    	20    	13    	5     	1     	1     	nan   	nan   
100000   	3    	4.512300e-03	1     	2     	4     	8     	16    	32    	64    	127   	248   	477   	842   	1402  	2138  	3050  	4050  	5119  	6046  	6789  	7317  	7544  	7457  	7153  	6666  	6044  	5342  	4680  	3996  	3311  	2618  	2050  	1582  	1147  	820   	561   	374   	273   	200   	144   	89    	67    	56    	42    	26    	15    	7     	4     	nan   

