Criação das árvores ordenadas:
n_persons	index	time        
100000   	0    	5.608080e-02
100000   	1    	6.125040e-02
100000   	2    	6.226750e-02
100000   	3    	5.177320e-02

Procura de nós nas árvores:
n_persons	index	time        
100000   	0    	5.589210e-02
100000   	1    	8.900400e-02
100000   	2    	6.104470e-02
100000   	3    	5.322110e-02

Maior profundidade das árvores:
n_persons	index	time        	depth
100000   	0    	4.835300e-03	42   
100000   	1    	5.309100e-03	39   
100000   	2    	5.122700e-03	40   
100000   	3    	5.269600e-03	39   

Número de nós em cada nível:
n_persons	index	time        	lvl0  	lvl1  	lvl2  	lvl3  	lvl4  	lvl5  	lvl6  	lvl7  	lvl8  	lvl9  	lvl10 	lvl11 	lvl12 	lvl13 	lvl14 	lvl15 	lvl16 	lvl17 	lvl18 	lvl19 	lvl20 	lvl21 	lvl22 	lvl23 	lvl24 	lvl25 	lvl26 	lvl27 	lvl28 	lvl29 	lvl30 	lvl31 	lvl32 	lvl33 	lvl34 	lvl35 	lvl36 	lvl37 	lvl38 	lvl39 	lvl40 	lvl41 	lvl42 
100000   	0    	3.989000e-03	1     	2     	4     	8     	16    	31    	62    	122   	223   	391   	599   	943   	1419  	2077  	2923  	3904  	4917  	5957  	6818  	7389  	7673  	7677  	7582  	7229  	6521  	5709  	4910  	4116  	3222  	2392  	1777  	1242  	864   	569   	319   	174   	93    	62    	30    	16    	7     	6     	4     
100000   	1    	3.809100e-03	1     	2     	4     	8     	16    	32    	63    	122   	231   	426   	745   	1254  	1965  	2861  	4016  	5252  	6416  	7463  	8363  	8845  	8729  	8328  	7642  	6659  	5476  	4431  	3441  	2538  	1756  	1174  	735   	459   	262   	142   	79    	34    	20    	8     	1     	1     	nan   	nan   	nan   
100000   	2    	4.304000e-03	1     	2     	4     	8     	16    	32    	64    	124   	233   	415   	721   	1196  	1843  	2724  	3771  	4932  	6091  	7266  	8152  	8667  	8866  	8684  	7863  	6903  	5777  	4616  	3495  	2567  	1831  	1228  	742   	469   	284   	185   	112   	53    	34    	14    	11    	2     	2     	nan   	nan   
100000   	3    	4.251100e-03	1     	2     	4     	8     	16    	32    	63    	117   	221   	391   	677   	1119  	1775  	2638  	3669  	4903  	6114  	7141  	7898  	8378  	8518  	8243  	7686  	6976  	6083  	4905  	3896  	2926  	2047  	1462  	956   	564   	298   	139   	71    	33    	18    	9     	2     	1     	nan   	nan   	nan   

