Criação das árvores ordenadas:
n_persons	index	time        
100000   	0    	5.694370e-02
100000   	1    	6.303790e-02
100000   	2    	5.528020e-02
100000   	3    	4.983740e-02

Procura de nós nas árvores:
n_persons	index	time        
100000   	0    	5.570370e-02
100000   	1    	6.268690e-02
100000   	2    	5.894750e-02
100000   	3    	4.897400e-02

Maior profundidade das árvores:
n_persons	index	time        	depth
100000   	0    	4.475700e-03	43   
100000   	1    	4.480100e-03	39   
100000   	2    	4.954900e-03	38   
100000   	3    	5.150900e-03	42   

Número de nós em cada nível:
n_persons	index	time        	lvl0  	lvl1  	lvl2  	lvl3  	lvl4  	lvl5  	lvl6  	lvl7  	lvl8  	lvl9  	lvl10 	lvl11 	lvl12 	lvl13 	lvl14 	lvl15 	lvl16 	lvl17 	lvl18 	lvl19 	lvl20 	lvl21 	lvl22 	lvl23 	lvl24 	lvl25 	lvl26 	lvl27 	lvl28 	lvl29 	lvl30 	lvl31 	lvl32 	lvl33 	lvl34 	lvl35 	lvl36 	lvl37 	lvl38 	lvl39 	lvl40 	lvl41 	lvl42 	lvl43 
100000   	0    	3.864500e-03	1     	2     	4     	8     	16    	32    	64    	126   	228   	379   	613   	936   	1362  	1861  	2464  	3192  	4019  	4983  	5982  	6711  	7220  	7597  	7620  	7348  	6873  	6205  	5509  	4788  	3972  	3146  	2331  	1641  	1089  	705   	423   	236   	146   	74    	44    	29    	13    	5     	2     	1     
100000   	1    	4.142600e-03	1     	2     	4     	8     	16    	31    	55    	102   	182   	320   	542   	898   	1400  	2109  	3054  	4187  	5402  	6742  	7855  	8719  	9086  	8879  	8396  	7507  	6350  	5097  	3975  	2939  	2107  	1469  	1030  	678   	383   	239   	130   	58    	27    	13    	7     	1     	nan   	nan   	nan   	nan   
100000   	2    	4.638500e-03	1     	2     	4     	8     	16    	32    	64    	125   	242   	449   	789   	1311  	2026  	2960  	4031  	5120  	6232  	7212  	8014  	8659  	8970  	8734  	8118  	6986  	5728  	4510  	3437  	2381  	1552  	998   	602   	328   	179   	100   	50    	18    	8     	3     	1     	nan   	nan   	nan   	nan   	nan   
100000   	3    	4.378300e-03	1     	2     	4     	8     	16    	32    	64    	124   	233   	423   	720   	1154  	1785  	2566  	3402  	4418  	5430  	6361  	7139  	7640  	7857  	7758  	7350  	6689  	5869  	5131  	4351  	3583  	2843  	2112  	1572  	1105  	783   	500   	344   	247   	158   	104   	61    	37    	15    	7     	2     	nan   

