Criação das árvores ordenadas:
n_persons	index	time        
100000   	0    	7.331820e-02
100000   	1    	6.935390e-02
100000   	2    	5.965250e-02
100000   	3    	5.008470e-02

Procura de nós nas árvores:
n_persons	index	time        
100000   	0    	5.511340e-02
100000   	1    	7.388540e-02
100000   	2    	6.470420e-02
100000   	3    	5.275410e-02

Maior profundidade das árvores:
n_persons	index	time        	depth
100000   	0    	4.624800e-03	39   
100000   	1    	4.602100e-03	39   
100000   	2    	5.896700e-03	38   
100000   	3    	5.617400e-03	43   

Número de nós em cada nível:
n_persons	index	time        	lvl0  	lvl1  	lvl2  	lvl3  	lvl4  	lvl5  	lvl6  	lvl7  	lvl8  	lvl9  	lvl10 	lvl11 	lvl12 	lvl13 	lvl14 	lvl15 	lvl16 	lvl17 	lvl18 	lvl19 	lvl20 	lvl21 	lvl22 	lvl23 	lvl24 	lvl25 	lvl26 	lvl27 	lvl28 	lvl29 	lvl30 	lvl31 	lvl32 	lvl33 	lvl34 	lvl35 	lvl36 	lvl37 	lvl38 	lvl39 	lvl40 	lvl41 	lvl42 	lvl43 
100000   	0    	4.417900e-03	1     	2     	4     	8     	16    	32    	63    	121   	234   	433   	737   	1205  	1880  	2781  	3896  	5268  	6583  	7740  	8627  	9050  	8878  	8293  	7495  	6416  	5363  	4250  	3266  	2408  	1742  	1199  	819   	523   	311   	185   	96    	44    	20    	8     	2     	1     	nan   	nan   	nan   	nan   
100000   	1    	4.142500e-03	1     	2     	4     	8     	16    	32    	63    	119   	210   	373   	631   	1009  	1556  	2288  	3266  	4314  	5552  	6704  	7602  	8240  	8473  	8430  	7981  	7216  	6163  	5170  	4168  	3212  	2423  	1684  	1152  	750   	499   	307   	200   	98    	46    	21    	14    	3     	nan   	nan   	nan   	nan   
100000   	2    	6.119400e-03	1     	2     	4     	8     	16    	31    	57    	98    	172   	287   	477   	734   	1087  	1629  	2292  	3156  	4174  	5477  	6859  	8148  	9108  	9401  	9302  	8804  	7628  	6185  	4899  	3550  	2469  	1623  	1026  	637   	345   	188   	81    	32    	10    	2     	1     	nan   	nan   	nan   	nan   	nan   
100000   	3    	4.503400e-03	1     	2     	4     	8     	16    	32    	63    	123   	236   	438   	762   	1258  	1970  	2920  	4122  	5432  	6797  	8049  	8955  	9395  	9220  	8519  	7532  	6315  	4990  	3847  	2866  	2061  	1433  	951   	634   	392   	254   	158   	98    	57    	35    	17    	19    	7     	4     	4     	3     	1     

