Criação das árvores ordenadas:
n_persons	index	time        
100000   	0    	9.385220e-02
100000   	1    	1.279710e-01
100000   	2    	5.955830e-02
100000   	3    	4.880620e-02

Procura de nós nas árvores:
n_persons	index	time        
100000   	0    	5.787280e-02
100000   	1    	6.746940e-02
100000   	2    	5.930850e-02
100000   	3    	5.734930e-02

Maior profundidade das árvores:
n_persons	index	time        	depth
100000   	0    	4.519300e-03	40   
100000   	1    	4.360300e-03	39   
100000   	2    	4.950000e-03	39   
100000   	3    	4.994600e-03	36   

Número de nós em cada nível:
n_persons	index	time        	lvl0  	lvl1  	lvl2  	lvl3  	lvl4  	lvl5  	lvl6  	lvl7  	lvl8  	lvl9  	lvl10 	lvl11 	lvl12 	lvl13 	lvl14 	lvl15 	lvl16 	lvl17 	lvl18 	lvl19 	lvl20 	lvl21 	lvl22 	lvl23 	lvl24 	lvl25 	lvl26 	lvl27 	lvl28 	lvl29 	lvl30 	lvl31 	lvl32 	lvl33 	lvl34 	lvl35 	lvl36 	lvl37 	lvl38 	lvl39 	lvl40 
100000   	0    	4.003500e-03	1     	2     	4     	8     	16    	32    	64    	128   	241   	432   	758   	1259  	1944  	2847  	3943  	5118  	6226  	7192  	7889  	8205  	8284  	7993  	7315  	6449  	5471  	4487  	3548  	2802  	2277  	1640  	1158  	859   	564   	362   	229   	122   	70    	40    	14    	6     	1     
100000   	1    	4.118000e-03	1     	2     	4     	8     	16    	31    	58    	103   	173   	305   	512   	788   	1182  	1745  	2492  	3464  	4605  	5839  	7007  	8028  	8920  	9146  	9030  	8366  	7269  	5918  	4615  	3412  	2393  	1716  	1180  	735   	423   	252   	124   	71    	36    	16    	11    	4     	nan   
100000   	2    	4.368100e-03	1     	2     	4     	8     	16    	32    	64    	125   	239   	422   	712   	1164  	1813  	2669  	3659  	4839  	6073  	7209  	8117  	8545  	8655  	8413  	7796  	6921  	5953  	4805  	3766  	2820  	2007  	1341  	819   	490   	256   	112   	70    	34    	17    	6     	4     	2     	nan   
100000   	3    	4.780300e-03	1     	2     	4     	8     	16    	32    	63    	123   	232   	423   	726   	1175  	1818  	2630  	3668  	4850  	6167  	7388  	8412  	8982  	9179  	8866  	8102  	7118  	5993  	4754  	3437  	2309  	1481  	939   	540   	300   	151   	69    	26    	14    	2     	nan   	nan   	nan   	nan   

