Criação das árvores ordenadas:
n_persons	index	time        
100000   	0    	5.379920e-02
100000   	1    	6.428710e-02
100000   	2    	5.599690e-02
100000   	3    	5.054490e-02

Procura de nós nas árvores:
n_persons	index	time        
100000   	0    	5.152550e-02
100000   	1    	6.087890e-02
100000   	2    	5.807700e-02
100000   	3    	5.328170e-02

Maior profundidade das árvores:
n_persons	index	time        	depth
100000   	0    	4.348200e-03	37   
100000   	1    	4.754600e-03	39   
100000   	2    	4.824500e-03	40   
100000   	3    	5.063900e-03	39   

Número de nós em cada nível:
n_persons	index	time        	lvl0  	lvl1  	lvl2  	lvl3  	lvl4  	lvl5  	lvl6  	lvl7  	lvl8  	lvl9  	lvl10 	lvl11 	lvl12 	lvl13 	lvl14 	lvl15 	lvl16 	lvl17 	lvl18 	lvl19 	lvl20 	lvl21 	lvl22 	lvl23 	lvl24 	lvl25 	lvl26 	lvl27 	lvl28 	lvl29 	lvl30 	lvl31 	lvl32 	lvl33 	lvl34 	lvl35 	lvl36 	lvl37 	lvl38 	lvl39 	lvl40 
100000   	0    	4.206100e-03	1     	2     	4     	8     	16    	32    	64    	125   	237   	419   	711   	1144  	1731  	2469  	3451  	4495  	5597  	6783  	7792  	8327  	8639  	8611  	8264  	7420  	6295  	5136  	3972  	2882  	2034  	1355  	874   	524   	284   	147   	93    	41    	16    	5     	nan   	nan   	nan   
100000   	1    	3.973300e-03	1     	2     	4     	8     	16    	32    	64    	126   	241   	456   	806   	1360  	2147  	3169  	4383  	5763  	7195  	8462  	9407  	9840  	9627  	8837  	7635  	6136  	4705  	3378  	2410  	1577  	996   	587   	334   	163   	77    	34    	12    	5     	2     	1     	1     	1     	nan   
100000   	2    	4.887100e-03	1     	2     	4     	8     	16    	32    	64    	126   	241   	435   	713   	1085  	1558  	2154  	2847  	3712  	4694  	5728  	6736  	7525  	8147  	8453  	8202  	7559  	6734  	5840  	4816  	3743  	2873  	2028  	1431  	961   	630   	379   	229   	133   	77    	46    	26    	10    	2     
100000   	3    	4.517000e-03	1     	2     	4     	8     	16    	32    	63    	122   	229   	404   	665   	1062  	1576  	2273  	2990  	3798  	4703  	5587  	6380  	7099  	7729  	7931  	7793  	7404  	6704  	5963  	5054  	4103  	3198  	2329  	1673  	1207  	824   	516   	286   	160   	73    	27    	9     	3     	nan   

