Criação das árvores ordenadas:
n_persons	index	time        
100000   	0    	5.133370e-02
100000   	1    	6.504980e-02
100000   	2    	5.417630e-02
100000   	3    	4.699210e-02

Procura de nós nas árvores:
n_persons	index	time        
100000   	0    	5.726550e-02
100000   	1    	7.057710e-02
100000   	2    	6.031280e-02
100000   	3    	5.265710e-02

Maior profundidade das árvores:
n_persons	index	time        	depth
100000   	0    	4.774900e-03	40   
100000   	1    	5.720700e-03	38   
100000   	2    	5.417500e-03	38   
100000   	3    	4.995600e-03	36   

Número de nós em cada nível:
n_persons	index	time        	lvl0  	lvl1  	lvl2  	lvl3  	lvl4  	lvl5  	lvl6  	lvl7  	lvl8  	lvl9  	lvl10 	lvl11 	lvl12 	lvl13 	lvl14 	lvl15 	lvl16 	lvl17 	lvl18 	lvl19 	lvl20 	lvl21 	lvl22 	lvl23 	lvl24 	lvl25 	lvl26 	lvl27 	lvl28 	lvl29 	lvl30 	lvl31 	lvl32 	lvl33 	lvl34 	lvl35 	lvl36 	lvl37 	lvl38 	lvl39 	lvl40 
100000   	0    	3.874900e-03	1     	2     	4     	8     	16    	32    	61    	119   	227   	409   	711   	1179  	1893  	2808  	3940  	5135  	6374  	7407  	8173  	8534  	8443  	8122  	7531  	6617  	5664  	4618  	3634  	2741  	1888  	1350  	922   	578   	351   	225   	132   	75    	39    	20    	10    	5     	2     
100000   	1    	4.151900e-03	1     	2     	4     	8     	16    	32    	63    	121   	224   	404   	679   	1107  	1661  	2389  	3358  	4459  	5609  	6704  	7667  	8326  	8590  	8665  	8109  	7263  	6286  	5216  	4175  	3124  	2202  	1434  	883   	540   	322   	188   	99    	46    	16    	6     	2     	nan   	nan   
100000   	2    	4.433000e-03	1     	2     	4     	8     	16    	31    	62    	121   	217   	365   	615   	1005  	1569  	2302  	3291  	4459  	5643  	6791  	7818  	8435  	8692  	8508  	7907  	7160  	6198  	5066  	4052  	3108  	2284  	1653  	1097  	693   	407   	214   	107   	60    	30    	7     	2     	nan   	nan   
100000   	3    	4.387900e-03	1     	2     	4     	8     	16    	32    	62    	119   	221   	393   	671   	1103  	1797  	2688  	3860  	5252  	6603  	7724  	8527  	8893  	8965  	8607  	7703  	6592  	5585  	4453  	3234  	2372  	1664  	1111  	718   	454   	261   	154   	89    	48    	14    	nan   	nan   	nan   	nan   

