Criação das árvores ordenadas:
n_persons	index	time        
100000   	0    	5.193270e-02
100000   	1    	6.148260e-02
100000   	2    	5.556900e-02
100000   	3    	4.681480e-02

Procura de nós nas árvores:
n_persons	index	time        
100000   	0    	5.414870e-02
100000   	1    	6.064010e-02
100000   	2    	5.587950e-02
100000   	3    	4.938200e-02

Maior profundidade das árvores:
n_persons	index	time        	depth
100000   	0    	4.710400e-03	39   
100000   	1    	5.004500e-03	40   
100000   	2    	6.645500e-03	37   
100000   	3    	6.535000e-03	39   

Número de nós em cada nível:
n_persons	index	time        	lvl0  	lvl1  	lvl2  	lvl3  	lvl4  	lvl5  	lvl6  	lvl7  	lvl8  	lvl9  	lvl10 	lvl11 	lvl12 	lvl13 	lvl14 	lvl15 	lvl16 	lvl17 	lvl18 	lvl19 	lvl20 	lvl21 	lvl22 	lvl23 	lvl24 	lvl25 	lvl26 	lvl27 	lvl28 	lvl29 	lvl30 	lvl31 	lvl32 	lvl33 	lvl34 	lvl35 	lvl36 	lvl37 	lvl38 	lvl39 	lvl40 
100000   	0    	6.384100e-03	1     	2     	4     	8     	16    	32    	64    	123   	228   	406   	699   	1147  	1805  	2607  	3612  	4634  	5666  	6402  	6971  	7369  	7613  	7497  	7150  	6704  	6102  	5362  	4571  	3705  	2931  	2247  	1615  	1103  	724   	419   	225   	107   	79    	30    	15    	5     	nan   
100000   	1    	5.509200e-03	1     	2     	4     	8     	16    	31    	61    	120   	224   	410   	710   	1144  	1718  	2467  	3453  	4488  	5656  	6704  	7562  	8196  	8632  	8573  	8092  	7302  	6195  	4947  	3845  	2952  	2194  	1541  	1083  	682   	417   	256   	140   	78    	49    	23    	13    	9     	2     
100000   	2    	4.939900e-03	1     	2     	4     	8     	16    	32    	63    	123   	233   	436   	773   	1275  	1969  	2958  	4139  	5477  	6843  	7972  	8810  	9266  	9340  	8759  	7784  	6541  	5205  	4023  	2916  	1925  	1239  	808   	489   	282   	149   	77    	40    	15    	6     	2     	nan   	nan   	nan   
100000   	3    	4.959800e-03	1     	2     	4     	8     	16    	32    	64    	119   	214   	361   	616   	1025  	1627  	2440  	3428  	4548  	5791  	6999  	8119  	8857  	9350  	9204  	8667  	7575  	6348  	4825  	3521  	2430  	1596  	989   	570   	301   	176   	91    	52    	24    	7     	1     	1     	1     	nan   

