Criação das árvores ordenadas:
n_persons	index	time        
100000   	0    	5.140670e-02
100000   	1    	6.362330e-02
100000   	2    	5.493840e-02
100000   	3    	4.935710e-02

Procura de nós nas árvores:
n_persons	index	time        
100000   	0    	5.525450e-02
100000   	1    	8.060140e-02
100000   	2    	7.031630e-02
100000   	3    	5.253970e-02

Maior profundidade das árvores:
n_persons	index	time        	depth
100000   	0    	4.926000e-03	36   
100000   	1    	4.849500e-03	36   
100000   	2    	5.158500e-03	37   
100000   	3    	5.382400e-03	40   

Número de nós em cada nível:
n_persons	index	time        	lvl0  	lvl1  	lvl2  	lvl3  	lvl4  	lvl5  	lvl6  	lvl7  	lvl8  	lvl9  	lvl10 	lvl11 	lvl12 	lvl13 	lvl14 	lvl15 	lvl16 	lvl17 	lvl18 	lvl19 	lvl20 	lvl21 	lvl22 	lvl23 	lvl24 	lvl25 	lvl26 	lvl27 	lvl28 	lvl29 	lvl30 	lvl31 	lvl32 	lvl33 	lvl34 	lvl35 	lvl36 	lvl37 	lvl38 	lvl39 	lvl40 
100000   	0    	3.958300e-03	1     	2     	4     	8     	16    	32    	63    	125   	233   	414   	728   	1232  	1988  	2947  	4137  	5509  	6869  	8175  	9093  	9555  	9312  	8634  	7665  	6341  	5061  	3901  	2847  	2043  	1319  	794   	479   	249   	127   	61    	25    	8     	3     	nan   	nan   	nan   	nan   
100000   	1    	3.992400e-03	1     	2     	4     	8     	16    	30    	60    	118   	217   	396   	707   	1175  	1832  	2705  	3855  	5209  	6721  	8067  	9033  	9460  	9459  	8784  	7779  	6582  	5264  	3981  	3001  	2120  	1411  	904   	544   	305   	151   	66    	24    	7     	2     	nan   	nan   	nan   	nan   
100000   	2    	4.407500e-03	1     	2     	4     	8     	16    	31    	61    	121   	231   	436   	772   	1292  	2061  	3066  	4322  	5780  	7241  	8398  	9165  	9513  	9282  	8695  	7654  	6363  	5051  	3629  	2547  	1659  	1034  	661   	414   	223   	124   	79    	32    	22    	8     	2     	nan   	nan   	nan   
100000   	3    	5.008800e-03	1     	2     	4     	8     	16    	32    	63    	122   	234   	418   	710   	1184  	1888  	2788  	3864  	4923  	5976  	6907  	7792  	8238  	8468  	8396  	7827  	7020  	5983  	4908  	3871  	2861  	2011  	1334  	875   	569   	337   	192   	98    	42    	19    	9     	6     	3     	1     

