Criação das árvores ordenadas:
n_persons	index	time        
100000   	0    	7.569220e-02
100000   	1    	7.543880e-02
100000   	2    	5.982700e-02
100000   	3    	5.114690e-02

Procura de nós nas árvores:
n_persons	index	time        
100000   	0    	8.420450e-02
100000   	1    	8.638430e-02
100000   	2    	1.450066e-01
100000   	3    	1.656261e-01

Maior profundidade das árvores:
n_persons	index	time        	depth
100000   	0    	1.030350e-02	37   
100000   	1    	6.819600e-03	39   
100000   	2    	9.272200e-03	40   
100000   	3    	7.066700e-03	41   

Número de nós em cada nível:
n_persons	index	time        	lvl0  	lvl1  	lvl2  	lvl3  	lvl4  	lvl5  	lvl6  	lvl7  	lvl8  	lvl9  	lvl10 	lvl11 	lvl12 	lvl13 	lvl14 	lvl15 	lvl16 	lvl17 	lvl18 	lvl19 	lvl20 	lvl21 	lvl22 	lvl23 	lvl24 	lvl25 	lvl26 	lvl27 	lvl28 	lvl29 	lvl30 	lvl31 	lvl32 	lvl33 	lvl34 	lvl35 	lvl36 	lvl37 	lvl38 	lvl39 	lvl40 	lvl41 
100000   	0    	5.600300e-03	1     	2     	4     	8     	16    	32    	63    	123   	232   	431   	756   	1315  	2130  	3250  	4611  	5979  	7402  	8512  	9137  	9327  	8941  	8246  	7192  	6028  	4851  	3701  	2688  	1785  	1219  	821   	530   	319   	186   	97    	40    	16    	7     	2     	nan   	nan   	nan   	nan   
100000   	1    	5.688400e-03	1     	2     	4     	8     	16    	32    	63    	120   	215   	370   	604   	965   	1468  	2204  	3116  	4229  	5528  	6838  	7937  	8691  	9095  	8911  	8181  	7321  	6254  	5201  	3966  	2857  	2067  	1414  	919   	606   	360   	202   	112   	67    	32    	17    	5     	2     	nan   	nan   
100000   	2    	5.562100e-03	1     	2     	4     	8     	16    	32    	64    	124   	226   	394   	696   	1126  	1782  	2688  	3722  	4902  	6041  	6894  	7622  	8021  	8124  	7805  	7328  	6767  	5945  	4974  	4104  	3176  	2472  	1777  	1223  	778   	493   	314   	175   	93    	43    	26    	11    	6     	1     	nan   
100000   	3    	5.723400e-03	1     	2     	4     	8     	16    	32    	62    	121   	223   	379   	617   	937   	1376  	1915  	2575  	3381  	4267  	5263  	6231  	6962  	7416  	7719  	7798  	7620  	7144  	6403  	5435  	4489  	3600  	2663  	1954  	1312  	814   	525   	311   	178   	104   	74    	43    	15    	6     	5     

