Criação das árvores ordenadas:
n_persons	index	time        
100000   	0    	5.677100e-02
100000   	1    	6.474790e-02
100000   	2    	5.950790e-02
100000   	3    	1.122723e-01

Procura de nós nas árvores:
n_persons	index	time        
100000   	0    	7.394160e-02
100000   	1    	6.963060e-02
100000   	2    	6.405950e-02
100000   	3    	5.885000e-02

Maior profundidade das árvores:
n_persons	index	time        	depth
100000   	0    	4.680600e-03	41   
100000   	1    	4.513300e-03	40   
100000   	2    	5.156900e-03	37   
100000   	3    	5.157700e-03	43   

Número de nós em cada nível:
n_persons	index	time        	lvl0  	lvl1  	lvl2  	lvl3  	lvl4  	lvl5  	lvl6  	lvl7  	lvl8  	lvl9  	lvl10 	lvl11 	lvl12 	lvl13 	lvl14 	lvl15 	lvl16 	lvl17 	lvl18 	lvl19 	lvl20 	lvl21 	lvl22 	lvl23 	lvl24 	lvl25 	lvl26 	lvl27 	lvl28 	lvl29 	lvl30 	lvl31 	lvl32 	lvl33 	lvl34 	lvl35 	lvl36 	lvl37 	lvl38 	lvl39 	lvl40 	lvl41 	lvl42 	lvl43 
100000   	0    	4.023800e-03	1     	2     	4     	8     	16    	32    	58    	107   	192   	356   	622   	1061  	1728  	2598  	3752  	5060  	6287  	7404  	8256  	8724  	8738  	8170  	7386  	6299  	5421  	4492  	3639  	2934  	2208  	1643  	1118  	718   	443   	239   	118   	70    	44    	24    	12    	8     	5     	3     	nan   	nan   
100000   	1    	3.865700e-03	1     	2     	4     	8     	16    	32    	64    	126   	240   	446   	811   	1359  	2155  	3218  	4503  	5880  	7247  	8268  	8961  	9108  	8828  	8129  	7205  	6146  	5007  	3916  	2921  	2075  	1372  	864   	527   	280   	152   	59    	36    	19    	5     	4     	4     	1     	1     	nan   	nan   	nan   
100000   	2    	4.582300e-03	1     	2     	4     	8     	16    	32    	63    	121   	229   	414   	733   	1208  	1869  	2697  	3593  	4643  	5658  	6739  	7552  	8215  	8394  	8286  	7832  	7160  	6299  	5266  	4166  	3105  	2159  	1458  	889   	538   	332   	167   	90    	39    	16    	7     	nan   	nan   	nan   	nan   	nan   	nan   
100000   	3    	4.508900e-03	1     	2     	4     	8     	16    	32    	62    	122   	227   	408   	712   	1196  	1907  	2856  	3980  	5226  	6522  	7576  	8435  	9027  	8943  	8407  	7553  	6487  	5381  	4181  	3159  	2296  	1639  	1168  	777   	522   	366   	255   	177   	116   	93    	67    	40    	23    	16    	12    	2     	1     

