Criação das árvores ordenadas:
n_persons	index	time        
100000   	0    	5.049740e-02
100000   	1    	6.274800e-02
100000   	2    	5.944980e-02
100000   	3    	4.760900e-02

Procura de nós nas árvores:
n_persons	index	time        
100000   	0    	5.324290e-02
100000   	1    	6.680210e-02
100000   	2    	5.901550e-02
100000   	3    	5.171090e-02

Maior profundidade das árvores:
n_persons	index	time        	depth
100000   	0    	4.642600e-03	37   
100000   	1    	4.733200e-03	38   
100000   	2    	5.238400e-03	38   
100000   	3    	5.326300e-03	37   

Número de nós em cada nível:
n_persons	index	time        	lvl0  	lvl1  	lvl2  	lvl3  	lvl4  	lvl5  	lvl6  	lvl7  	lvl8  	lvl9  	lvl10 	lvl11 	lvl12 	lvl13 	lvl14 	lvl15 	lvl16 	lvl17 	lvl18 	lvl19 	lvl20 	lvl21 	lvl22 	lvl23 	lvl24 	lvl25 	lvl26 	lvl27 	lvl28 	lvl29 	lvl30 	lvl31 	lvl32 	lvl33 	lvl34 	lvl35 	lvl36 	lvl37 	lvl38 
100000   	0    	4.244600e-03	1     	2     	4     	8     	16    	32    	61    	116   	221   	404   	705   	1160  	1857  	2848  	4069  	5516  	7082  	8355  	9333  	9829  	9670  	9039  	7881  	6371  	4950  	3681  	2583  	1739  	1096  	687   	366   	172   	88    	32    	17    	7     	1     	1     	nan   
100000   	1    	4.101100e-03	1     	2     	4     	8     	16    	32    	64    	124   	230   	414   	698   	1101  	1656  	2357  	3181  	4132  	5179  	6153  	7115  	7989  	8390  	8476  	8189  	7607  	6665  	5550  	4445  	3391  	2476  	1709  	1104  	703   	386   	221   	124   	73    	28    	6     	1     
100000   	2    	5.366000e-03	1     	2     	4     	8     	16    	32    	63    	123   	240   	451   	797   	1344  	2121  	3196  	4540  	5978  	7250  	8374  	9159  	9448  	9162  	8541  	7534  	6315  	4947  	3649  	2517  	1661  	1077  	651   	373   	206   	118   	58    	24    	14    	3     	2     	1     
100000   	3    	5.161400e-03	1     	2     	4     	8     	16    	31    	61    	121   	229   	403   	695   	1163  	1858  	2843  	4084  	5422  	6834  	8217  	9108  	9505  	9397  	8859  	7822  	6600  	5131  	3909  	2803  	1941  	1248  	741   	440   	265   	126   	70    	27    	10    	5     	1     	nan   

