Criação das árvores ordenadas:
n_persons	index	time        
100000   	0    	7.434300e-02
100000   	1    	6.714620e-02
100000   	2    	5.683590e-02
100000   	3    	4.803680e-02

Procura de nós nas árvores:
n_persons	index	time        
100000   	0    	5.461550e-02
100000   	1    	6.178600e-02
100000   	2    	6.231260e-02
100000   	3    	4.876780e-02

Maior profundidade das árvores:
n_persons	index	time        	depth
100000   	0    	4.377600e-03	43   
100000   	1    	4.279900e-03	41   
100000   	2    	4.858400e-03	39   
100000   	3    	5.172200e-03	43   

Número de nós em cada nível:
n_persons	index	time        	lvl0  	lvl1  	lvl2  	lvl3  	lvl4  	lvl5  	lvl6  	lvl7  	lvl8  	lvl9  	lvl10 	lvl11 	lvl12 	lvl13 	lvl14 	lvl15 	lvl16 	lvl17 	lvl18 	lvl19 	lvl20 	lvl21 	lvl22 	lvl23 	lvl24 	lvl25 	lvl26 	lvl27 	lvl28 	lvl29 	lvl30 	lvl31 	lvl32 	lvl33 	lvl34 	lvl35 	lvl36 	lvl37 	lvl38 	lvl39 	lvl40 	lvl41 	lvl42 	lvl43 
100000   	0    	4.005500e-03	1     	2     	4     	8     	16    	32    	64    	127   	239   	447   	760   	1213  	1842  	2611  	3548  	4515  	5514  	6636  	7477  	8087  	8331  	8183  	7654  	6953  	5960  	5058  	4109  	3223  	2388  	1729  	1156  	783   	530   	340   	186   	127   	55    	37    	28    	17    	7     	1     	1     	1     
100000   	1    	3.939000e-03	1     	2     	4     	8     	16    	31    	55    	101   	172   	297   	474   	750   	1160  	1676  	2375  	3208  	4231  	5286  	6357  	7176  	7713  	8074  	8018  	7785  	7192  	6478  	5537  	4472  	3480  	2561  	1818  	1265  	807   	512   	332   	207   	150   	106   	63    	37    	12    	1     	nan   	nan   
100000   	2    	4.349700e-03	1     	2     	4     	8     	16    	32    	64    	123   	235   	434   	779   	1313  	2059  	3044  	4220  	5491  	6780  	8066  	9011  	9415  	9298  	8613  	7472  	6181  	5024  	3813  	2857  	2041  	1373  	886   	569   	357   	194   	111   	52    	29    	18    	10    	4     	1     	nan   	nan   	nan   	nan   
100000   	3    	4.719900e-03	1     	2     	4     	8     	16    	32    	64    	125   	241   	424   	719   	1189  	1846  	2676  	3755  	4961  	6157  	7324  	8290  	8844  	8993  	8729  	7986  	6877  	5687  	4510  	3456  	2438  	1673  	1144  	756   	484   	263   	146   	70    	42    	24    	15    	10    	6     	4     	4     	4     	1     

