Criação das árvores ordenadas:
n_persons	index	time        
100000   	0    	5.671610e-02
100000   	1    	7.373650e-02
100000   	2    	7.684440e-02
100000   	3    	6.590730e-02

Procura de nós nas árvores:
n_persons	index	time        
100000   	0    	8.685820e-02
100000   	1    	7.288640e-02
100000   	2    	9.360940e-02
100000   	3    	1.987645e-01

Maior profundidade das árvores:
n_persons	index	time        	depth
100000   	0    	1.604680e-02	37   
100000   	1    	7.437600e-03	42   
100000   	2    	8.229000e-03	41   
100000   	3    	6.521500e-03	38   

Número de nós em cada nível:
n_persons	index	time        	lvl0  	lvl1  	lvl2  	lvl3  	lvl4  	lvl5  	lvl6  	lvl7  	lvl8  	lvl9  	lvl10 	lvl11 	lvl12 	lvl13 	lvl14 	lvl15 	lvl16 	lvl17 	lvl18 	lvl19 	lvl20 	lvl21 	lvl22 	lvl23 	lvl24 	lvl25 	lvl26 	lvl27 	lvl28 	lvl29 	lvl30 	lvl31 	lvl32 	lvl33 	lvl34 	lvl35 	lvl36 	lvl37 	lvl38 	lvl39 	lvl40 	lvl41 	lvl42 
100000   	0    	5.970400e-03	1     	2     	4     	8     	16    	32    	64    	125   	234   	427   	739   	1218  	1918  	2865  	4076  	5581  	7144  	8512  	9558  	9860  	9662  	8757  	7545  	6114  	4718  	3520  	2602  	1838  	1236  	722   	425   	238   	127   	67    	29    	11    	4     	1     	nan   	nan   	nan   	nan   	nan   
100000   	1    	9.129600e-03	1     	2     	4     	8     	16    	32    	61    	110   	186   	314   	499   	815   	1249  	1810  	2602  	3533  	4626  	5724  	6716  	7590  	8056  	8274  	8005  	7523  	6781  	5778  	4752  	3825  	2976  	2306  	1742  	1326  	972   	656   	426   	289   	189   	113   	60    	32    	15    	5     	1     
100000   	2    	5.754000e-03	1     	2     	4     	8     	16    	29    	52    	89    	149   	238   	360   	593   	909   	1330  	1941  	2785  	3707  	4735  	5748  	6618  	7420  	7866  	8024  	7819  	7375  	6784  	5941  	5036  	4060  	3215  	2400  	1728  	1195  	804   	493   	272   	132   	65    	33    	18    	5     	1     	nan   
100000   	3    	1.029780e-02	1     	2     	4     	8     	16    	32    	61    	116   	219   	379   	636   	1032  	1623  	2464  	3446  	4594  	5754  	6909  	7856  	8385  	8433  	8173  	7597  	6714  	5827  	4896  	3923  	3072  	2414  	1858  	1387  	924   	578   	334   	184   	98    	33    	14    	4     	nan   	nan   	nan   	nan   

