Criação das árvores ordenadas:
n_persons	index	time        
100000   	0    	5.129560e-02
100000   	1    	6.222490e-02
100000   	2    	5.382890e-02
100000   	3    	4.576100e-02

Procura de nós nas árvores:
n_persons	index	time        
100000   	0    	5.610370e-02
100000   	1    	7.064760e-02
100000   	2    	5.751770e-02
100000   	3    	4.925630e-02

Maior profundidade das árvores:
n_persons	index	time        	depth
100000   	0    	4.470800e-03	37   
100000   	1    	4.263700e-03	39   
100000   	2    	4.907300e-03	40   
100000   	3    	5.107300e-03	36   

Número de nós em cada nível:
n_persons	index	time        	lvl0  	lvl1  	lvl2  	lvl3  	lvl4  	lvl5  	lvl6  	lvl7  	lvl8  	lvl9  	lvl10 	lvl11 	lvl12 	lvl13 	lvl14 	lvl15 	lvl16 	lvl17 	lvl18 	lvl19 	lvl20 	lvl21 	lvl22 	lvl23 	lvl24 	lvl25 	lvl26 	lvl27 	lvl28 	lvl29 	lvl30 	lvl31 	lvl32 	lvl33 	lvl34 	lvl35 	lvl36 	lvl37 	lvl38 	lvl39 	lvl40 
100000   	0    	3.856400e-03	1     	2     	4     	8     	16    	32    	64    	124   	226   	391   	645   	1011  	1517  	2231  	3149  	4327  	5624  	6828  	7965  	8823  	9237  	9140  	8576  	7499  	6218  	4832  	3665  	2698  	1935  	1312  	820   	511   	279   	164   	75    	31    	16    	4     	nan   	nan   	nan   
100000   	1    	4.099500e-03	1     	2     	4     	8     	16    	32    	64    	124   	240   	443   	780   	1257  	1959  	2885  	3961  	5122  	6219  	7203  	7862  	8250  	8386  	8112  	7569  	6706  	5746  	4610  	3655  	2824  	2074  	1489  	939   	580   	362   	222   	133   	76    	43    	27    	11    	4     	nan   
100000   	2    	4.382700e-03	1     	2     	4     	8     	16    	31    	61    	120   	225   	411   	699   	1155  	1775  	2580  	3610  	4734  	5840  	6907  	7666  	8123  	8201  	8094  	7628  	6912  	6004  	5075  	4159  	3164  	2276  	1588  	1050  	715   	458   	280   	168   	119   	71    	43    	17    	8     	2     
100000   	3    	4.474100e-03	1     	2     	4     	8     	16    	32    	64    	127   	241   	443   	793   	1305  	2049  	3003  	4166  	5613  	7007  	8205  	9108  	9469  	9326  	8672  	7670  	6416  	5089  	3878  	2768  	1814  	1196  	723   	398   	213   	99    	53    	13    	8     	8     	nan   	nan   	nan   	nan   

