Criação das árvores ordenadas:
n_persons	index	time        
100000   	0    	5.427330e-02
100000   	1    	7.042150e-02
100000   	2    	5.783520e-02
100000   	3    	5.677780e-02

Procura de nós nas árvores:
n_persons	index	time        
100000   	0    	5.940240e-02
100000   	1    	6.436180e-02
100000   	2    	7.584970e-02
100000   	3    	1.245768e-01

Maior profundidade das árvores:
n_persons	index	time        	depth
100000   	0    	8.393400e-03	41   
100000   	1    	6.379700e-03	40   
100000   	2    	6.773100e-03	45   
100000   	3    	8.136000e-03	39   

Número de nós em cada nível:
n_persons	index	time        	lvl0  	lvl1  	lvl2  	lvl3  	lvl4  	lvl5  	lvl6  	lvl7  	lvl8  	lvl9  	lvl10 	lvl11 	lvl12 	lvl13 	lvl14 	lvl15 	lvl16 	lvl17 	lvl18 	lvl19 	lvl20 	lvl21 	lvl22 	lvl23 	lvl24 	lvl25 	lvl26 	lvl27 	lvl28 	lvl29 	lvl30 	lvl31 	lvl32 	lvl33 	lvl34 	lvl35 	lvl36 	lvl37 	lvl38 	lvl39 	lvl40 	lvl41 	lvl42 	lvl43 	lvl44 	lvl45 
100000   	0    	5.778500e-03	1     	2     	4     	8     	16    	32    	64    	120   	219   	377   	617   	949   	1381  	2002  	2799  	3673  	4662  	5752  	6819  	7738  	8347  	8692  	8463  	7830  	7046  	5848  	4666  	3600  	2629  	1860  	1303  	954   	635   	383   	235   	129   	69    	40    	24    	9     	2     	1     	nan   	nan   	nan   	nan   
100000   	1    	5.304700e-03	1     	2     	4     	8     	16    	32    	64    	122   	225   	398   	670   	1100  	1672  	2394  	3231  	4243  	5129  	5926  	6633  	7200  	7570  	7755  	7635  	7360  	6644  	5802  	4900  	3956  	2969  	2196  	1549  	1035  	661   	413   	243   	124   	76    	28    	9     	4     	1     	nan   	nan   	nan   	nan   	nan   
100000   	2    	5.753400e-03	1     	2     	4     	8     	16    	32    	61    	114   	207   	373   	668   	1111  	1752  	2571  	3571  	4746  	5858  	6808  	7544  	7937  	8003  	7652  	6948  	6448  	5738  	4976  	4169  	3422  	2716  	2075  	1527  	1064  	717   	413   	261   	181   	114   	61    	41    	31    	22    	19    	9     	4     	3     	2     
100000   	3    	5.636200e-03	1     	2     	4     	8     	16    	32    	64    	125   	241   	444   	765   	1248  	1888  	2796  	3839  	4868  	5979  	7096  	7958  	8621  	8832  	8726  	8084  	7206  	5885  	4755  	3633  	2532  	1708  	1109  	633   	385   	229   	148   	78    	42    	15    	3     	1     	1     	nan   	nan   	nan   	nan   	nan   	nan   

