Criação das árvores ordenadas:
n_persons	index	time        
100000   	0    	6.411700e-02
100000   	1    	6.168380e-02
100000   	2    	5.443970e-02
100000   	3    	4.624700e-02

Procura de nós nas árvores:
n_persons	index	time        
100000   	0    	5.723790e-02
100000   	1    	6.717680e-02
100000   	2    	5.310820e-02
100000   	3    	5.002100e-02

Maior profundidade das árvores:
n_persons	index	time        	depth
100000   	0    	4.296500e-03	41   
100000   	1    	4.307600e-03	37   
100000   	2    	4.926800e-03	41   
100000   	3    	5.098100e-03	42   

Número de nós em cada nível:
n_persons	index	time        	lvl0  	lvl1  	lvl2  	lvl3  	lvl4  	lvl5  	lvl6  	lvl7  	lvl8  	lvl9  	lvl10 	lvl11 	lvl12 	lvl13 	lvl14 	lvl15 	lvl16 	lvl17 	lvl18 	lvl19 	lvl20 	lvl21 	lvl22 	lvl23 	lvl24 	lvl25 	lvl26 	lvl27 	lvl28 	lvl29 	lvl30 	lvl31 	lvl32 	lvl33 	lvl34 	lvl35 	lvl36 	lvl37 	lvl38 	lvl39 	lvl40 	lvl41 	lvl42 
100000   	0    	3.982400e-03	1     	2     	4     	8     	16    	32    	62    	118   	216   	378   	625   	994   	1551  	2311  	3260  	4408  	5646  	6714  	7521  	8069  	8249  	8065  	7646  	6891  	6070  	5227  	4281  	3343  	2473  	1829  	1276  	954   	682   	449   	266   	167   	110   	48    	24    	8     	4     	2     	nan   
100000   	1    	3.863500e-03	1     	2     	4     	8     	16    	32    	64    	121   	230   	403   	735   	1275  	2041  	3037  	4284  	5641  	7047  	8259  	9249  	9521  	9320  	8469  	7334  	6203  	5002  	3765  	2710  	1891  	1261  	839   	539   	335   	196   	90    	43    	24    	6     	3     	nan   	nan   	nan   	nan   	nan   
100000   	2    	4.359300e-03	1     	2     	4     	8     	16    	32    	64    	121   	224   	398   	675   	1072  	1675  	2429  	3379  	4455  	5624  	6666  	7638  	8453  	8933  	8783  	8303  	7510  	6503  	5240  	3991  	2884  	1951  	1238  	764   	446   	247   	121   	73    	38    	15    	9     	7     	5     	2     	1     	nan   
100000   	3    	4.672000e-03	1     	2     	4     	8     	16    	32    	63    	119   	217   	381   	642   	1002  	1493  	2111  	2856  	3723  	4620  	5537  	6583  	7415  	8102  	8488  	8418  	8022  	7279  	6266  	5044  	3794  	2755  	1863  	1264  	791   	470   	281   	167   	93    	40    	20    	9     	4     	2     	2     	1     

