Criação das árvores ordenadas:
n_persons	index	time        
100000   	0    	5.574340e-02
100000   	1    	6.305340e-02
100000   	2    	6.696860e-02
100000   	3    	5.323060e-02

Procura de nós nas árvores:
n_persons	index	time        
100000   	0    	5.626120e-02
100000   	1    	6.768900e-02
100000   	2    	6.355820e-02
100000   	3    	5.804870e-02

Maior profundidade das árvores:
n_persons	index	time        	depth
100000   	0    	6.299000e-03	39   
100000   	1    	5.922100e-03	39   
100000   	2    	6.650700e-03	38   
100000   	3    	5.892000e-03	38   

Número de nós em cada nível:
n_persons	index	time        	lvl0  	lvl1  	lvl2  	lvl3  	lvl4  	lvl5  	lvl6  	lvl7  	lvl8  	lvl9  	lvl10 	lvl11 	lvl12 	lvl13 	lvl14 	lvl15 	lvl16 	lvl17 	lvl18 	lvl19 	lvl20 	lvl21 	lvl22 	lvl23 	lvl24 	lvl25 	lvl26 	lvl27 	lvl28 	lvl29 	lvl30 	lvl31 	lvl32 	lvl33 	lvl34 	lvl35 	lvl36 	lvl37 	lvl38 	lvl39 
100000   	0    	4.141300e-03	1     	2     	4     	8     	16    	32    	62    	118   	217   	399   	716   	1229  	1987  	3040  	4284  	5635  	6974  	8021  	8834  	9063  	8862  	8294  	7359  	6218  	5088  	4018  	3081  	2285  	1560  	1038  	638   	384   	243   	137   	75    	43    	21    	8     	4     	2     
100000   	1    	4.131400e-03	1     	2     	4     	8     	16    	32    	64    	128   	246   	454   	804   	1363  	2164  	3228  	4514  	5839  	7023  	8037  	8863  	9143  	8983  	8338  	7456  	6370  	5008  	3854  	2798  	1934  	1276  	812   	495   	310   	171   	110   	61    	40    	29    	14    	7     	1     
100000   	2    	5.454100e-03	1     	2     	4     	8     	16    	32    	64    	125   	240   	448   	789   	1322  	2078  	3047  	4278  	5652  	6870  	7944  	8670  	8902  	8767  	8343  	7545  	6480  	5383  	4114  	2908  	2132  	1471  	998   	620   	350   	194   	103   	52    	26    	15    	6     	1     	nan   
100000   	3    	5.339000e-03	1     	2     	4     	8     	16    	32    	64    	125   	242   	451   	801   	1366  	2191  	3256  	4554  	5901  	7166  	8093  	8681  	8976  	8819  	8184  	7297  	6146  	4938  	3875  	2891  	2133  	1488  	963   	598   	338   	181   	108   	53    	37    	16    	4     	1     	nan   

