Criação das árvores ordenadas:
n_persons	index	time        
100000   	0    	5.421420e-02
100000   	1    	6.548780e-02
100000   	2    	6.041850e-02
100000   	3    	5.099050e-02

Procura de nós nas árvores:
n_persons	index	time        
100000   	0    	6.441800e-02
100000   	1    	7.346930e-02
100000   	2    	6.084580e-02
100000   	3    	5.044690e-02

Maior profundidade das árvores:
n_persons	index	time        	depth
100000   	0    	4.303000e-03	42   
100000   	1    	4.369800e-03	37   
100000   	2    	5.066900e-03	37   
100000   	3    	5.163100e-03	39   

Número de nós em cada nível:
n_persons	index	time        	lvl0  	lvl1  	lvl2  	lvl3  	lvl4  	lvl5  	lvl6  	lvl7  	lvl8  	lvl9  	lvl10 	lvl11 	lvl12 	lvl13 	lvl14 	lvl15 	lvl16 	lvl17 	lvl18 	lvl19 	lvl20 	lvl21 	lvl22 	lvl23 	lvl24 	lvl25 	lvl26 	lvl27 	lvl28 	lvl29 	lvl30 	lvl31 	lvl32 	lvl33 	lvl34 	lvl35 	lvl36 	lvl37 	lvl38 	lvl39 	lvl40 	lvl41 	lvl42 
100000   	0    	4.213400e-03	1     	2     	4     	8     	16    	32    	64    	126   	242   	444   	784   	1286  	1988  	2975  	4052  	5281  	6282  	7025  	7411  	7595  	7644  	7436  	6933  	6384  	5675  	4988  	4130  	3259  	2532  	1857  	1317  	904   	545   	347   	200   	109   	64    	31    	17    	6     	2     	1     	1     
100000   	1    	4.314400e-03	1     	2     	4     	8     	16    	31    	62    	120   	230   	433   	744   	1251  	1910  	2791  	3886  	5155  	6406  	7577  	8499  	9049  	9119  	8690  	7853  	6830  	5612  	4274  	3229  	2335  	1570  	1007  	625   	352   	184   	83    	38    	15    	6     	3     	nan   	nan   	nan   	nan   	nan   
100000   	2    	8.662500e-03	1     	2     	4     	8     	16    	32    	64    	121   	227   	413   	733   	1209  	1875  	2819  	4061  	5502  	6929  	8280  	9217  	9731  	9692  	8944  	7750  	6287  	4970  	3678  	2629  	1782  	1201  	777   	441   	254   	173   	95    	55    	19    	7     	2     	nan   	nan   	nan   	nan   	nan   
100000   	3    	5.994600e-03	1     	2     	4     	8     	16    	32    	63    	124   	237   	434   	769   	1261  	1959  	2856  	3932  	5111  	6219  	7190  	7806  	8232  	8163  	7768  	7234  	6631  	5905  	4913  	3929  	3047  	2249  	1555  	957   	607   	368   	212   	108   	52    	28    	9     	6     	3     	nan   	nan   	nan   

