Criação das árvores ordenadas:
n_persons	index	time        
100000   	0    	5.242580e-02
100000   	1    	6.433830e-02
100000   	2    	5.504220e-02
100000   	3    	5.061700e-02

Procura de nós nas árvores:
n_persons	index	time        
100000   	0    	5.427650e-02
100000   	1    	6.304560e-02
100000   	2    	5.910410e-02
100000   	3    	5.015090e-02

Maior profundidade das árvores:
n_persons	index	time        	depth
100000   	0    	4.455200e-03	41   
100000   	1    	4.520100e-03	38   
100000   	2    	5.146200e-03	41   
100000   	3    	5.062400e-03	40   

Número de nós em cada nível:
n_persons	index	time        	lvl0  	lvl1  	lvl2  	lvl3  	lvl4  	lvl5  	lvl6  	lvl7  	lvl8  	lvl9  	lvl10 	lvl11 	lvl12 	lvl13 	lvl14 	lvl15 	lvl16 	lvl17 	lvl18 	lvl19 	lvl20 	lvl21 	lvl22 	lvl23 	lvl24 	lvl25 	lvl26 	lvl27 	lvl28 	lvl29 	lvl30 	lvl31 	lvl32 	lvl33 	lvl34 	lvl35 	lvl36 	lvl37 	lvl38 	lvl39 	lvl40 	lvl41 
100000   	0    	3.803500e-03	1     	2     	4     	8     	16    	32    	63    	115   	219   	382   	659   	1060  	1604  	2374  	3208  	4213  	5357  	6378  	7386  	8182  	8633  	8567  	8308  	7481  	6489  	5561  	4412  	3231  	2192  	1479  	970   	592   	372   	208   	115   	55    	25    	18    	10    	9     	7     	3     
100000   	1    	4.117100e-03	1     	2     	4     	8     	16    	31    	60    	118   	226   	418   	746   	1242  	1916  	2799  	3858  	4983  	6189  	7443  	8296  	8877  	8941  	8586  	7975  	6893  	5726  	4436  	3312  	2381  	1662  	1151  	747   	451   	265   	145   	53    	28    	9     	5     	1     	nan   	nan   	nan   
100000   	2    	4.651000e-03	1     	2     	4     	8     	16    	29    	58    	113   	209   	384   	673   	1123  	1760  	2622  	3674  	4862  	6199  	7395  	8288  	8864  	9086  	8797  	8158  	7092  	5816  	4576  	3402  	2371  	1601  	1083  	688   	447   	257   	157   	82    	53    	21    	14    	8     	4     	2     	1     
100000   	3    	4.707500e-03	1     	2     	4     	8     	16    	31    	60    	109   	194   	344   	542   	889   	1379  	2096  	2987  	4078  	5259  	6586  	7712  	8502  	8809  	8637  	8015  	7158  	6186  	5277  	4252  	3213  	2366  	1768  	1244  	843   	565   	347   	210   	146   	80    	45    	26    	10    	4     	nan   

