Criação das árvores ordenadas:
n_persons	index	time        
100000   	0    	5.148950e-02
100000   	1    	6.500340e-02
100000   	2    	5.776070e-02
100000   	3    	4.855700e-02

Procura de nós nas árvores:
n_persons	index	time        
100000   	0    	5.790160e-02
100000   	1    	6.061390e-02
100000   	2    	5.752040e-02
100000   	3    	5.005880e-02

Maior profundidade das árvores:
n_persons	index	time        	depth
100000   	0    	4.905600e-03	40   
100000   	1    	4.487000e-03	40   
100000   	2    	4.888600e-03	39   
100000   	3    	5.169700e-03	40   

Número de nós em cada nível:
n_persons	index	time        	lvl0  	lvl1  	lvl2  	lvl3  	lvl4  	lvl5  	lvl6  	lvl7  	lvl8  	lvl9  	lvl10 	lvl11 	lvl12 	lvl13 	lvl14 	lvl15 	lvl16 	lvl17 	lvl18 	lvl19 	lvl20 	lvl21 	lvl22 	lvl23 	lvl24 	lvl25 	lvl26 	lvl27 	lvl28 	lvl29 	lvl30 	lvl31 	lvl32 	lvl33 	lvl34 	lvl35 	lvl36 	lvl37 	lvl38 	lvl39 	lvl40 
100000   	0    	4.041300e-03	1     	2     	4     	8     	16    	32    	61    	109   	190   	327   	577   	949   	1463  	2151  	3070  	4178  	5216  	6433  	7624  	8451  	8958  	9109  	8802  	7894  	6762  	5406  	4144  	2988  	2078  	1271  	749   	418   	229   	135   	86    	53    	26    	13    	6     	7     	4     
100000   	1    	3.848500e-03	1     	2     	4     	8     	16    	31    	61    	111   	190   	297   	450   	687   	1000  	1434  	2034  	2832  	3890  	5084  	6338  	7429  	8297  	8779  	8675  	8264  	7536  	6559  	5454  	4304  	3285  	2393  	1681  	1138  	728   	467   	274   	141   	68    	33    	15    	7     	3     
100000   	2    	4.437500e-03	1     	2     	4     	8     	16    	32    	56    	102   	194   	343   	597   	979   	1485  	2214  	3143  	4271  	5532  	6722  	7704  	8467  	8869  	8790  	8208  	7363  	6291  	5069  	4121  	3083  	2268  	1563  	1001  	669   	389   	219   	124   	57    	28    	11    	3     	2     	nan   
100000   	3    	4.382600e-03	1     	2     	4     	8     	16    	32    	63    	118   	222   	414   	698   	1178  	1798  	2600  	3614  	4720  	5847  	6835  	7673  	8153  	8164  	8003  	7417  	6633  	5810  	5002  	4005  	3195  	2458  	1797  	1213  	821   	570   	388   	244   	143   	78    	40    	16    	6     	1     

