Criação das árvores ordenadas:
n_persons	index	time        
100000   	0    	5.248670e-02
100000   	1    	6.348770e-02
100000   	2    	5.432040e-02
100000   	3    	4.708030e-02

Procura de nós nas árvores:
n_persons	index	time        
100000   	0    	5.311280e-02
100000   	1    	5.965320e-02
100000   	2    	5.590050e-02
100000   	3    	4.841580e-02

Maior profundidade das árvores:
n_persons	index	time        	depth
100000   	0    	4.738100e-03	40   
100000   	1    	4.407000e-03	41   
100000   	2    	5.032600e-03	38   
100000   	3    	5.209900e-03	40   

Número de nós em cada nível:
n_persons	index	time        	lvl0  	lvl1  	lvl2  	lvl3  	lvl4  	lvl5  	lvl6  	lvl7  	lvl8  	lvl9  	lvl10 	lvl11 	lvl12 	lvl13 	lvl14 	lvl15 	lvl16 	lvl17 	lvl18 	lvl19 	lvl20 	lvl21 	lvl22 	lvl23 	lvl24 	lvl25 	lvl26 	lvl27 	lvl28 	lvl29 	lvl30 	lvl31 	lvl32 	lvl33 	lvl34 	lvl35 	lvl36 	lvl37 	lvl38 	lvl39 	lvl40 	lvl41 
100000   	0    	4.227600e-03	1     	2     	4     	8     	16    	31    	61    	112   	213   	383   	655   	1105  	1746  	2612  	3658  	4818  	6005  	7111  	7948  	8394  	8513  	8456  	7831  	6928  	5726  	4643  	3652  	2807  	2126  	1526  	1097  	727   	451   	268   	161   	99    	53    	25    	15    	8     	5     	nan   
100000   	1    	3.959100e-03	1     	2     	4     	8     	16    	32    	64    	119   	210   	366   	593   	990   	1537  	2228  	3149  	4269  	5481  	6744  	7928  	8746  	9295  	9176  	8645  	7585  	6360  	5002  	3804  	2637  	1810  	1212  	799   	513   	303   	177   	105   	54    	20    	6     	3     	3     	3     	1     
100000   	2    	4.234300e-03	1     	2     	4     	8     	16    	32    	60    	114   	200   	346   	545   	831   	1239  	1792  	2460  	3287  	4322  	5519  	6772  	7797  	8566  	9013  	8833  	8196  	7390  	6310  	5082  	3849  	2798  	1897  	1192  	727   	411   	198   	120   	47    	16    	6     	2     	nan   	nan   	nan   
100000   	3    	4.284300e-03	1     	2     	4     	8     	16    	32    	63    	125   	242   	436   	738   	1217  	1900  	2713  	3712  	4813  	5901  	6964  	7760  	8347  	8585  	8503  	7824  	6963  	5860  	4803  	3710  	2862  	2068  	1408  	908   	576   	402   	253   	151   	74    	28    	15    	7     	4     	2     	nan   

