Criação das árvores ordenadas:
n_persons	index	time        
100000   	0    	5.331480e-02
100000   	1    	6.618360e-02
100000   	2    	5.738780e-02
100000   	3    	4.972480e-02

Procura de nós nas árvores:
n_persons	index	time        
100000   	0    	5.618010e-02
100000   	1    	6.852460e-02
100000   	2    	6.093100e-02
100000   	3    	5.342770e-02

Maior profundidade das árvores:
n_persons	index	time        	depth
100000   	0    	4.587000e-03	38   
100000   	1    	5.016500e-03	38   
100000   	2    	5.175400e-03	40   
100000   	3    	5.081600e-03	38   

Número de nós em cada nível:
n_persons	index	time        	lvl0  	lvl1  	lvl2  	lvl3  	lvl4  	lvl5  	lvl6  	lvl7  	lvl8  	lvl9  	lvl10 	lvl11 	lvl12 	lvl13 	lvl14 	lvl15 	lvl16 	lvl17 	lvl18 	lvl19 	lvl20 	lvl21 	lvl22 	lvl23 	lvl24 	lvl25 	lvl26 	lvl27 	lvl28 	lvl29 	lvl30 	lvl31 	lvl32 	lvl33 	lvl34 	lvl35 	lvl36 	lvl37 	lvl38 	lvl39 	lvl40 
100000   	0    	4.166300e-03	1     	2     	4     	8     	16    	32    	62    	109   	190   	301   	452   	684   	1065  	1665  	2428  	3425  	4576  	5635  	6721  	7639  	8327  	8639  	8626  	8146  	7387  	6390  	5339  	4085  	2933  	2019  	1311  	807   	485   	255   	125   	58    	30    	18    	5     	nan   	nan   
100000   	1    	4.152900e-03	1     	2     	4     	8     	16    	32    	64    	126   	250   	458   	819   	1383  	2233  	3321  	4608  	6032  	7428  	8615  	9304  	9480  	9343  	8561  	7325  	6038  	4661  	3456  	2441  	1592  	1014  	629   	378   	196   	102   	51    	18    	6     	2     	2     	1     	nan   	nan   
100000   	2    	4.440500e-03	1     	2     	4     	8     	16    	32    	64    	120   	219   	387   	653   	1056  	1709  	2602  	3627  	4908  	6142  	7274  	8119  	8605  	8612  	8199  	7533  	6651  	5677  	4685  	3762  	2798  	2022  	1395  	939   	686   	478   	323   	233   	167   	129   	77    	53    	23    	10    
100000   	3    	4.974600e-03	1     	2     	4     	8     	16    	32    	63    	119   	220   	386   	680   	1160  	1881  	2836  	4027  	5271  	6550  	7612  	8389  	8803  	8858  	8382  	7481  	6374  	5318  	4404  	3561  	2600  	1852  	1256  	811   	455   	279   	164   	76    	38    	22    	8     	1     	nan   	nan   

