Criação das árvores ordenadas:
n_persons	index	time        
100000   	0    	5.183510e-02
100000   	1    	6.365650e-02
100000   	2    	5.775750e-02
100000   	3    	4.936490e-02

Procura de nós nas árvores:
n_persons	index	time        
100000   	0    	5.446300e-02
100000   	1    	6.851380e-02
100000   	2    	5.812500e-02
100000   	3    	5.038040e-02

Maior profundidade das árvores:
n_persons	index	time        	depth
100000   	0    	4.315900e-03	41   
100000   	1    	4.863000e-03	39   
100000   	2    	4.817800e-03	39   
100000   	3    	4.857900e-03	38   

Número de nós em cada nível:
n_persons	index	time        	lvl0  	lvl1  	lvl2  	lvl3  	lvl4  	lvl5  	lvl6  	lvl7  	lvl8  	lvl9  	lvl10 	lvl11 	lvl12 	lvl13 	lvl14 	lvl15 	lvl16 	lvl17 	lvl18 	lvl19 	lvl20 	lvl21 	lvl22 	lvl23 	lvl24 	lvl25 	lvl26 	lvl27 	lvl28 	lvl29 	lvl30 	lvl31 	lvl32 	lvl33 	lvl34 	lvl35 	lvl36 	lvl37 	lvl38 	lvl39 	lvl40 	lvl41 
100000   	0    	3.912600e-03	1     	2     	4     	8     	16    	31    	62    	123   	241   	442   	806   	1349  	2156  	3150  	4309  	5431  	6517  	7470  	8144  	8419  	8447  	7898  	7227  	6415  	5520  	4511  	3507  	2590  	1804  	1230  	804   	510   	336   	232   	125   	71    	37    	21    	17    	9     	7     	1     
100000   	1    	4.376700e-03	1     	2     	4     	8     	16    	32    	64    	124   	233   	425   	752   	1267  	1978  	2938  	4136  	5447  	6635  	7721  	8477  	8896  	8625  	7982  	7355  	6447  	5427  	4282  	3310  	2411  	1733  	1175  	801   	525   	323   	204   	119   	69    	32    	16    	6     	2     	nan   	nan   
100000   	2    	4.503900e-03	1     	2     	4     	8     	16    	31    	60    	117   	222   	400   	694   	1122  	1770  	2641  	3663  	4831  	6061  	7157  	7968  	8554  	8750  	8469  	8013  	6984  	5842  	4656  	3709  	2796  	2014  	1362  	910   	534   	324   	167   	89    	34    	18    	5     	1     	1     	nan   	nan   
100000   	3    	4.506000e-03	1     	2     	4     	8     	16    	32    	62    	119   	228   	415   	721   	1172  	1805  	2679  	3777  	5084  	6442  	7665  	8569  	8991  	8952  	8590  	7950  	6728  	5539  	4391  	3263  	2406  	1683  	1150  	694   	402   	233   	119   	63    	28    	11    	4     	2     	nan   	nan   	nan   

