Criação das árvores ordenadas:
n_persons	index	time        
100000   	0    	5.190340e-02
100000   	1    	6.374750e-02
100000   	2    	1.181912e-01
100000   	3    	6.535170e-02

Procura de nós nas árvores:
n_persons	index	time        
100000   	0    	5.489040e-02
100000   	1    	6.147940e-02
100000   	2    	5.587630e-02
100000   	3    	4.832140e-02

Maior profundidade das árvores:
n_persons	index	time        	depth
100000   	0    	4.271400e-03	39   
100000   	1    	4.509500e-03	41   
100000   	2    	5.045500e-03	39   
100000   	3    	5.028200e-03	43   

Número de nós em cada nível:
n_persons	index	time        	lvl0  	lvl1  	lvl2  	lvl3  	lvl4  	lvl5  	lvl6  	lvl7  	lvl8  	lvl9  	lvl10 	lvl11 	lvl12 	lvl13 	lvl14 	lvl15 	lvl16 	lvl17 	lvl18 	lvl19 	lvl20 	lvl21 	lvl22 	lvl23 	lvl24 	lvl25 	lvl26 	lvl27 	lvl28 	lvl29 	lvl30 	lvl31 	lvl32 	lvl33 	lvl34 	lvl35 	lvl36 	lvl37 	lvl38 	lvl39 	lvl40 	lvl41 	lvl42 	lvl43 
100000   	0    	3.900700e-03	1     	2     	4     	8     	15    	30    	58    	112   	210   	383   	661   	1090  	1724  	2505  	3502  	4599  	5784  	6928  	7968  	8466  	8553  	8425  	7868  	7025  	6075  	4958  	3833  	2892  	2116  	1554  	1031  	693   	393   	248   	144   	83    	41    	13    	4     	1     	nan   	nan   	nan   	nan   
100000   	1    	3.884900e-03	1     	2     	4     	8     	16    	32    	63    	119   	224   	401   	657   	1053  	1619  	2357  	3312  	4446  	5693  	6917  	7823  	8457  	8668  	8407  	7706  	6901  	5839  	4856  	3945  	3123  	2373  	1778  	1232  	809   	517   	325   	167   	81    	37    	17    	5     	4     	4     	2     	nan   	nan   
100000   	2    	4.421100e-03	1     	2     	4     	8     	16    	32    	61    	116   	207   	365   	621   	1015  	1593  	2410  	3344  	4487  	5741  	6875  	7980  	8654  	9023  	8752  	8154  	7224  	6011  	4806  	3724  	2763  	2027  	1426  	983   	670   	424   	234   	139   	59    	35    	10    	3     	1     	nan   	nan   	nan   	nan   
100000   	3    	4.464800e-03	1     	2     	4     	8     	16    	32    	64    	121   	219   	378   	632   	996   	1530  	2208  	3092  	4106  	5131  	6264  	7217  	7806  	8320  	8422  	8041  	7353  	6479  	5428  	4394  	3476  	2532  	1845  	1357  	945   	605   	375   	229   	133   	90    	63    	41    	26    	11    	5     	2     	1     

