Criação das árvores ordenadas:
n_persons	index	time        
100000   	0    	5.281230e-02
100000   	1    	6.381650e-02
100000   	2    	5.641430e-02
100000   	3    	5.015910e-02

Procura de nós nas árvores:
n_persons	index	time        
100000   	0    	5.607900e-02
100000   	1    	7.132940e-02
100000   	2    	6.276700e-02
100000   	3    	5.120230e-02

Maior profundidade das árvores:
n_persons	index	time        	depth
100000   	0    	4.614500e-03	43   
100000   	1    	4.437800e-03	38   
100000   	2    	4.766400e-03	41   
100000   	3    	4.784500e-03	40   

Número de nós em cada nível:
n_persons	index	time        	lvl0  	lvl1  	lvl2  	lvl3  	lvl4  	lvl5  	lvl6  	lvl7  	lvl8  	lvl9  	lvl10 	lvl11 	lvl12 	lvl13 	lvl14 	lvl15 	lvl16 	lvl17 	lvl18 	lvl19 	lvl20 	lvl21 	lvl22 	lvl23 	lvl24 	lvl25 	lvl26 	lvl27 	lvl28 	lvl29 	lvl30 	lvl31 	lvl32 	lvl33 	lvl34 	lvl35 	lvl36 	lvl37 	lvl38 	lvl39 	lvl40 	lvl41 	lvl42 	lvl43 
100000   	0    	4.594100e-03	1     	2     	4     	8     	16    	32    	61    	116   	206   	346   	573   	864   	1308  	1873  	2562  	3390  	4367  	5334  	6218  	7189  	7730  	7853  	7685  	7297  	6631  	5816  	4980  	4229  	3402  	2716  	2162  	1649  	1156  	791   	553   	382   	226   	141   	71    	31    	15    	9     	3     	2     
100000   	1    	4.333400e-03	1     	2     	4     	8     	16    	32    	64    	117   	204   	374   	659   	1107  	1742  	2666  	3732  	5055  	6372  	7678  	8693  	9308  	9329  	8929  	8086  	6962  	5620  	4418  	3211  	2229  	1436  	879   	509   	278   	145   	73    	39    	15    	5     	2     	1     	nan   	nan   	nan   	nan   	nan   
100000   	2    	4.535500e-03	1     	2     	4     	8     	14    	27    	48    	82    	129   	206   	334   	523   	836   	1245  	1795  	2617  	3704  	4887  	6219  	7289  	8092  	8663  	8715  	8381  	7604  	6596  	5589  	4500  	3539  	2715  	1968  	1351  	938   	562   	389   	216   	127   	56    	20    	6     	2     	1     	nan   	nan   
100000   	3    	4.597600e-03	1     	2     	4     	8     	16    	32    	64    	127   	250   	478   	880   	1501  	2428  	3615  	4945  	6299  	7598  	8537  	9095  	9068  	8685  	7966  	6937  	5739  	4733  	3510  	2513  	1740  	1191  	767   	501   	299   	206   	114   	74    	39    	22    	8     	5     	2     	1     	nan   	nan   	nan   

