Criação das árvores ordenadas:
n_persons	index	time        
100000   	0    	5.748320e-02
100000   	1    	6.854520e-02
100000   	2    	6.100470e-02
100000   	3    	4.797700e-02

Procura de nós nas árvores:
n_persons	index	time        
100000   	0    	5.214010e-02
100000   	1    	6.783040e-02
100000   	2    	6.561920e-02
100000   	3    	7.922860e-02

Maior profundidade das árvores:
n_persons	index	time        	depth
100000   	0    	4.954500e-03	37   
100000   	1    	4.453600e-03	38   
100000   	2    	5.313200e-03	42   
100000   	3    	5.504300e-03	39   

Número de nós em cada nível:
n_persons	index	time        	lvl0  	lvl1  	lvl2  	lvl3  	lvl4  	lvl5  	lvl6  	lvl7  	lvl8  	lvl9  	lvl10 	lvl11 	lvl12 	lvl13 	lvl14 	lvl15 	lvl16 	lvl17 	lvl18 	lvl19 	lvl20 	lvl21 	lvl22 	lvl23 	lvl24 	lvl25 	lvl26 	lvl27 	lvl28 	lvl29 	lvl30 	lvl31 	lvl32 	lvl33 	lvl34 	lvl35 	lvl36 	lvl37 	lvl38 	lvl39 	lvl40 	lvl41 	lvl42 
100000   	0    	4.983100e-03	1     	2     	4     	8     	16    	32    	64    	127   	244   	451   	789   	1299  	2044  	3008  	4099  	5454  	6755  	7842  	8749  	9103  	9100  	8706  	7762  	6575  	5251  	4095  	3001  	2092  	1362  	897   	524   	269   	142   	69    	39    	19    	4     	2     	nan   	nan   	nan   	nan   	nan   
100000   	1    	4.516800e-03	1     	2     	4     	8     	16    	32    	63    	119   	207   	355   	556   	860   	1328  	2021  	2947  	4010  	5268  	6441  	7410  	8242  	8651  	8757  	8364  	7665  	6728  	5722  	4604  	3515  	2484  	1628  	962   	542   	273   	134   	52    	19    	6     	3     	1     	nan   	nan   	nan   	nan   
100000   	2    	4.348600e-03	1     	2     	4     	8     	16    	32    	61    	117   	218   	375   	613   	945   	1427  	2092  	2857  	3881  	5040  	6254  	7226  	7796  	8159  	7986  	7503  	6938  	6244  	5476  	4651  	3786  	2939  	2315  	1695  	1237  	840   	540   	324   	187   	98    	56    	30    	16    	8     	5     	2     
100000   	3    	5.145100e-03	1     	2     	4     	8     	16    	31    	62    	122   	229   	406   	706   	1164  	1837  	2704  	3797  	4880  	6148  	7206  	7947  	8496  	8647  	8469  	7939  	7020  	5889  	4793  	3674  	2712  	1827  	1215  	800   	509   	326   	184   	110   	60    	36    	15    	6     	3     	nan   	nan   	nan   

