Criação das árvores ordenadas:
n_persons	index	time        
100000   	0    	5.394240e-02
100000   	1    	6.629620e-02
100000   	2    	5.469890e-02
100000   	3    	4.879430e-02

Procura de nós nas árvores:
n_persons	index	time        
100000   	0    	6.736610e-02
100000   	1    	7.524850e-02
100000   	2    	5.818930e-02
100000   	3    	5.513600e-02

Maior profundidade das árvores:
n_persons	index	time        	depth
100000   	0    	4.989800e-03	39   
100000   	1    	4.559800e-03	41   
100000   	2    	5.258300e-03	39   
100000   	3    	5.660900e-03	36   

Número de nós em cada nível:
n_persons	index	time        	lvl0  	lvl1  	lvl2  	lvl3  	lvl4  	lvl5  	lvl6  	lvl7  	lvl8  	lvl9  	lvl10 	lvl11 	lvl12 	lvl13 	lvl14 	lvl15 	lvl16 	lvl17 	lvl18 	lvl19 	lvl20 	lvl21 	lvl22 	lvl23 	lvl24 	lvl25 	lvl26 	lvl27 	lvl28 	lvl29 	lvl30 	lvl31 	lvl32 	lvl33 	lvl34 	lvl35 	lvl36 	lvl37 	lvl38 	lvl39 	lvl40 	lvl41 
100000   	0    	4.346800e-03	1     	2     	4     	8     	16    	32    	64    	127   	239   	435   	762   	1274  	2017  	2911  	4050  	5255  	6409  	7504  	8271  	8583  	8423  	8047  	7273  	6361  	5403  	4319  	3480  	2641  	1983  	1440  	1016  	681   	451   	250   	122   	76    	47    	16    	4     	3     	nan   	nan   
100000   	1    	4.084600e-03	1     	2     	4     	8     	16    	31    	57    	101   	180   	310   	514   	835   	1400  	2191  	3238  	4443  	5782  	7098  	8294  	8961  	9199  	8896  	8285  	7276  	5987  	4744  	3625  	2689  	1956  	1368  	970   	617   	383   	242   	123   	67    	39    	27    	22    	13    	5     	1     
100000   	2    	4.931400e-03	1     	2     	4     	8     	16    	32    	64    	128   	244   	462   	812   	1351  	2117  	3099  	4297  	5550  	6838  	7929  	8651  	9091  	9024  	8538  	7610  	6396  	5120  	3949  	2911  	2030  	1365  	899   	577   	369   	227   	137   	73    	38    	21    	12    	6     	2     	nan   	nan   
100000   	3    	5.150000e-03	1     	2     	4     	8     	16    	32    	64    	127   	243   	456   	831   	1452  	2322  	3356  	4592  	5845  	7028  	8106  	8983  	9236  	9367  	8632  	7565  	6229  	4926  	3646  	2606  	1771  	1148  	655   	370   	187   	106   	47    	25    	13    	3     	nan   	nan   	nan   	nan   	nan   

