Criação das árvores ordenadas:
n_persons	index	time        
100000   	0    	7.182640e-02
100000   	1    	8.964870e-02
100000   	2    	6.283920e-02
100000   	3    	5.679360e-02

Procura de nós nas árvores:
n_persons	index	time        
100000   	0    	6.757460e-02
100000   	1    	9.263470e-02
100000   	2    	8.596740e-02
100000   	3    	7.931290e-02

Maior profundidade das árvores:
n_persons	index	time        	depth
100000   	0    	6.392100e-03	40   
100000   	1    	5.316100e-03	43   
100000   	2    	5.944400e-03	39   
100000   	3    	6.791600e-03	40   

Número de nós em cada nível:
n_persons	index	time        	lvl0  	lvl1  	lvl2  	lvl3  	lvl4  	lvl5  	lvl6  	lvl7  	lvl8  	lvl9  	lvl10 	lvl11 	lvl12 	lvl13 	lvl14 	lvl15 	lvl16 	lvl17 	lvl18 	lvl19 	lvl20 	lvl21 	lvl22 	lvl23 	lvl24 	lvl25 	lvl26 	lvl27 	lvl28 	lvl29 	lvl30 	lvl31 	lvl32 	lvl33 	lvl34 	lvl35 	lvl36 	lvl37 	lvl38 	lvl39 	lvl40 	lvl41 	lvl42 	lvl43 
100000   	0    	5.807500e-03	1     	2     	4     	8     	16    	32    	63    	120   	230   	418   	716   	1172  	1886  	2882  	4058  	5379  	6608  	7708  	8538  	8901  	8832  	8359  	7553  	6484  	5314  	4236  	3306  	2465  	1721  	1167  	760   	472   	280   	154   	90    	43    	13    	4     	2     	2     	1     	nan   	nan   	nan   
100000   	1    	4.958900e-03	1     	2     	4     	8     	16    	32    	63    	119   	221   	380   	618   	955   	1374  	1909  	2487  	3068  	3681  	4237  	4700  	4974  	5104  	5307  	5533  	5704  	5768  	5814  	5824  	5588  	5143  	4607  	4016  	3362  	2603  	2081  	1544  	1162  	807   	534   	330   	179   	91    	33    	13    	4     
100000   	2    	5.355100e-03	1     	2     	4     	8     	16    	32    	64    	126   	238   	432   	733   	1202  	1879  	2766  	3834  	5078  	6262  	7321  	8130  	8462  	8502  	8200  	7486  	6667  	5685  	4656  	3552  	2655  	1970  	1399  	1004  	688   	433   	249   	153   	59    	32    	15    	4     	1     	nan   	nan   	nan   	nan   
100000   	3    	5.152900e-03	1     	2     	4     	8     	16    	28    	51    	85    	141   	259   	448   	735   	1172  	1789  	2546  	3353  	4242  	5224  	6164  	6992  	7573  	7841  	7914  	7557  	6941  	6139  	5349  	4450  	3488  	2707  	2064  	1562  	1137  	780   	558   	325   	193   	100   	46    	12    	4     	nan   	nan   	nan   

