Criação das árvores ordenadas:
n_persons	index	time        
100000   	0    	6.408430e-02
100000   	1    	7.600670e-02
100000   	2    	6.545190e-02
100000   	3    	5.721550e-02

Procura de nós nas árvores:
n_persons	index	time        
100000   	0    	6.428560e-02
100000   	1    	7.990130e-02
100000   	2    	7.056520e-02
100000   	3    	5.916220e-02

Maior profundidade das árvores:
n_persons	index	time        	depth
100000   	0    	4.863600e-03	37   
100000   	1    	4.811700e-03	40   
100000   	2    	5.379900e-03	41   
100000   	3    	5.304900e-03	41   

Número de nós em cada nível:
n_persons	index	time        	lvl0  	lvl1  	lvl2  	lvl3  	lvl4  	lvl5  	lvl6  	lvl7  	lvl8  	lvl9  	lvl10 	lvl11 	lvl12 	lvl13 	lvl14 	lvl15 	lvl16 	lvl17 	lvl18 	lvl19 	lvl20 	lvl21 	lvl22 	lvl23 	lvl24 	lvl25 	lvl26 	lvl27 	lvl28 	lvl29 	lvl30 	lvl31 	lvl32 	lvl33 	lvl34 	lvl35 	lvl36 	lvl37 	lvl38 	lvl39 	lvl40 	lvl41 
100000   	0    	4.594900e-03	1     	2     	4     	8     	16    	32    	63    	124   	228   	401   	659   	1060  	1627  	2426  	3326  	4410  	5700  	7007  	8169  	8823  	9215  	8976  	8393  	7405  	6216  	4871  	3621  	2588  	1743  	1178  	750   	448   	265   	129   	59    	36    	14    	7     	nan   	nan   	nan   	nan   
100000   	1    	4.601900e-03	1     	2     	4     	8     	16    	32    	63    	117   	206   	355   	595   	959   	1402  	2000  	2750  	3656  	4707  	5826  	6881  	7657  	8139  	8336  	8113  	7607  	6852  	5926  	4888  	3884  	2970  	2142  	1508  	981   	622   	355   	213   	123   	57    	31    	12    	3     	1     	nan   
100000   	2    	4.758300e-03	1     	2     	4     	8     	16    	31    	60    	118   	218   	386   	671   	1140  	1774  	2671  	3732  	5015  	6271  	7563  	8433  	8955  	9053  	8609  	7790  	6836  	5784  	4574  	3469  	2482  	1660  	1057  	646   	414   	232   	128   	63    	49    	41    	24    	12    	4     	3     	1     
100000   	3    	5.060800e-03	1     	2     	4     	8     	16    	32    	64    	127   	244   	436   	751   	1197  	1811  	2689  	3802  	4987  	6199  	7386  	8232  	8678  	8759  	8483  	7776  	6900  	5785  	4658  	3554  	2614  	1815  	1199  	778   	486   	275   	121   	70    	32    	15    	7     	3     	1     	2     	1     

