Criação das árvores ordenadas:
n_persons	index	time        
100000   	0    	5.106320e-02
100000   	1    	6.443570e-02
100000   	2    	5.425740e-02
100000   	3    	4.973780e-02

Procura de nós nas árvores:
n_persons	index	time        
100000   	0    	5.327920e-02
100000   	1    	6.062690e-02
100000   	2    	5.661660e-02
100000   	3    	4.968340e-02

Maior profundidade das árvores:
n_persons	index	time        	depth
100000   	0    	5.079400e-03	39   
100000   	1    	5.355100e-03	39   
100000   	2    	5.307100e-03	36   
100000   	3    	5.097200e-03	39   

Número de nós em cada nível:
n_persons	index	time        	lvl0  	lvl1  	lvl2  	lvl3  	lvl4  	lvl5  	lvl6  	lvl7  	lvl8  	lvl9  	lvl10 	lvl11 	lvl12 	lvl13 	lvl14 	lvl15 	lvl16 	lvl17 	lvl18 	lvl19 	lvl20 	lvl21 	lvl22 	lvl23 	lvl24 	lvl25 	lvl26 	lvl27 	lvl28 	lvl29 	lvl30 	lvl31 	lvl32 	lvl33 	lvl34 	lvl35 	lvl36 	lvl37 	lvl38 	lvl39 
100000   	0    	3.928100e-03	1     	2     	4     	8     	16    	29    	56    	108   	202   	365   	646   	1090  	1707  	2548  	3565  	4841  	6133  	7437  	8295  	8804  	8867  	8622  	8044  	6995  	5746  	4590  	3492  	2608  	1918  	1281  	850   	510   	281   	157   	85    	55    	25    	13    	3     	1     
100000   	1    	4.531000e-03	1     	2     	4     	8     	16    	32    	64    	124   	232   	424   	747   	1253  	2030  	3068  	4276  	5648  	6968  	8035  	8844  	9022  	8869  	8300  	7423  	6327  	5077  	4004  	3022  	2183  	1484  	932   	600   	391   	250   	158   	103   	49    	17    	8     	4     	1     
100000   	2    	4.308500e-03	1     	2     	4     	8     	16    	32    	62    	124   	232   	420   	747   	1290  	2051  	2968  	4065  	5396  	6742  	8009  	8812  	9377  	9319  	8897  	7831  	6511  	5278  	3921  	2802  	1950  	1257  	799   	482   	300   	154   	73    	42    	18    	8     	nan   	nan   	nan   
100000   	3    	4.385700e-03	1     	2     	4     	8     	16    	32    	63    	118   	208   	356   	604   	966   	1498  	2258  	3130  	4113  	5159  	6187  	7124  	7847  	8326  	8264  	8013  	7507  	6583  	5634  	4621  	3554  	2641  	1801  	1280  	816   	541   	330   	200   	107   	54    	22    	11    	1     

