Criação das árvores ordenadas:
n_persons	index	time        
100000   	0    	7.604380e-02
100000   	1    	9.252510e-02
100000   	2    	6.865560e-02
100000   	3    	7.757190e-02

Procura de nós nas árvores:
n_persons	index	time        
100000   	0    	6.792080e-02
100000   	1    	7.082730e-02
100000   	2    	6.138930e-02
100000   	3    	5.169820e-02

Maior profundidade das árvores:
n_persons	index	time        	depth
100000   	0    	4.494300e-03	40   
100000   	1    	4.399300e-03	42   
100000   	2    	4.971500e-03	39   
100000   	3    	5.216200e-03	40   

Número de nós em cada nível:
n_persons	index	time        	lvl0  	lvl1  	lvl2  	lvl3  	lvl4  	lvl5  	lvl6  	lvl7  	lvl8  	lvl9  	lvl10 	lvl11 	lvl12 	lvl13 	lvl14 	lvl15 	lvl16 	lvl17 	lvl18 	lvl19 	lvl20 	lvl21 	lvl22 	lvl23 	lvl24 	lvl25 	lvl26 	lvl27 	lvl28 	lvl29 	lvl30 	lvl31 	lvl32 	lvl33 	lvl34 	lvl35 	lvl36 	lvl37 	lvl38 	lvl39 	lvl40 	lvl41 	lvl42 
100000   	0    	4.089800e-03	1     	2     	4     	8     	16    	32    	62    	114   	209   	376   	657   	1063  	1673  	2502  	3566  	4808  	6186  	7335  	8361  	8897  	9159  	8876  	8247  	7274  	5968  	4692  	3403  	2382  	1544  	962   	595   	386   	244   	163   	90    	63    	38    	19    	12    	8     	3     	nan   	nan   
100000   	1    	3.728600e-03	1     	2     	4     	8     	16    	31    	61    	118   	226   	411   	689   	1117  	1674  	2337  	3113  	3881  	4574  	5323  	6028  	6729  	7234  	7594  	7749  	7469  	7064  	6359  	5358  	4278  	3326  	2473  	1737  	1174  	751   	476   	283   	168   	79    	41    	25    	12    	5     	1     	1     
100000   	2    	4.479900e-03	1     	2     	4     	8     	16    	32    	63    	125   	233   	419   	695   	1115  	1751  	2482  	3415  	4512  	5656  	6660  	7631  	8333  	8709  	8555  	8092  	7178  	6183  	5042  	3977  	2949  	2192  	1501  	978   	612   	376   	235   	139   	72    	33    	12    	8     	4     	nan   	nan   	nan   
100000   	3    	4.626700e-03	1     	2     	4     	8     	16    	32    	64    	121   	223   	389   	653   	1049  	1590  	2367  	3338  	4446  	5648  	6816  	7876  	8577  	8809  	8671  	8027  	7027  	5952  	4919  	3909  	3028  	2243  	1567  	1106  	675   	377   	207   	131   	75    	34    	16    	5     	1     	1     	nan   	nan   

