Criação das árvores ordenadas:
n_persons	index	time        
100000   	0    	5.026240e-02
100000   	1    	6.274870e-02
100000   	2    	5.485770e-02
100000   	3    	4.700110e-02

Procura de nós nas árvores:
n_persons	index	time        
100000   	0    	5.339660e-02
100000   	1    	6.890480e-02
100000   	2    	5.648560e-02
100000   	3    	5.177110e-02

Maior profundidade das árvores:
n_persons	index	time        	depth
100000   	0    	5.855400e-03	38   
100000   	1    	5.280700e-03	40   
100000   	2    	4.960300e-03	36   
100000   	3    	5.308300e-03	39   

Número de nós em cada nível:
n_persons	index	time        	lvl0  	lvl1  	lvl2  	lvl3  	lvl4  	lvl5  	lvl6  	lvl7  	lvl8  	lvl9  	lvl10 	lvl11 	lvl12 	lvl13 	lvl14 	lvl15 	lvl16 	lvl17 	lvl18 	lvl19 	lvl20 	lvl21 	lvl22 	lvl23 	lvl24 	lvl25 	lvl26 	lvl27 	lvl28 	lvl29 	lvl30 	lvl31 	lvl32 	lvl33 	lvl34 	lvl35 	lvl36 	lvl37 	lvl38 	lvl39 	lvl40 
100000   	0    	4.024200e-03	1     	2     	4     	8     	16    	32    	63    	119   	225   	420   	726   	1170  	1814  	2653  	3636  	4742  	5939  	7053  	7960  	8532  	8658  	8312  	7595  	6812  	5907  	4911  	3838  	2872  	2058  	1452  	987   	632   	405   	219   	130   	62    	25    	6     	4     	nan   	nan   
100000   	1    	3.671700e-03	1     	2     	4     	8     	16    	31    	61    	119   	221   	400   	701   	1154  	1770  	2562  	3557  	4637  	5788  	6882  	7881  	8568  	8794  	8625  	8008  	6935  	5786  	4632  	3555  	2667  	2010  	1465  	1073  	780   	539   	347   	227   	114   	49    	21    	8     	1     	1     
100000   	2    	4.287400e-03	1     	2     	4     	8     	16    	32    	64    	128   	246   	454   	791   	1342  	2117  	3136  	4453  	5942  	7294  	8395  	9148  	9447  	9158  	8606  	7551  	6273  	4948  	3682  	2628  	1723  	1091  	632   	352   	181   	83    	39    	20    	10    	3     	nan   	nan   	nan   	nan   
100000   	3    	4.652100e-03	1     	2     	4     	8     	16    	32    	63    	118   	214   	377   	660   	1081  	1652  	2436  	3341  	4324  	5332  	6174  	7114  	7782  	8226  	8285  	7952  	7394  	6534  	5580  	4579  	3551  	2569  	1779  	1183  	739   	445   	223   	118   	67    	25    	13    	5     	2     	nan   

