Criação das árvores ordenadas:
n_persons	index	time        
100000   	0    	5.189220e-02
100000   	1    	6.150810e-02
100000   	2    	5.495080e-02
100000   	3    	5.118850e-02

Procura de nós nas árvores:
n_persons	index	time        
100000   	0    	5.487440e-02
100000   	1    	6.122080e-02
100000   	2    	5.478240e-02
100000   	3    	5.449430e-02

Maior profundidade das árvores:
n_persons	index	time        	depth
100000   	0    	4.266800e-03	41   
100000   	1    	4.466100e-03	38   
100000   	2    	4.879300e-03	41   
100000   	3    	4.864900e-03	38   

Número de nós em cada nível:
n_persons	index	time        	lvl0  	lvl1  	lvl2  	lvl3  	lvl4  	lvl5  	lvl6  	lvl7  	lvl8  	lvl9  	lvl10 	lvl11 	lvl12 	lvl13 	lvl14 	lvl15 	lvl16 	lvl17 	lvl18 	lvl19 	lvl20 	lvl21 	lvl22 	lvl23 	lvl24 	lvl25 	lvl26 	lvl27 	lvl28 	lvl29 	lvl30 	lvl31 	lvl32 	lvl33 	lvl34 	lvl35 	lvl36 	lvl37 	lvl38 	lvl39 	lvl40 	lvl41 
100000   	0    	3.875500e-03	1     	2     	4     	8     	16    	32    	64    	124   	234   	431   	763   	1244  	1895  	2760  	3809  	4939  	6118  	7207  	8033  	8488  	8617  	8224  	7606  	6699  	5751  	4755  	3753  	2846  	2009  	1360  	886   	539   	319   	198   	115   	65    	39    	26    	13    	4     	3     	1     
100000   	1    	4.294700e-03	1     	2     	4     	8     	16    	32    	64    	126   	238   	426   	733   	1204  	1892  	2747  	3862  	5013  	6221  	7331  	8103  	8755  	9076  	8802  	8054  	6821  	5544  	4380  	3373  	2498  	1749  	1158  	764   	469   	271   	136   	79    	33    	11    	3     	1     	nan   	nan   	nan   
100000   	2    	4.308300e-03	1     	2     	4     	8     	16    	32    	63    	116   	222   	394   	674   	1118  	1762  	2608  	3585  	4745  	6045  	7338  	8251  	8756  	8968  	8776  	8176  	7202  	6004  	4689  	3449  	2359  	1596  	1077  	729   	504   	338   	190   	105   	47    	22    	12    	7     	6     	3     	1     
100000   	3    	4.460100e-03	1     	2     	4     	8     	16    	32    	62    	119   	206   	354   	621   	1010  	1557  	2246  	3106  	4192  	5326  	6493  	7525  	8352  	8706  	8628  	8305  	7516  	6514  	5419  	4149  	3178  	2293  	1583  	1048  	655   	355   	202   	105   	59    	28    	18    	7     	nan   	nan   	nan   

