Criação das árvores ordenadas:
n_persons	index	time        
100000   	0    	5.185380e-02
100000   	1    	6.436200e-02
100000   	2    	7.885320e-02
100000   	3    	8.796830e-02

Procura de nós nas árvores:
n_persons	index	time        
100000   	0    	6.506330e-02
100000   	1    	6.314630e-02
100000   	2    	5.753130e-02
100000   	3    	5.142040e-02

Maior profundidade das árvores:
n_persons	index	time        	depth
100000   	0    	4.383900e-03	38   
100000   	1    	4.338300e-03	39   
100000   	2    	5.081400e-03	38   
100000   	3    	4.811400e-03	39   

Número de nós em cada nível:
n_persons	index	time        	lvl0  	lvl1  	lvl2  	lvl3  	lvl4  	lvl5  	lvl6  	lvl7  	lvl8  	lvl9  	lvl10 	lvl11 	lvl12 	lvl13 	lvl14 	lvl15 	lvl16 	lvl17 	lvl18 	lvl19 	lvl20 	lvl21 	lvl22 	lvl23 	lvl24 	lvl25 	lvl26 	lvl27 	lvl28 	lvl29 	lvl30 	lvl31 	lvl32 	lvl33 	lvl34 	lvl35 	lvl36 	lvl37 	lvl38 	lvl39 
100000   	0    	4.031400e-03	1     	2     	4     	8     	16    	32    	63    	124   	237   	422   	721   	1152  	1787  	2597  	3642  	4906  	6152  	7253  	8107  	8685  	8806  	8460  	7886  	6873  	5848  	4703  	3602  	2695  	1909  	1297  	839   	509   	309   	156   	91    	51    	36    	12    	7     	nan   
100000   	1    	3.770800e-03	1     	2     	4     	8     	16    	32    	64    	121   	218   	388   	688   	1169  	1870  	2841  	4034  	5404  	6881  	8216  	9233  	9754  	9490  	8770  	7838  	6328  	5004  	3852  	2827  	1896  	1264  	779   	447   	253   	136   	94    	42    	22    	8     	4     	1     	1     
100000   	2    	4.599600e-03	1     	2     	4     	8     	16    	32    	61    	118   	227   	426   	773   	1328  	2169  	3300  	4603  	5981  	7370  	8465  	9192  	9473  	9190  	8389  	7179  	6033  	4745  	3584  	2594  	1742  	1173  	733   	451   	269   	176   	101   	50    	23    	13    	5     	1     	nan   
100000   	3    	4.434100e-03	1     	2     	4     	8     	16    	32    	63    	124   	221   	386   	676   	1131  	1794  	2682  	3766  	5039  	6335  	7573  	8660  	9261  	9423  	9020  	8128  	6872  	5611  	4429  	3194  	2221  	1394  	867   	524   	269   	135   	74    	39    	17    	5     	1     	1     	2     

