Criação das árvores ordenadas:
n_persons	index	time        
100000   	0    	5.125900e-02
100000   	1    	6.294060e-02
100000   	2    	5.576210e-02
100000   	3    	4.875330e-02

Procura de nós nas árvores:
n_persons	index	time        
100000   	0    	5.480480e-02
100000   	1    	6.318080e-02
100000   	2    	5.920400e-02
100000   	3    	5.168490e-02

Maior profundidade das árvores:
n_persons	index	time        	depth
100000   	0    	4.924700e-03	37   
100000   	1    	4.505000e-03	43   
100000   	2    	5.153300e-03	42   
100000   	3    	5.147900e-03	39   

Número de nós em cada nível:
n_persons	index	time        	lvl0  	lvl1  	lvl2  	lvl3  	lvl4  	lvl5  	lvl6  	lvl7  	lvl8  	lvl9  	lvl10 	lvl11 	lvl12 	lvl13 	lvl14 	lvl15 	lvl16 	lvl17 	lvl18 	lvl19 	lvl20 	lvl21 	lvl22 	lvl23 	lvl24 	lvl25 	lvl26 	lvl27 	lvl28 	lvl29 	lvl30 	lvl31 	lvl32 	lvl33 	lvl34 	lvl35 	lvl36 	lvl37 	lvl38 	lvl39 	lvl40 	lvl41 	lvl42 	lvl43 
100000   	0    	4.157300e-03	1     	2     	4     	8     	16    	32    	64    	119   	217   	389   	657   	1043  	1582  	2277  	3223  	4157  	5288  	6274  	7266  	8066  	8525  	8574  	8271  	7564  	6631  	5588  	4410  	3287  	2339  	1573  	1019  	642   	421   	241   	127   	66    	30    	7     	nan   	nan   	nan   	nan   	nan   	nan   
100000   	1    	3.972300e-03	1     	2     	4     	8     	16    	29    	53    	92    	162   	287   	494   	833   	1351  	2113  	3091  	4218  	5305  	6389  	7315  	7808  	8027  	7952  	7540  	6799  	5818  	4987  	4092  	3286  	2652  	2035  	1630  	1275  	994   	833   	707   	533   	432   	309   	223   	147   	91    	48    	18    	1     
100000   	2    	4.430900e-03	1     	2     	4     	8     	16    	32    	61    	116   	212   	363   	616   	1001  	1569  	2331  	3303  	4434  	5662  	6933  	8047  	8835  	9283  	8991  	8474  	7444  	6079  	4778  	3672  	2578  	1857  	1228  	790   	493   	321   	188   	114   	76    	42    	23    	13    	6     	1     	2     	1     	nan   
100000   	3    	4.882200e-03	1     	2     	4     	8     	16    	32    	62    	114   	205   	348   	582   	951   	1454  	2127  	3022  	4000  	5028  	6046  	6908  	7615  	7901  	7964  	7647  	7095  	6360  	5562  	4711  	3855  	3131  	2349  	1757  	1257  	833   	493   	278   	143   	87    	35    	11    	6     	nan   	nan   	nan   	nan   

