Criação das árvores ordenadas:
n_persons	index	time        
100000   	0    	5.153320e-02
100000   	1    	6.799630e-02
100000   	2    	6.650700e-02
100000   	3    	4.884910e-02

Procura de nós nas árvores:
n_persons	index	time        
100000   	0    	5.445050e-02
100000   	1    	6.571040e-02
100000   	2    	5.983680e-02
100000   	3    	4.993000e-02

Maior profundidade das árvores:
n_persons	index	time        	depth
100000   	0    	4.331800e-03	39   
100000   	1    	4.420000e-03	41   
100000   	2    	5.122500e-03	41   
100000   	3    	4.946300e-03	42   

Número de nós em cada nível:
n_persons	index	time        	lvl0  	lvl1  	lvl2  	lvl3  	lvl4  	lvl5  	lvl6  	lvl7  	lvl8  	lvl9  	lvl10 	lvl11 	lvl12 	lvl13 	lvl14 	lvl15 	lvl16 	lvl17 	lvl18 	lvl19 	lvl20 	lvl21 	lvl22 	lvl23 	lvl24 	lvl25 	lvl26 	lvl27 	lvl28 	lvl29 	lvl30 	lvl31 	lvl32 	lvl33 	lvl34 	lvl35 	lvl36 	lvl37 	lvl38 	lvl39 	lvl40 	lvl41 	lvl42 
100000   	0    	3.828000e-03	1     	2     	4     	8     	16    	32    	64    	125   	243   	449   	777   	1287  	1952  	2758  	3735  	4827  	6032  	7170  	8077  	8567  	8547  	8116  	7425  	6401  	5419  	4504  	3640  	2877  	2166  	1623  	1160  	808   	532   	310   	188   	89    	46    	17    	4     	2     	nan   	nan   	nan   
100000   	1    	3.970400e-03	1     	2     	4     	8     	16    	32    	63    	118   	215   	377   	655   	1028  	1564  	2296  	3247  	4378  	5559  	6742  	7851  	8594  	9026  	8973  	8342  	7199  	6079  	4991  	3930  	2795  	2037  	1354  	925   	608   	383   	249   	150   	95    	57    	28    	15    	9     	4     	1     	nan   
100000   	2    	4.520000e-03	1     	2     	4     	8     	16    	32    	57    	106   	201   	342   	581   	945   	1432  	2030  	2831  	3673  	4661  	5625  	6676  	7522  	8228  	8503  	8310  	7796  	6899  	5792  	4729  	3821  	2901  	2131  	1486  	1001  	660   	443   	277   	158   	70    	23    	16    	5     	4     	2     	nan   
100000   	3    	4.877200e-03	1     	2     	4     	8     	16    	32    	61    	117   	215   	377   	644   	1053  	1703  	2543  	3607  	4635  	5657  	6550  	7175  	7520  	7650  	7536  	7277  	6805  	6006  	5199  	4364  	3567  	2868  	2193  	1595  	1116  	777   	475   	301   	178   	91    	50    	20    	6     	3     	2     	1     

