Criação das árvores ordenadas:
n_persons	index	time        
100000   	0    	5.334890e-02
100000   	1    	6.818970e-02
100000   	2    	5.372540e-02
100000   	3    	4.930760e-02

Procura de nós nas árvores:
n_persons	index	time        
100000   	0    	5.373500e-02
100000   	1    	6.248060e-02
100000   	2    	5.743940e-02
100000   	3    	5.077120e-02

Maior profundidade das árvores:
n_persons	index	time        	depth
100000   	0    	4.732800e-03	43   
100000   	1    	4.747600e-03	40   
100000   	2    	5.683600e-03	36   
100000   	3    	5.142200e-03	38   

Número de nós em cada nível:
n_persons	index	time        	lvl0  	lvl1  	lvl2  	lvl3  	lvl4  	lvl5  	lvl6  	lvl7  	lvl8  	lvl9  	lvl10 	lvl11 	lvl12 	lvl13 	lvl14 	lvl15 	lvl16 	lvl17 	lvl18 	lvl19 	lvl20 	lvl21 	lvl22 	lvl23 	lvl24 	lvl25 	lvl26 	lvl27 	lvl28 	lvl29 	lvl30 	lvl31 	lvl32 	lvl33 	lvl34 	lvl35 	lvl36 	lvl37 	lvl38 	lvl39 	lvl40 	lvl41 	lvl42 	lvl43 
100000   	0    	3.904100e-03	1     	2     	4     	8     	16    	30    	56    	100   	190   	350   	581   	927   	1442  	2143  	2983  	3912  	4860  	5830  	6702  	7501  	7919  	8077  	7806  	7349  	6721  	5954  	5077  	4110  	3129  	2228  	1496  	946   	589   	387   	263   	130   	72    	55    	28    	11    	8     	5     	1     	1     
100000   	1    	4.119600e-03	1     	2     	4     	8     	16    	32    	64    	121   	216   	365   	577   	924   	1410  	2013  	2740  	3621  	4597  	5668  	6756  	7435  	7899  	8167  	8006  	7653  	7044  	6113  	5113  	4026  	3039  	2206  	1607  	1076  	680   	408   	208   	88    	50    	30    	11    	4     	2     	nan   	nan   	nan   
100000   	2    	4.600300e-03	1     	2     	4     	8     	16    	32    	62    	121   	238   	440   	767   	1233  	1926  	2845  	3969  	5319  	6626  	7764  	8731  	9202  	9189  	8868  	8069  	6866  	5469  	4119  	3086  	2098  	1316  	745   	446   	225   	117   	49    	24    	5     	3     	nan   	nan   	nan   	nan   	nan   	nan   	nan   
100000   	3    	4.678300e-03	1     	2     	4     	8     	16    	32    	63    	112   	209   	368   	597   	949   	1446  	2113  	2932  	3880  	4893  	5882  	6713  	7368  	7911  	8204  	8290  	7946  	7230  	6254  	5034  	3893  	2720  	1834  	1224  	783   	500   	283   	166   	86    	38    	10    	6     	nan   	nan   	nan   	nan   	nan   

