Criação das árvores ordenadas:
n_persons	index	time        
100000   	0    	5.408640e-02
100000   	1    	6.748640e-02
100000   	2    	5.890220e-02
100000   	3    	5.244780e-02

Procura de nós nas árvores:
n_persons	index	time        
100000   	0    	5.743910e-02
100000   	1    	5.904580e-02
100000   	2    	5.578180e-02
100000   	3    	4.866790e-02

Maior profundidade das árvores:
n_persons	index	time        	depth
100000   	0    	5.010600e-03	39   
100000   	1    	5.040100e-03	43   
100000   	2    	4.940000e-03	39   
100000   	3    	5.048500e-03	39   

Número de nós em cada nível:
n_persons	index	time        	lvl0  	lvl1  	lvl2  	lvl3  	lvl4  	lvl5  	lvl6  	lvl7  	lvl8  	lvl9  	lvl10 	lvl11 	lvl12 	lvl13 	lvl14 	lvl15 	lvl16 	lvl17 	lvl18 	lvl19 	lvl20 	lvl21 	lvl22 	lvl23 	lvl24 	lvl25 	lvl26 	lvl27 	lvl28 	lvl29 	lvl30 	lvl31 	lvl32 	lvl33 	lvl34 	lvl35 	lvl36 	lvl37 	lvl38 	lvl39 	lvl40 	lvl41 	lvl42 	lvl43 
100000   	0    	4.062200e-03	1     	2     	4     	8     	16    	32    	64    	123   	232   	428   	733   	1188  	1835  	2641  	3630  	4732  	5892  	6947  	7869  	8546  	8890  	8726  	8139  	7197  	6047  	4754  	3650  	2667  	1842  	1204  	798   	493   	295   	173   	108   	54    	29    	9     	1     	1     	nan   	nan   	nan   	nan   
100000   	1    	3.800600e-03	1     	2     	4     	8     	16    	32    	61    	117   	206   	344   	541   	791   	1118  	1511  	1966  	2555  	3204  	3996  	4835  	5754  	6568  	7128  	7578  	7670  	7513  	7111  	6456  	5567  	4706  	3813  	2896  	2099  	1475  	967   	638   	355   	206   	110   	53    	21    	3     	3     	1     	1     
100000   	2    	4.247500e-03	1     	2     	4     	8     	16    	31    	62    	119   	220   	390   	680   	1132  	1775  	2590  	3599  	4649  	5786  	6818  	7563  	7962  	8191  	7959  	7461  	6854  	6017  	5121  	4197  	3377  	2547  	1792  	1239  	787   	480   	286   	164   	72    	29    	13    	5     	2     	nan   	nan   	nan   	nan   
100000   	3    	4.378300e-03	1     	2     	4     	8     	16    	32    	64    	127   	238   	413   	687   	1074  	1621  	2273  	3115  	4067  	5017  	6055  	6953  	7549  	7985  	8087  	7841  	7266  	6637  	5853  	4847  	3887  	2950  	2065  	1398  	871   	493   	265   	132   	63    	29    	13    	1     	1     	nan   	nan   	nan   	nan   

