Criação das árvores ordenadas:
n_persons	index	time        
100000   	0    	5.443890e-02
100000   	1    	6.232640e-02
100000   	2    	5.554870e-02
100000   	3    	4.858370e-02

Procura de nós nas árvores:
n_persons	index	time        
100000   	0    	5.309640e-02
100000   	1    	6.296370e-02
100000   	2    	5.545930e-02
100000   	3    	4.836370e-02

Maior profundidade das árvores:
n_persons	index	time        	depth
100000   	0    	4.377600e-03	38   
100000   	1    	5.034500e-03	39   
100000   	2    	5.002100e-03	38   
100000   	3    	4.858800e-03	44   

Número de nós em cada nível:
n_persons	index	time        	lvl0  	lvl1  	lvl2  	lvl3  	lvl4  	lvl5  	lvl6  	lvl7  	lvl8  	lvl9  	lvl10 	lvl11 	lvl12 	lvl13 	lvl14 	lvl15 	lvl16 	lvl17 	lvl18 	lvl19 	lvl20 	lvl21 	lvl22 	lvl23 	lvl24 	lvl25 	lvl26 	lvl27 	lvl28 	lvl29 	lvl30 	lvl31 	lvl32 	lvl33 	lvl34 	lvl35 	lvl36 	lvl37 	lvl38 	lvl39 	lvl40 	lvl41 	lvl42 	lvl43 	lvl44 
100000   	0    	3.937100e-03	1     	2     	4     	8     	16    	32    	64    	127   	239   	432   	744   	1191  	1829  	2681  	3698  	4860  	6011  	7085  	7971  	8592  	8765  	8609  	8022  	7132  	6013  	4839  	3733  	2715  	1841  	1145  	718   	426   	221   	119   	63    	33    	12    	4     	3     	nan   	nan   	nan   	nan   	nan   	nan   
100000   	1    	4.277400e-03	1     	2     	4     	8     	16    	32    	64    	125   	238   	426   	733   	1188  	1834  	2650  	3691  	4813  	5978  	7139  	8147  	8750  	9005  	8717  	7992  	6968  	5886  	4742  	3554  	2617  	1818  	1165  	753   	471   	234   	114   	63    	33    	14    	8     	4     	3     	nan   	nan   	nan   	nan   	nan   
100000   	2    	4.963600e-03	1     	2     	4     	8     	16    	32    	64    	126   	235   	419   	716   	1178  	1788  	2567  	3670  	4880  	6192  	7501  	8528  	9101  	9183  	8635  	7897  	6822  	5625  	4453  	3328  	2380  	1653  	1154  	763   	464   	283   	165   	87    	53    	21    	5     	1     	nan   	nan   	nan   	nan   	nan   	nan   
100000   	3    	4.261100e-03	1     	2     	4     	8     	16    	32    	63    	121   	227   	417   	722   	1144  	1708  	2380  	3097  	3893  	4595  	5222  	5682  	6122  	6425  	6657  	6763  	6669  	6389  	5932  	5397  	4683  	3958  	3180  	2411  	1787  	1325  	959   	661   	457   	345   	224   	144   	85    	47    	23    	14    	6     	3     

