Criação das árvores ordenadas:
n_persons	index	time        
100000   	0    	5.568310e-02
100000   	1    	6.494070e-02
100000   	2    	5.477620e-02
100000   	3    	5.157090e-02

Procura de nós nas árvores:
n_persons	index	time        
100000   	0    	5.388780e-02
100000   	1    	6.598490e-02
100000   	2    	5.871250e-02
100000   	3    	5.237920e-02

Maior profundidade das árvores:
n_persons	index	time        	depth
100000   	0    	5.672200e-03	39   
100000   	1    	5.922100e-03	40   
100000   	2    	5.010100e-03	36   
100000   	3    	5.186100e-03	40   

Número de nós em cada nível:
n_persons	index	time        	lvl0  	lvl1  	lvl2  	lvl3  	lvl4  	lvl5  	lvl6  	lvl7  	lvl8  	lvl9  	lvl10 	lvl11 	lvl12 	lvl13 	lvl14 	lvl15 	lvl16 	lvl17 	lvl18 	lvl19 	lvl20 	lvl21 	lvl22 	lvl23 	lvl24 	lvl25 	lvl26 	lvl27 	lvl28 	lvl29 	lvl30 	lvl31 	lvl32 	lvl33 	lvl34 	lvl35 	lvl36 	lvl37 	lvl38 	lvl39 	lvl40 
100000   	0    	4.303500e-03	1     	2     	4     	8     	16    	32    	64    	124   	231   	416   	693   	1093  	1634  	2365  	3232  	4225  	5331  	6458  	7533  	8366  	8740  	8721  	8335  	7617  	6559  	5296  	4137  	2974  	2073  	1352  	888   	576   	384   	232   	143   	82    	37    	15    	10    	1     	nan   
100000   	1    	4.753300e-03	1     	2     	4     	8     	16    	32    	61    	119   	228   	403   	694   	1086  	1687  	2416  	3310  	4353  	5556  	6709  	7619  	8278  	8650  	8584  	8058  	7207  	6124  	4930  	3841  	2885  	2159  	1566  	1156  	831   	579   	377   	228   	136   	62    	31    	12    	1     	1     
100000   	2    	4.590500e-03	1     	2     	4     	8     	16    	32    	64    	128   	249   	466   	835   	1392  	2141  	3169  	4440  	5806  	7111  	8376  	9180  	9528  	9307  	8570  	7448  	6213  	4831  	3661  	2613  	1813  	1159  	703   	372   	196   	102   	44    	18    	1     	1     	nan   	nan   	nan   	nan   
100000   	3    	4.895800e-03	1     	2     	4     	8     	16    	28    	49    	85    	154   	267   	441   	716   	1100  	1623  	2261  	3073  	3935  	4849  	5909  	6920  	7773  	8333  	8531  	8260  	7842  	6937  	5799  	4642  	3460  	2527  	1703  	1121  	736   	429   	226   	112   	63    	38    	19    	7     	1     

