Criação das árvores ordenadas:
n_persons	index	time        
100000   	0    	5.154110e-02
100000   	1    	6.174180e-02
100000   	2    	5.616870e-02
100000   	3    	4.737110e-02

Procura de nós nas árvores:
n_persons	index	time        
100000   	0    	6.596020e-02
100000   	1    	1.210870e-01
100000   	2    	7.074560e-02
100000   	3    	5.175540e-02

Maior profundidade das árvores:
n_persons	index	time        	depth
100000   	0    	4.775200e-03	37   
100000   	1    	4.435400e-03	39   
100000   	2    	4.873400e-03	40   
100000   	3    	5.157900e-03	39   

Número de nós em cada nível:
n_persons	index	time        	lvl0  	lvl1  	lvl2  	lvl3  	lvl4  	lvl5  	lvl6  	lvl7  	lvl8  	lvl9  	lvl10 	lvl11 	lvl12 	lvl13 	lvl14 	lvl15 	lvl16 	lvl17 	lvl18 	lvl19 	lvl20 	lvl21 	lvl22 	lvl23 	lvl24 	lvl25 	lvl26 	lvl27 	lvl28 	lvl29 	lvl30 	lvl31 	lvl32 	lvl33 	lvl34 	lvl35 	lvl36 	lvl37 	lvl38 	lvl39 	lvl40 
100000   	0    	4.038900e-03	1     	2     	4     	8     	16    	32    	64    	126   	239   	417   	734   	1232  	1952  	2897  	4004  	5309  	6632  	7846  	8720  	9105  	9160  	8585  	7735  	6574  	5392  	4288  	3199  	2223  	1446  	911   	513   	286   	167   	93    	49    	25    	11    	3     	nan   	nan   	nan   
100000   	1    	3.968900e-03	1     	2     	4     	8     	16    	32    	64    	122   	223   	395   	688   	1148  	1799  	2670  	3734  	4905  	6132  	7292  	8245  	8709  	8653  	8323  	7666  	6842  	5776  	4750  	3692  	2829  	2028  	1329  	831   	482   	283   	153   	91    	52    	21    	7     	2     	1     	nan   
100000   	2    	4.819200e-03	1     	2     	4     	8     	16    	32    	63    	119   	220   	392   	637   	1035  	1576  	2334  	3279  	4343  	5527  	6711  	7755  	8427  	8520  	8379  	7743  	6828  	5776  	4866  	3901  	3108  	2425  	1844  	1332  	971   	670   	428   	291   	201   	127   	61    	28    	15    	5     
100000   	3    	4.666100e-03	1     	2     	4     	8     	16    	32    	63    	120   	225   	408   	702   	1147  	1784  	2606  	3662  	4792  	6076  	7243  	8217  	8751  	8894  	8583  	7902  	6957  	5904  	4745  	3544  	2590  	1746  	1161  	829   	498   	316   	194   	107   	78    	55    	27    	9     	2     	nan   

