Criação das árvores ordenadas:
n_persons	index	time        
100000   	0    	5.320470e-02
100000   	1    	6.394900e-02
100000   	2    	5.743560e-02
100000   	3    	4.812470e-02

Procura de nós nas árvores:
n_persons	index	time        
100000   	0    	5.702200e-02
100000   	1    	6.793060e-02
100000   	2    	6.016670e-02
100000   	3    	5.212030e-02

Maior profundidade das árvores:
n_persons	index	time        	depth
100000   	0    	4.765500e-03	42   
100000   	1    	4.942000e-03	40   
100000   	2    	5.060600e-03	42   
100000   	3    	4.899300e-03	38   

Número de nós em cada nível:
n_persons	index	time        	lvl0  	lvl1  	lvl2  	lvl3  	lvl4  	lvl5  	lvl6  	lvl7  	lvl8  	lvl9  	lvl10 	lvl11 	lvl12 	lvl13 	lvl14 	lvl15 	lvl16 	lvl17 	lvl18 	lvl19 	lvl20 	lvl21 	lvl22 	lvl23 	lvl24 	lvl25 	lvl26 	lvl27 	lvl28 	lvl29 	lvl30 	lvl31 	lvl32 	lvl33 	lvl34 	lvl35 	lvl36 	lvl37 	lvl38 	lvl39 	lvl40 	lvl41 	lvl42 
100000   	0    	4.221800e-03	1     	2     	4     	8     	16    	32    	62    	122   	227   	410   	720   	1164  	1786  	2607  	3577  	4573  	5576  	6421  	6983  	7380  	7413  	7182  	6791  	6322  	5790  	5192  	4525  	3707  	2972  	2280  	1726  	1308  	966   	695   	501   	394   	275   	152   	81    	36    	15    	5     	1     
100000   	1    	4.031800e-03	1     	2     	4     	8     	16    	32    	62    	114   	208   	373   	638   	1031  	1574  	2361  	3265  	4314  	5373  	6340  	7210  	7838  	7998  	7964  	7573  	6946  	6245  	5406  	4584  	3730  	2872  	2123  	1430  	966   	609   	370   	214   	108   	58    	32    	5     	2     	1     	nan   	nan   
100000   	2    	4.399300e-03	1     	2     	4     	8     	16    	28    	48    	84    	143   	252   	438   	738   	1213  	1890  	2714  	3754  	4888  	6059  	7078  	7919  	8593  	8848  	8490  	7781  	6738  	5690  	4577  	3506  	2626  	1941  	1396  	944   	654   	398   	234   	135   	68    	38    	24    	25    	12    	4     	1     
100000   	3    	4.330000e-03	1     	2     	4     	8     	16    	32    	59    	113   	208   	377   	657   	1095  	1717  	2601  	3818  	5242  	6722  	8054  	8922  	9385  	9331  	8843  	7931  	6677  	5341  	4132  	3024  	2112  	1433  	925   	569   	319   	181   	88    	31    	15    	11    	3     	1     	nan   	nan   	nan   	nan   

