Criação das árvores ordenadas:
n_persons	index	time        
100000   	0    	5.543690e-02
100000   	1    	1.071019e-01
100000   	2    	7.589590e-02
100000   	3    	6.164390e-02

Procura de nós nas árvores:
n_persons	index	time        
100000   	0    	5.431580e-02
100000   	1    	6.328250e-02
100000   	2    	7.332440e-02
100000   	3    	5.009360e-02

Maior profundidade das árvores:
n_persons	index	time        	depth
100000   	0    	4.645700e-03	41   
100000   	1    	4.518600e-03	36   
100000   	2    	5.549100e-03	40   
100000   	3    	5.063500e-03	36   

Número de nós em cada nível:
n_persons	index	time        	lvl0  	lvl1  	lvl2  	lvl3  	lvl4  	lvl5  	lvl6  	lvl7  	lvl8  	lvl9  	lvl10 	lvl11 	lvl12 	lvl13 	lvl14 	lvl15 	lvl16 	lvl17 	lvl18 	lvl19 	lvl20 	lvl21 	lvl22 	lvl23 	lvl24 	lvl25 	lvl26 	lvl27 	lvl28 	lvl29 	lvl30 	lvl31 	lvl32 	lvl33 	lvl34 	lvl35 	lvl36 	lvl37 	lvl38 	lvl39 	lvl40 	lvl41 
100000   	0    	3.948700e-03	1     	2     	4     	8     	16    	32    	64    	124   	236   	419   	701   	1089  	1582  	2289  	3210  	4335  	5485  	6634  	7721  	8406  	8863  	8697  	8187  	7347  	6259  	5031  	3833  	2964  	2100  	1458  	999   	681   	442   	295   	200   	121   	79    	44    	18    	14    	8     	2     
100000   	1    	3.823700e-03	1     	2     	4     	8     	16    	30    	58    	111   	206   	365   	630   	1081  	1698  	2609  	3743  	5047  	6399  	7515  	8610  	9257  	9327  	8876  	8092  	7041  	5749  	4485  	3220  	2226  	1477  	925   	586   	307   	165   	84    	36    	7     	7     	nan   	nan   	nan   	nan   	nan   
100000   	2    	4.538500e-03	1     	2     	4     	8     	16    	32    	63    	119   	220   	379   	609   	994   	1572  	2345  	3313  	4405  	5395  	6391  	7205  	7935  	8200  	8122  	7850  	7330  	6541  	5595  	4555  	3534  	2574  	1792  	1186  	773   	430   	264   	130   	60    	22    	15    	14    	4     	1     	nan   
100000   	3    	5.233200e-03	1     	2     	4     	8     	16    	32    	64    	123   	230   	408   	706   	1153  	1809  	2689  	3867  	5141  	6467  	7698  	8604  	9046  	8979  	8484  	7815  	6858  	5583  	4462  	3412  	2390  	1611  	1053  	619   	355   	178   	86    	36    	10    	1     	nan   	nan   	nan   	nan   	nan   

