Criação das árvores ordenadas:
n_persons	index	time        
100000   	0    	5.071210e-02
100000   	1    	6.408470e-02
100000   	2    	5.421650e-02
100000   	3    	4.686130e-02

Procura de nós nas árvores:
n_persons	index	time        
100000   	0    	5.435210e-02
100000   	1    	6.985850e-02
100000   	2    	5.987670e-02
100000   	3    	5.180020e-02

Maior profundidade das árvores:
n_persons	index	time        	depth
100000   	0    	4.323000e-03	39   
100000   	1    	4.692600e-03	43   
100000   	2    	4.978800e-03	39   
100000   	3    	4.917400e-03	37   

Número de nós em cada nível:
n_persons	index	time        	lvl0  	lvl1  	lvl2  	lvl3  	lvl4  	lvl5  	lvl6  	lvl7  	lvl8  	lvl9  	lvl10 	lvl11 	lvl12 	lvl13 	lvl14 	lvl15 	lvl16 	lvl17 	lvl18 	lvl19 	lvl20 	lvl21 	lvl22 	lvl23 	lvl24 	lvl25 	lvl26 	lvl27 	lvl28 	lvl29 	lvl30 	lvl31 	lvl32 	lvl33 	lvl34 	lvl35 	lvl36 	lvl37 	lvl38 	lvl39 	lvl40 	lvl41 	lvl42 	lvl43 
100000   	0    	3.907500e-03	1     	2     	4     	8     	16    	30    	60    	119   	225   	418   	750   	1257  	2010  	2976  	4188  	5486  	6659  	7775  	8468  	8899  	8831  	8306  	7467  	6472  	5438  	4305  	3209  	2270  	1584  	1062  	689   	426   	264   	154   	80    	54    	23    	9     	5     	1     	nan   	nan   	nan   	nan   
100000   	1    	3.953900e-03	1     	2     	4     	8     	16    	31    	62    	117   	206   	351   	569   	880   	1300  	1835  	2466  	3199  	4067  	5055  	5896  	6526  	7064  	7366  	7347  	7185  	6705  	6157  	5437  	4644  	3808  	3179  	2551  	1947  	1381  	1013  	671   	415   	252   	141   	69    	35    	20    	12    	8     	2     
100000   	2    	4.612500e-03	1     	2     	4     	8     	16    	32    	64    	125   	240   	430   	772   	1303  	2089  	3208  	4472  	5786  	7127  	8267  	9202  	9664  	9426  	8636  	7550  	6285  	4863  	3624  	2493  	1699  	1090  	652   	395   	219   	123   	70    	35    	8     	7     	6     	4     	3     	nan   	nan   	nan   	nan   
100000   	3    	4.184200e-03	1     	2     	4     	8     	16    	32    	63    	123   	235   	421   	729   	1194  	1895  	2802  	3945  	5146  	6387  	7682  	8654  	9235  	9365  	8910  	7971  	6805  	5507  	4295  	3073  	2124  	1397  	840   	499   	287   	168   	92    	46    	28    	15    	4     	nan   	nan   	nan   	nan   	nan   	nan   

