Criação das árvores ordenadas:
n_persons	index	time        
100000   	0    	5.049270e-02
100000   	1    	6.341360e-02
100000   	2    	5.323800e-02
100000   	3    	4.687400e-02

Procura de nós nas árvores:
n_persons	index	time        
100000   	0    	5.493600e-02
100000   	1    	5.803830e-02
100000   	2    	6.477280e-02
100000   	3    	4.832460e-02

Maior profundidade das árvores:
n_persons	index	time        	depth
100000   	0    	4.355600e-03	39   
100000   	1    	4.479500e-03	40   
100000   	2    	4.869800e-03	40   
100000   	3    	4.951600e-03	39   

Número de nós em cada nível:
n_persons	index	time        	lvl0  	lvl1  	lvl2  	lvl3  	lvl4  	lvl5  	lvl6  	lvl7  	lvl8  	lvl9  	lvl10 	lvl11 	lvl12 	lvl13 	lvl14 	lvl15 	lvl16 	lvl17 	lvl18 	lvl19 	lvl20 	lvl21 	lvl22 	lvl23 	lvl24 	lvl25 	lvl26 	lvl27 	lvl28 	lvl29 	lvl30 	lvl31 	lvl32 	lvl33 	lvl34 	lvl35 	lvl36 	lvl37 	lvl38 	lvl39 	lvl40 
100000   	0    	3.933700e-03	1     	2     	4     	8     	16    	32    	64    	125   	246   	464   	806   	1308  	2000  	2954  	4055  	5287  	6353  	7331  	8105  	8433  	8400  	7963  	7342  	6613  	5600  	4548  	3600  	2766  	1968  	1366  	941   	586   	328   	187   	91    	52    	31    	15    	6     	3     	nan   
100000   	1    	3.820900e-03	1     	2     	4     	8     	16    	32    	62    	119   	211   	376   	627   	971   	1410  	1964  	2615  	3315  	4178  	4996  	6010  	6912  	7661  	8161  	8386  	8235  	7646  	6743  	5592  	4452  	3331  	2285  	1569  	972   	542   	294   	151   	80    	36    	20    	10    	4     	1     
100000   	2    	4.499300e-03	1     	2     	4     	8     	16    	32    	63    	126   	246   	447   	764   	1289  	2019  	2994  	4176  	5451  	6657  	7573  	8043  	8429  	8343  	8039  	7406  	6505  	5511  	4435  	3363  	2525  	1786  	1259  	856   	570   	407   	279   	181   	106   	46    	23    	12    	7     	1     
100000   	3    	4.658800e-03	1     	2     	4     	8     	16    	32    	64    	125   	240   	427   	713   	1157  	1768  	2620  	3732  	4926  	6237  	7391  	8317  	8819  	8775  	8325  	7592  	6590  	5529  	4465  	3576  	2861  	2076  	1426  	928   	563   	322   	161   	109   	54    	27    	14    	5     	3     	nan   

