Criação das árvores ordenadas:
n_persons	index	time        
100000   	0    	5.282570e-02
100000   	1    	6.406770e-02
100000   	2    	5.797840e-02
100000   	3    	4.870480e-02

Procura de nós nas árvores:
n_persons	index	time        
100000   	0    	5.415310e-02
100000   	1    	6.791360e-02
100000   	2    	5.609500e-02
100000   	3    	5.050620e-02

Maior profundidade das árvores:
n_persons	index	time        	depth
100000   	0    	4.702700e-03	43   
100000   	1    	4.963700e-03	42   
100000   	2    	5.325200e-03	39   
100000   	3    	5.281000e-03	38   

Número de nós em cada nível:
n_persons	index	time        	lvl0  	lvl1  	lvl2  	lvl3  	lvl4  	lvl5  	lvl6  	lvl7  	lvl8  	lvl9  	lvl10 	lvl11 	lvl12 	lvl13 	lvl14 	lvl15 	lvl16 	lvl17 	lvl18 	lvl19 	lvl20 	lvl21 	lvl22 	lvl23 	lvl24 	lvl25 	lvl26 	lvl27 	lvl28 	lvl29 	lvl30 	lvl31 	lvl32 	lvl33 	lvl34 	lvl35 	lvl36 	lvl37 	lvl38 	lvl39 	lvl40 	lvl41 	lvl42 	lvl43 
100000   	0    	4.236400e-03	1     	2     	4     	8     	16    	32    	62    	122   	234   	422   	717   	1170  	1785  	2501  	3362  	4282  	5222  	6064  	6745  	7308  	7445  	7250  	6995  	6489  	5749  	5056  	4367  	3613  	3037  	2500  	1977  	1561  	1230  	889   	626   	443   	309   	178   	106   	56    	38    	18    	7     	2     
100000   	1    	3.715800e-03	1     	2     	4     	8     	16    	32    	63    	120   	214   	367   	581   	917   	1456  	2140  	2946  	3831  	4917  	5971  	7011  	7778  	8354  	8412  	8124  	7458  	6509  	5549  	4482  	3490  	2516  	1872  	1415  	1018  	759   	553   	411   	281   	177   	116   	65    	36    	19    	7     	2     	nan   
100000   	2    	4.334800e-03	1     	2     	4     	8     	16    	32    	63    	123   	239   	434   	753   	1240  	1883  	2725  	3735  	4922  	5996  	7118  	8065  	8544  	8700  	8465  	7729  	6792  	5687  	4651  	3638  	2778  	2011  	1392  	955   	577   	342   	197   	89    	39    	28    	16    	10    	1     	nan   	nan   	nan   	nan   
100000   	3    	4.426900e-03	1     	2     	4     	8     	16    	32    	62    	114   	213   	392   	661   	1070  	1662  	2417  	3375  	4490  	5663  	6790  	7732  	8342  	8609  	8582  	8068  	7195  	6211  	5087  	3993  	3040  	2277  	1576  	961   	612   	384   	201   	102   	45    	8     	2     	1     	nan   	nan   	nan   	nan   	nan   

