Criação das árvores ordenadas:
n_persons	index	time        
100000   	0    	5.257500e-02
100000   	1    	6.284330e-02
100000   	2    	6.299110e-02
100000   	3    	5.007780e-02

Procura de nós nas árvores:
n_persons	index	time        
100000   	0    	5.377940e-02
100000   	1    	6.286830e-02
100000   	2    	5.569250e-02
100000   	3    	5.367990e-02

Maior profundidade das árvores:
n_persons	index	time        	depth
100000   	0    	4.362000e-03	38   
100000   	1    	4.319400e-03	39   
100000   	2    	5.223900e-03	38   
100000   	3    	5.273000e-03	39   

Número de nós em cada nível:
n_persons	index	time        	lvl0  	lvl1  	lvl2  	lvl3  	lvl4  	lvl5  	lvl6  	lvl7  	lvl8  	lvl9  	lvl10 	lvl11 	lvl12 	lvl13 	lvl14 	lvl15 	lvl16 	lvl17 	lvl18 	lvl19 	lvl20 	lvl21 	lvl22 	lvl23 	lvl24 	lvl25 	lvl26 	lvl27 	lvl28 	lvl29 	lvl30 	lvl31 	lvl32 	lvl33 	lvl34 	lvl35 	lvl36 	lvl37 	lvl38 	lvl39 
100000   	0    	3.860200e-03	1     	2     	4     	8     	16    	31    	57    	108   	199   	360   	622   	1017  	1606  	2330  	3182  	4162  	5164  	6195  	7104  	7828  	8317  	8391  	8190  	7614  	6733  	5726  	4613  	3473  	2592  	1742  	1147  	707   	383   	190   	94    	54    	24    	11    	3     	nan   
100000   	1    	3.875900e-03	1     	2     	4     	8     	16    	32    	64    	119   	217   	399   	709   	1174  	1806  	2608  	3617  	4663  	5676  	6521  	7253  	7779  	8079  	8037  	7707  	7231  	6526  	5496  	4415  	3408  	2447  	1616  	1029  	613   	322   	183   	111   	61    	32    	15    	3     	1     
100000   	2    	4.504800e-03	1     	2     	4     	8     	16    	32    	64    	126   	239   	433   	708   	1136  	1673  	2396  	3278  	4362  	5572  	6784  	7784  	8534  	8874  	8845  	8313  	7502  	6356  	5132  	3920  	2856  	1937  	1255  	809   	481   	271   	143   	84    	47    	17    	3     	3     	nan   
100000   	3    	4.525800e-03	1     	2     	4     	8     	16    	32    	63    	123   	243   	442   	793   	1336  	2114  	3174  	4392  	5759  	7083  	8132  	8840  	9091  	8898  	8185  	7237  	6188  	5058  	4097  	3085  	2161  	1419  	877   	515   	289   	156   	86    	50    	27    	11    	9     	3     	1     

