Criação das árvores ordenadas:
n_persons	index	time        
100000   	0    	5.217930e-02
100000   	1    	6.492580e-02
100000   	2    	5.918310e-02
100000   	3    	4.645030e-02

Procura de nós nas árvores:
n_persons	index	time        
100000   	0    	5.788840e-02
100000   	1    	7.962720e-02
100000   	2    	5.422220e-02
100000   	3    	5.358320e-02

Maior profundidade das árvores:
n_persons	index	time        	depth
100000   	0    	4.634900e-03	40   
100000   	1    	4.580300e-03	41   
100000   	2    	5.103300e-03	39   
100000   	3    	5.392900e-03	39   

Número de nós em cada nível:
n_persons	index	time        	lvl0  	lvl1  	lvl2  	lvl3  	lvl4  	lvl5  	lvl6  	lvl7  	lvl8  	lvl9  	lvl10 	lvl11 	lvl12 	lvl13 	lvl14 	lvl15 	lvl16 	lvl17 	lvl18 	lvl19 	lvl20 	lvl21 	lvl22 	lvl23 	lvl24 	lvl25 	lvl26 	lvl27 	lvl28 	lvl29 	lvl30 	lvl31 	lvl32 	lvl33 	lvl34 	lvl35 	lvl36 	lvl37 	lvl38 	lvl39 	lvl40 	lvl41 
100000   	0    	4.409500e-03	1     	2     	4     	8     	16    	32    	63    	122   	232   	407   	691   	1113  	1693  	2508  	3466  	4612  	5839  	6915  	7787  	8209  	8301  	8088  	7634  	7054  	6206  	5162  	4145  	3160  	2245  	1612  	1057  	670   	402   	244   	140   	80    	45    	23    	8     	3     	1     	nan   
100000   	1    	4.173000e-03	1     	2     	4     	8     	16    	31    	59    	114   	208   	369   	598   	972   	1456  	2103  	2887  	3861  	4816  	5771  	6686  	7347  	7789  	7961  	7847  	7433  	6832  	5945  	5030  	4053  	3110  	2283  	1574  	1068  	714   	455   	267   	167   	88    	35    	23    	14    	2     	1     
100000   	2    	4.596600e-03	1     	2     	4     	8     	16    	32    	63    	125   	239   	437   	764   	1244  	1900  	2714  	3627  	4719  	5877  	6933  	7906  	8542  	8879  	8708  	8157  	7278  	6073  	4761  	3599  	2636  	1774  	1204  	772   	467   	257   	139   	77    	42    	18    	4     	1     	1     	nan   	nan   
100000   	3    	4.716200e-03	1     	2     	4     	8     	16    	31    	62    	123   	235   	439   	791   	1308  	2077  	3099  	4349  	5629  	6818  	7777  	8420  	8716  	8580  	7897  	7105  	6140  	5093  	4183  	3369  	2525  	1828  	1272  	829   	526   	317   	191   	115   	53    	38    	22    	10    	2     	nan   	nan   

