Criação das árvores ordenadas:
n_persons	index	time        
100000   	0    	5.452340e-02
100000   	1    	6.290320e-02
100000   	2    	5.536520e-02
100000   	3    	5.043130e-02

Procura de nós nas árvores:
n_persons	index	time        
100000   	0    	5.708820e-02
100000   	1    	9.812050e-02
100000   	2    	6.004920e-02
100000   	3    	8.103820e-02

Maior profundidade das árvores:
n_persons	index	time        	depth
100000   	0    	5.492000e-03	39   
100000   	1    	5.098800e-03	37   
100000   	2    	5.381900e-03	35   
100000   	3    	5.340100e-03	42   

Número de nós em cada nível:
n_persons	index	time        	lvl0  	lvl1  	lvl2  	lvl3  	lvl4  	lvl5  	lvl6  	lvl7  	lvl8  	lvl9  	lvl10 	lvl11 	lvl12 	lvl13 	lvl14 	lvl15 	lvl16 	lvl17 	lvl18 	lvl19 	lvl20 	lvl21 	lvl22 	lvl23 	lvl24 	lvl25 	lvl26 	lvl27 	lvl28 	lvl29 	lvl30 	lvl31 	lvl32 	lvl33 	lvl34 	lvl35 	lvl36 	lvl37 	lvl38 	lvl39 	lvl40 	lvl41 	lvl42 
100000   	0    	4.125700e-03	1     	2     	4     	8     	16    	32    	63    	122   	229   	397   	658   	1065  	1640  	2315  	3187  	4292  	5516  	6669  	7614  	8318  	8710  	8574  	8170  	7356  	6380  	5195  	3902  	2990  	2156  	1594  	1096  	710   	453   	255   	164   	93    	39    	9     	5     	1     	nan   	nan   	nan   
100000   	1    	4.239300e-03	1     	2     	4     	8     	16    	32    	63    	122   	226   	396   	676   	1112  	1757  	2662  	3820  	5154  	6613  	7907  	8906  	9469  	9594  	9122  	8139  	6830  	5485  	4127  	2865  	1927  	1217  	747   	454   	256   	151   	78    	34    	20    	7     	1     	nan   	nan   	nan   	nan   	nan   
100000   	2    	4.542900e-03	1     	2     	4     	8     	16    	32    	64    	125   	232   	436   	768   	1304  	2108  	3237  	4599  	5987  	7332  	8476  	9278  	9674  	9353  	8632  	7423  	6013  	4749  	3567  	2568  	1710  	1072  	610   	307   	160   	96    	36    	16    	5     	nan   	nan   	nan   	nan   	nan   	nan   	nan   
100000   	3    	4.305500e-03	1     	2     	4     	8     	16    	32    	64    	121   	238   	443   	783   	1313  	2081  	3102  	4250  	5524  	6709  	7723  	8359  	8651  	8597  	8100  	7361  	6354  	5233  	4105  	3119  	2338  	1755  	1260  	841   	561   	382   	268   	157   	78    	28    	14    	10    	7     	4     	2     	2     

