Criação das árvores ordenadas:
n_persons	index	time        
100000   	0    	5.283550e-02
100000   	1    	6.198000e-02
100000   	2    	5.605420e-02
100000   	3    	4.718210e-02

Procura de nós nas árvores:
n_persons	index	time        
100000   	0    	5.616260e-02
100000   	1    	6.498100e-02
100000   	2    	5.840860e-02
100000   	3    	4.987130e-02

Maior profundidade das árvores:
n_persons	index	time        	depth
100000   	0    	5.114700e-03	42   
100000   	1    	5.088600e-03	37   
100000   	2    	5.274800e-03	42   
100000   	3    	5.378800e-03	40   

Número de nós em cada nível:
n_persons	index	time        	lvl0  	lvl1  	lvl2  	lvl3  	lvl4  	lvl5  	lvl6  	lvl7  	lvl8  	lvl9  	lvl10 	lvl11 	lvl12 	lvl13 	lvl14 	lvl15 	lvl16 	lvl17 	lvl18 	lvl19 	lvl20 	lvl21 	lvl22 	lvl23 	lvl24 	lvl25 	lvl26 	lvl27 	lvl28 	lvl29 	lvl30 	lvl31 	lvl32 	lvl33 	lvl34 	lvl35 	lvl36 	lvl37 	lvl38 	lvl39 	lvl40 	lvl41 	lvl42 
100000   	0    	4.652800e-03	1     	2     	4     	8     	13    	25    	47    	93    	179   	338   	607   	1027  	1696  	2619  	3766  	5085  	6352  	7478  	8315  	8666  	8675  	8366  	7676  	6903  	5854  	4740  	3700  	2676  	1875  	1261  	829   	512   	293   	151   	78    	43    	18    	8     	6     	5     	6     	3     	1     
100000   	1    	4.293900e-03	1     	2     	4     	8     	16    	32    	64    	124   	238   	444   	774   	1304  	2069  	3030  	4175  	5385  	6822  	8073  	8937  	9377  	9143  	8602  	7662  	6456  	5271  	4011  	3013  	2059  	1279  	782   	410   	236   	105   	52    	24    	10    	5     	1     	nan   	nan   	nan   	nan   	nan   
100000   	2    	4.791600e-03	1     	2     	4     	8     	16    	32    	62    	114   	208   	353   	579   	915   	1383  	1945  	2629  	3495  	4513  	5544  	6605  	7676  	8326  	8568  	8417  	7882  	7230  	6114  	5008  	3877  	2903  	2109  	1450  	900   	522   	305   	144   	79    	35    	22    	13    	8     	1     	2     	1     
100000   	3    	5.045300e-03	1     	2     	4     	8     	16    	31    	59    	106   	192   	336   	551   	885   	1344  	2031  	2904  	4019  	5305  	6716  	8007  	9040  	9572  	9606  	9004  	7873  	6556  	5060  	3664  	2574  	1765  	1170  	721   	420   	236   	121   	49    	20    	12    	6     	7     	4     	3     	nan   	nan   

