Criação das árvores ordenadas:
n_persons	index	time        
100000   	0    	5.941530e-02
100000   	1    	6.768340e-02
100000   	2    	5.970450e-02
100000   	3    	5.034420e-02

Procura de nós nas árvores:
n_persons	index	time        
100000   	0    	5.671290e-02
100000   	1    	6.851860e-02
100000   	2    	6.776140e-02
100000   	3    	5.015380e-02

Maior profundidade das árvores:
n_persons	index	time        	depth
100000   	0    	4.276300e-03	36   
100000   	1    	4.676300e-03	37   
100000   	2    	4.807300e-03	39   
100000   	3    	5.013600e-03	36   

Número de nós em cada nível:
n_persons	index	time        	lvl0  	lvl1  	lvl2  	lvl3  	lvl4  	lvl5  	lvl6  	lvl7  	lvl8  	lvl9  	lvl10 	lvl11 	lvl12 	lvl13 	lvl14 	lvl15 	lvl16 	lvl17 	lvl18 	lvl19 	lvl20 	lvl21 	lvl22 	lvl23 	lvl24 	lvl25 	lvl26 	lvl27 	lvl28 	lvl29 	lvl30 	lvl31 	lvl32 	lvl33 	lvl34 	lvl35 	lvl36 	lvl37 	lvl38 	lvl39 
100000   	0    	4.065200e-03	1     	2     	4     	8     	16    	32    	63    	122   	230   	422   	746   	1254  	2043  	3118  	4575  	6011  	7486  	8750  	9624  	9782  	9406  	8617  	7336  	5909  	4482  	3276  	2346  	1609  	1103  	685   	419   	254   	149   	73    	33    	12    	2     	nan   	nan   	nan   
100000   	1    	4.325000e-03	1     	2     	4     	8     	16    	32    	64    	125   	238   	441   	781   	1329  	2134  	3168  	4461  	5878  	7261  	8548  	9414  	9687  	9428  	8537  	7477  	6102  	4776  	3495  	2559  	1694  	1039  	633   	340   	190   	84    	32    	15    	5     	1     	1     	nan   	nan   
100000   	2    	4.431000e-03	1     	2     	4     	8     	16    	32    	64    	123   	232   	419   	736   	1211  	1895  	2844  	4016  	5336  	6630  	7785  	8662  	9225  	8972  	8548  	7571  	6536  	5436  	4228  	3150  	2234  	1567  	1033  	608   	372   	212   	124   	66    	42    	31    	18    	7     	4     
100000   	3    	4.496200e-03	1     	2     	4     	8     	16    	32    	63    	126   	240   	453   	827   	1404  	2252  	3425  	4802  	6302  	7707  	8710  	9268  	9338  	9010  	8298  	7145  	5874  	4606  	3478  	2536  	1675  	1024  	613   	354   	193   	98    	60    	31    	18    	7     	nan   	nan   	nan   

