Criação das árvores ordenadas:
n_persons	index	time        
100000   	0    	5.731340e-02
100000   	1    	6.705550e-02
100000   	2    	5.847560e-02
100000   	3    	5.365270e-02

Procura de nós nas árvores:
n_persons	index	time        
100000   	0    	6.498690e-02
100000   	1    	7.712300e-02
100000   	2    	6.101190e-02
100000   	3    	5.934820e-02

Maior profundidade das árvores:
n_persons	index	time        	depth
100000   	0    	4.878600e-03	40   
100000   	1    	5.123400e-03	40   
100000   	2    	5.443600e-03	39   
100000   	3    	5.421200e-03	40   

Número de nós em cada nível:
n_persons	index	time        	lvl0  	lvl1  	lvl2  	lvl3  	lvl4  	lvl5  	lvl6  	lvl7  	lvl8  	lvl9  	lvl10 	lvl11 	lvl12 	lvl13 	lvl14 	lvl15 	lvl16 	lvl17 	lvl18 	lvl19 	lvl20 	lvl21 	lvl22 	lvl23 	lvl24 	lvl25 	lvl26 	lvl27 	lvl28 	lvl29 	lvl30 	lvl31 	lvl32 	lvl33 	lvl34 	lvl35 	lvl36 	lvl37 	lvl38 	lvl39 	lvl40 
100000   	0    	4.289700e-03	1     	2     	4     	8     	15    	27    	52    	99    	185   	332   	572   	950   	1536  	2296  	3280  	4392  	5635  	6776  	7796  	8561  	8918  	8778  	8282  	7376  	6225  	5059  	3989  	2926  	2061  	1407  	957   	619   	371   	223   	144   	74    	38    	21    	9     	3     	1     
100000   	1    	4.138400e-03	1     	2     	4     	8     	16    	32    	64    	120   	223   	407   	642   	984   	1468  	2068  	2847  	3781  	4872  	5941  	6969  	7743  	8259  	8367  	8193  	7689  	6839  	5878  	4889  	3743  	2684  	1947  	1305  	845   	531   	319   	175   	85    	35    	13    	8     	3     	1     
100000   	2    	4.585500e-03	1     	2     	4     	8     	16    	31    	62    	119   	229   	419   	726   	1188  	1835  	2714  	3679  	4644  	5542  	6390  	7221  	7870  	8143  	8163  	7900  	7148  	6382  	5328  	4222  	3223  	2403  	1649  	1135  	723   	425   	238   	117   	58    	26    	11    	4     	2     	nan   
100000   	3    	4.775500e-03	1     	2     	4     	8     	16    	32    	62    	121   	233   	419   	728   	1171  	1832  	2743  	3914  	5284  	6761  	8012  	9034  	9627  	9512  	8957  	7963  	6780  	5373  	4007  	2836  	1856  	1158  	712   	406   	224   	104   	52    	26    	13    	11    	2     	2     	1     	1     

