Criação das árvores ordenadas:
n_persons	index	time        
100000   	0    	5.168990e-02
100000   	1    	6.326630e-02
100000   	2    	5.668470e-02
100000   	3    	4.547860e-02

Procura de nós nas árvores:
n_persons	index	time        
100000   	0    	5.441380e-02
100000   	1    	6.073490e-02
100000   	2    	5.621990e-02
100000   	3    	4.832670e-02

Maior profundidade das árvores:
n_persons	index	time        	depth
100000   	0    	4.436100e-03	42   
100000   	1    	4.551600e-03	41   
100000   	2    	5.651700e-03	39   
100000   	3    	5.297400e-03	38   

Número de nós em cada nível:
n_persons	index	time        	lvl0  	lvl1  	lvl2  	lvl3  	lvl4  	lvl5  	lvl6  	lvl7  	lvl8  	lvl9  	lvl10 	lvl11 	lvl12 	lvl13 	lvl14 	lvl15 	lvl16 	lvl17 	lvl18 	lvl19 	lvl20 	lvl21 	lvl22 	lvl23 	lvl24 	lvl25 	lvl26 	lvl27 	lvl28 	lvl29 	lvl30 	lvl31 	lvl32 	lvl33 	lvl34 	lvl35 	lvl36 	lvl37 	lvl38 	lvl39 	lvl40 	lvl41 	lvl42 
100000   	0    	4.175700e-03	1     	2     	4     	8     	16    	32    	63    	113   	207   	362   	587   	905   	1348  	1939  	2606  	3361  	4159  	5163  	6183  	7040  	7608  	8008  	8114  	7821  	7133  	6287  	5270  	4432  	3411  	2549  	1783  	1231  	872   	580   	341   	209   	125   	71    	36    	10    	7     	2     	1     
100000   	1    	4.065800e-03	1     	2     	4     	8     	16    	31    	61    	116   	220   	394   	678   	1091  	1662  	2437  	3307  	4253  	5126  	5964  	6580  	7141  	7451  	7687  	7494  	7083  	6499  	5787  	4897  	4031  	3050  	2256  	1627  	1134  	747   	502   	304   	180   	85    	44    	25    	14    	8     	3     	nan   
100000   	2    	5.395600e-03	1     	2     	4     	8     	16    	31    	58    	110   	200   	352   	602   	969   	1515  	2211  	3157  	4216  	5453  	6626  	7698  	8436  	8732  	8600  	8118  	7218  	6217  	5125  	4103  	3178  	2368  	1601  	1075  	716   	481   	297   	204   	139   	96    	48    	15    	4     	nan   	nan   	nan   
100000   	3    	4.945900e-03	1     	2     	4     	8     	16    	32    	64    	127   	246   	464   	851   	1452  	2377  	3630  	5095  	6654  	8151  	9415  	9874  	9943  	9282  	8164  	6705  	5302  	3991  	2833  	1932  	1331  	870   	551   	319   	149   	78    	41    	23    	12    	7     	3     	1     	nan   	nan   	nan   	nan   

