Criação das árvores ordenadas:
n_persons	index	time        
100000   	0    	5.449380e-02
100000   	1    	6.267330e-02
100000   	2    	5.636070e-02
100000   	3    	4.608560e-02

Procura de nós nas árvores:
n_persons	index	time        
100000   	0    	5.334290e-02
100000   	1    	6.213260e-02
100000   	2    	5.847280e-02
100000   	3    	4.836730e-02

Maior profundidade das árvores:
n_persons	index	time        	depth
100000   	0    	4.252700e-03	40   
100000   	1    	4.616300e-03	40   
100000   	2    	4.808300e-03	37   
100000   	3    	4.769800e-03	37   

Número de nós em cada nível:
n_persons	index	time        	lvl0  	lvl1  	lvl2  	lvl3  	lvl4  	lvl5  	lvl6  	lvl7  	lvl8  	lvl9  	lvl10 	lvl11 	lvl12 	lvl13 	lvl14 	lvl15 	lvl16 	lvl17 	lvl18 	lvl19 	lvl20 	lvl21 	lvl22 	lvl23 	lvl24 	lvl25 	lvl26 	lvl27 	lvl28 	lvl29 	lvl30 	lvl31 	lvl32 	lvl33 	lvl34 	lvl35 	lvl36 	lvl37 	lvl38 	lvl39 	lvl40 
100000   	0    	3.820300e-03	1     	2     	4     	8     	16    	32    	60    	112   	198   	326   	526   	791   	1216  	1797  	2550  	3415  	4304  	5208  	6144  	6842  	7405  	7781  	7753  	7568  	7034  	6297  	5341  	4437  	3567  	2801  	2112  	1518  	1058  	743   	441   	275   	165   	80    	43    	24    	5     
100000   	1    	4.272200e-03	1     	2     	4     	8     	16    	32    	63    	122   	233   	436   	790   	1357  	2190  	3278  	4558  	5967  	7130  	8219  	8924  	9153  	8780  	8079  	6964  	5829  	4684  	3674  	2792  	2118  	1564  	1079  	723   	515   	279   	183   	118   	62    	30    	20    	14    	7     	3     
100000   	2    	4.553700e-03	1     	2     	4     	8     	16    	31    	60    	116   	221   	408   	674   	1100  	1704  	2474  	3472  	4550  	5625  	6748  	7616  	8252  	8507  	8445  	8133  	7326  	6331  	5214  	4149  	3148  	2180  	1443  	909   	524   	305   	173   	83    	33    	10    	5     	nan   	nan   	nan   
100000   	3    	4.522400e-03	1     	2     	4     	8     	16    	31    	60    	117   	219   	395   	694   	1143  	1838  	2725  	3864  	5185  	6433  	7718  	8607  	9120  	9240  	8882  	8096  	6885  	5637  	4298  	3065  	2172  	1435  	891   	543   	313   	195   	95    	46    	20    	5     	2     	nan   	nan   	nan   

