Criação das árvores ordenadas:
n_persons	index	time        
100000   	0    	5.216870e-02
100000   	1    	6.244810e-02
100000   	2    	6.348120e-02
100000   	3    	4.800260e-02

Procura de nós nas árvores:
n_persons	index	time        
100000   	0    	5.420830e-02
100000   	1    	6.235020e-02
100000   	2    	7.257160e-02
100000   	3    	9.255810e-02

Maior profundidade das árvores:
n_persons	index	time        	depth
100000   	0    	5.278000e-03	40   
100000   	1    	6.160800e-03	39   
100000   	2    	5.884200e-03	38   
100000   	3    	5.956800e-03	39   

Número de nós em cada nível:
n_persons	index	time        	lvl0  	lvl1  	lvl2  	lvl3  	lvl4  	lvl5  	lvl6  	lvl7  	lvl8  	lvl9  	lvl10 	lvl11 	lvl12 	lvl13 	lvl14 	lvl15 	lvl16 	lvl17 	lvl18 	lvl19 	lvl20 	lvl21 	lvl22 	lvl23 	lvl24 	lvl25 	lvl26 	lvl27 	lvl28 	lvl29 	lvl30 	lvl31 	lvl32 	lvl33 	lvl34 	lvl35 	lvl36 	lvl37 	lvl38 	lvl39 	lvl40 
100000   	0    	6.418600e-03	1     	2     	4     	8     	16    	32    	63    	122   	216   	384   	619   	983   	1545  	2253  	3199  	4371  	5627  	6879  	7895  	8598  	8695  	8432  	7859  	7080  	6136  	5107  	4007  	2993  	2198  	1594  	1124  	783   	488   	304   	181   	100   	55    	27    	11    	5     	4     
100000   	1    	4.527900e-03	1     	2     	4     	8     	16    	32    	62    	122   	221   	400   	687   	1098  	1692  	2445  	3350  	4417  	5466  	6557  	7600  	8341  	8657  	8687  	8213  	7441  	6410  	5246  	4029  	2871  	1963  	1392  	918   	578   	380   	268   	179   	116   	77    	35    	13    	6     	nan   
100000   	2    	4.545600e-03	1     	2     	4     	8     	16    	32    	63    	123   	233   	405   	694   	1135  	1750  	2583  	3667  	5049  	6378  	7653  	8727  	9355  	9353  	9011  	8195  	6979  	5594  	4327  	3165  	2155  	1415  	871   	522   	271   	127   	76    	34    	14    	7     	3     	3     	nan   	nan   
100000   	3    	4.717000e-03	1     	2     	4     	8     	16    	31    	62    	117   	222   	383   	630   	990   	1488  	2108  	2901  	3810  	4841  	5907  	6934  	7744  	8305  	8430  	8327  	7716  	6895  	5807  	4729  	3666  	2708  	1985  	1299  	851   	513   	282   	143   	72    	43    	20    	8     	2     	nan   

