Criação das árvores ordenadas:
n_persons	index	time        
100000   	0    	5.982130e-02
100000   	1    	1.387286e-01
100000   	2    	7.794640e-02
100000   	3    	5.444010e-02

Procura de nós nas árvores:
n_persons	index	time        
100000   	0    	7.247070e-02
100000   	1    	1.158200e-01
100000   	2    	7.687680e-02
100000   	3    	6.383540e-02

Maior profundidade das árvores:
n_persons	index	time        	depth
100000   	0    	5.458200e-03	38   
100000   	1    	4.939800e-03	38   
100000   	2    	6.003000e-03	39   
100000   	3    	5.684500e-03	37   

Número de nós em cada nível:
n_persons	index	time        	lvl0  	lvl1  	lvl2  	lvl3  	lvl4  	lvl5  	lvl6  	lvl7  	lvl8  	lvl9  	lvl10 	lvl11 	lvl12 	lvl13 	lvl14 	lvl15 	lvl16 	lvl17 	lvl18 	lvl19 	lvl20 	lvl21 	lvl22 	lvl23 	lvl24 	lvl25 	lvl26 	lvl27 	lvl28 	lvl29 	lvl30 	lvl31 	lvl32 	lvl33 	lvl34 	lvl35 	lvl36 	lvl37 	lvl38 	lvl39 
100000   	0    	4.416000e-03	1     	2     	4     	8     	16    	32    	64    	125   	235   	415   	725   	1177  	1845  	2761  	3838  	4903  	5972  	6963  	7825  	8389  	8529  	8369  	7897  	7180  	6056  	4928  	3829  	2752  	1852  	1242  	856   	550   	335   	186   	87    	30    	16    	4     	2     	nan   
100000   	1    	5.015900e-03	1     	2     	4     	8     	16    	32    	64    	127   	250   	469   	808   	1354  	2062  	2993  	4116  	5291  	6573  	7640  	8534  	8920  	8921  	8476  	7546  	6534  	5350  	4235  	3245  	2312  	1618  	1054  	680   	381   	203   	101   	47    	20    	11    	1     	1     	nan   
100000   	2    	4.869800e-03	1     	2     	4     	8     	16    	32    	61    	111   	192   	327   	555   	875   	1342  	2009  	2839  	3831  	4972  	6199  	7318  	8222  	8756  	8951  	8587  	7954  	6877  	5602  	4415  	3325  	2392  	1670  	1086  	667   	409   	210   	109   	49    	14    	7     	3     	1     
100000   	3    	5.046700e-03	1     	2     	4     	8     	16    	32    	64    	126   	238   	441   	759   	1268  	1971  	2863  	3856  	4810  	5868  	6856  	7624  	8153  	8330  	8323  	7918  	7145  	6159  	5116  	3895  	2819  	1934  	1301  	881   	529   	293   	188   	107   	56    	34    	12    	nan   	nan   

