Criação das árvores ordenadas:
n_persons	index	time        
100000   	0    	5.389510e-02
100000   	1    	6.582790e-02
100000   	2    	6.791290e-02
100000   	3    	6.552510e-02

Procura de nós nas árvores:
n_persons	index	time        
100000   	0    	5.679680e-02
100000   	1    	6.557360e-02
100000   	2    	5.715140e-02
100000   	3    	5.397420e-02

Maior profundidade das árvores:
n_persons	index	time        	depth
100000   	0    	4.486800e-03	42   
100000   	1    	4.323500e-03	41   
100000   	2    	4.747200e-03	36   
100000   	3    	5.263700e-03	40   

Número de nós em cada nível:
n_persons	index	time        	lvl0  	lvl1  	lvl2  	lvl3  	lvl4  	lvl5  	lvl6  	lvl7  	lvl8  	lvl9  	lvl10 	lvl11 	lvl12 	lvl13 	lvl14 	lvl15 	lvl16 	lvl17 	lvl18 	lvl19 	lvl20 	lvl21 	lvl22 	lvl23 	lvl24 	lvl25 	lvl26 	lvl27 	lvl28 	lvl29 	lvl30 	lvl31 	lvl32 	lvl33 	lvl34 	lvl35 	lvl36 	lvl37 	lvl38 	lvl39 	lvl40 	lvl41 	lvl42 
100000   	0    	3.968600e-03	1     	2     	4     	8     	16    	30    	58    	107   	192   	355   	645   	1125  	1885  	2934  	4284  	5837  	7465  	8711  	9551  	9936  	9817  	8886  	7619  	6239  	4746  	3374  	2287  	1539  	1008  	613   	346   	183   	84    	55    	30    	15    	6     	1     	1     	2     	1     	1     	1     
100000   	1    	4.538500e-03	1     	2     	4     	8     	16    	32    	64    	126   	237   	435   	739   	1217  	1856  	2677  	3625  	4654  	5652  	6650  	7529  	8245  	8455  	8427  	7980  	7334  	6244  	5076  	4061  	3042  	2174  	1461  	953   	512   	279   	146   	51    	18    	9     	3     	2     	2     	1     	1     	nan   
100000   	2    	4.474600e-03	1     	2     	4     	8     	16    	32    	64    	123   	216   	387   	659   	1070  	1709  	2605  	3710  	5069  	6679  	8022  	9144  	9872  	10037 	9416  	8179  	6681  	5273  	3867  	2692  	1841  	1172  	691   	385   	196   	99    	49    	18    	8     	4     	nan   	nan   	nan   	nan   	nan   	nan   
100000   	3    	4.833000e-03	1     	2     	4     	8     	16    	31    	59    	104   	183   	321   	541   	909   	1428  	2109  	2945  	3979  	5009  	6105  	7090  	7915  	8415  	8377  	8046  	7445  	6574  	5662  	4653  	3696  	2779  	2014  	1362  	894   	549   	328   	197   	129   	54    	37    	21    	8     	1     	nan   	nan   

