Criação das árvores ordenadas:
n_persons	index	time        
100000   	0    	9.668670e-02
100000   	1    	9.218420e-02
100000   	2    	9.032110e-02
100000   	3    	7.281400e-02

Procura de nós nas árvores:
n_persons	index	time        
100000   	0    	8.011280e-02
100000   	1    	1.079138e-01
100000   	2    	9.959360e-02
100000   	3    	1.294039e-01

Maior profundidade das árvores:
n_persons	index	time        	depth
100000   	0    	1.386660e-02	37   
100000   	1    	1.711780e-02	39   
100000   	2    	1.519860e-02	41   
100000   	3    	5.988400e-03	39   

Número de nós em cada nível:
n_persons	index	time        	lvl0  	lvl1  	lvl2  	lvl3  	lvl4  	lvl5  	lvl6  	lvl7  	lvl8  	lvl9  	lvl10 	lvl11 	lvl12 	lvl13 	lvl14 	lvl15 	lvl16 	lvl17 	lvl18 	lvl19 	lvl20 	lvl21 	lvl22 	lvl23 	lvl24 	lvl25 	lvl26 	lvl27 	lvl28 	lvl29 	lvl30 	lvl31 	lvl32 	lvl33 	lvl34 	lvl35 	lvl36 	lvl37 	lvl38 	lvl39 	lvl40 	lvl41 
100000   	0    	1.199070e-02	1     	2     	4     	8     	16    	31    	62    	119   	224   	415   	732   	1232  	1904  	2838  	3970  	5079  	6286  	7320  	8093  	8625  	8750  	8497  	7865  	6900  	5940  	4800  	3653  	2619  	1764  	1096  	591   	308   	155   	67    	24    	7     	2     	1     	nan   	nan   	nan   	nan   
100000   	1    	5.441900e-03	1     	2     	4     	8     	16    	32    	63    	120   	220   	387   	680   	1145  	1846  	2778  	3890  	5223  	6556  	7743  	8694  	9152  	8960  	8393  	7635  	6641  	5389  	4223  	3212  	2300  	1612  	1102  	719   	471   	300   	193   	133   	85    	40    	21    	9     	2     	nan   	nan   
100000   	2    	7.184400e-03	1     	2     	4     	8     	16    	31    	60    	113   	205   	364   	596   	921   	1345  	1864  	2481  	3262  	4147  	5200  	6274  	7298  	8125  	8648  	8610  	8200  	7437  	6575  	5362  	4211  	3100  	2153  	1350  	841   	515   	320   	181   	98    	44    	22    	10    	3     	2     	1     
100000   	3    	5.585200e-03	1     	2     	4     	8     	16    	32    	64    	128   	252   	471   	841   	1405  	2173  	3140  	4324  	5612  	6938  	8008  	8771  	9044  	8904  	8323  	7468  	6313  	5100  	4033  	2914  	2068  	1397  	936   	599   	334   	177   	90    	56    	31    	11    	7     	3     	2     	nan   	nan   

