Criação das árvores ordenadas:
n_persons	index	time        
100000   	0    	5.141660e-02
100000   	1    	6.214530e-02
100000   	2    	5.525780e-02
100000   	3    	4.678790e-02

Procura de nós nas árvores:
n_persons	index	time        
100000   	0    	5.333790e-02
100000   	1    	6.755190e-02
100000   	2    	5.770250e-02
100000   	3    	5.202220e-02

Maior profundidade das árvores:
n_persons	index	time        	depth
100000   	0    	4.735700e-03	38   
100000   	1    	4.327500e-03	38   
100000   	2    	4.779300e-03	40   
100000   	3    	5.315100e-03	39   

Número de nós em cada nível:
n_persons	index	time        	lvl0  	lvl1  	lvl2  	lvl3  	lvl4  	lvl5  	lvl6  	lvl7  	lvl8  	lvl9  	lvl10 	lvl11 	lvl12 	lvl13 	lvl14 	lvl15 	lvl16 	lvl17 	lvl18 	lvl19 	lvl20 	lvl21 	lvl22 	lvl23 	lvl24 	lvl25 	lvl26 	lvl27 	lvl28 	lvl29 	lvl30 	lvl31 	lvl32 	lvl33 	lvl34 	lvl35 	lvl36 	lvl37 	lvl38 	lvl39 	lvl40 
100000   	0    	4.206800e-03	1     	2     	4     	8     	16    	31    	61    	116   	219   	394   	683   	1150  	1831  	2661  	3728  	4872  	6020  	7245  	8207  	8949  	9234  	8859  	8269  	7245  	5912  	4681  	3470  	2449  	1559  	949   	535   	316   	160   	90    	42    	23    	6     	1     	2     	nan   	nan   
100000   	1    	3.847300e-03	1     	2     	4     	8     	16    	32    	63    	126   	246   	461   	821   	1356  	2119  	3076  	4214  	5398  	6481  	7469  	8194  	8598  	8414  	8034  	7318  	6468  	5427  	4486  	3544  	2645  	1898  	1250  	780   	487   	283   	142   	76    	35    	16    	8     	4     	nan   	nan   
100000   	2    	4.263200e-03	1     	2     	4     	8     	16    	31    	60    	102   	176   	299   	495   	811   	1280  	1946  	2821  	3907  	5131  	6473  	7693  	8818  	9454  	9392  	8776  	7731  	6475  	5234  	4032  	2890  	2101  	1434  	920   	592   	388   	237   	136   	70    	33    	14    	8     	6     	3     
100000   	3    	4.422700e-03	1     	2     	4     	8     	16    	32    	64    	121   	211   	362   	617   	1028  	1636  	2441  	3461  	4624  	5968  	7189  	8262  	8833  	8950  	8825  	8215  	7234  	6115  	4934  	3751  	2621  	1782  	1160  	698   	413   	226   	113   	51    	24    	3     	2     	2     	1     	nan   

