Criação das árvores ordenadas:
n_persons	index	time        
100000   	0    	5.370590e-02
100000   	1    	6.184590e-02
100000   	2    	5.314340e-02
100000   	3    	4.588030e-02

Procura de nós nas árvores:
n_persons	index	time        
100000   	0    	5.264210e-02
100000   	1    	5.800220e-02
100000   	2    	5.294030e-02
100000   	3    	4.823490e-02

Maior profundidade das árvores:
n_persons	index	time        	depth
100000   	0    	4.275100e-03	42   
100000   	1    	4.206600e-03	36   
100000   	2    	5.326100e-03	36   
100000   	3    	4.781000e-03	38   

Número de nós em cada nível:
n_persons	index	time        	lvl0  	lvl1  	lvl2  	lvl3  	lvl4  	lvl5  	lvl6  	lvl7  	lvl8  	lvl9  	lvl10 	lvl11 	lvl12 	lvl13 	lvl14 	lvl15 	lvl16 	lvl17 	lvl18 	lvl19 	lvl20 	lvl21 	lvl22 	lvl23 	lvl24 	lvl25 	lvl26 	lvl27 	lvl28 	lvl29 	lvl30 	lvl31 	lvl32 	lvl33 	lvl34 	lvl35 	lvl36 	lvl37 	lvl38 	lvl39 	lvl40 	lvl41 	lvl42 
100000   	0    	3.769100e-03	1     	2     	4     	8     	16    	32    	63    	115   	202   	352   	554   	886   	1337  	1937  	2620  	3449  	4322  	5138  	6000  	6679  	7221  	7447  	7529  	7291  	6745  	6024  	5138  	4384  	3662  	2947  	2307  	1740  	1305  	959   	630   	406   	265   	152   	68    	38    	18    	6     	1     
100000   	1    	4.007800e-03	1     	2     	4     	8     	16    	32    	64    	126   	236   	440   	792   	1341  	2208  	3339  	4711  	6157  	7612  	8616  	9210  	9568  	9242  	8428  	7152  	5792  	4557  	3478  	2565  	1756  	1140  	660   	369   	190   	92    	51    	29    	13    	3     	nan   	nan   	nan   	nan   	nan   	nan   
100000   	2    	4.280000e-03	1     	2     	4     	8     	16    	32    	64    	124   	242   	453   	792   	1364  	2193  	3359  	4727  	6217  	7634  	8762  	9377  	9257  	8915  	8100  	6977  	5717  	4681  	3567  	2625  	1836  	1262  	768   	456   	259   	122   	55    	19    	12    	1     	nan   	nan   	nan   	nan   	nan   	nan   
100000   	3    	4.453400e-03	1     	2     	4     	8     	16    	32    	63    	123   	233   	446   	779   	1286  	2020  	3028  	4146  	5465  	6734  	7887  	8727  	9116  	9016  	8371  	7351  	6219  	5107  	4050  	3080  	2253  	1586  	1076  	703   	465   	279   	157   	79    	50    	27    	11    	4     	nan   	nan   	nan   	nan   

