Criação das árvores ordenadas:
n_persons	index	time        
100000   	0    	5.705720e-02
100000   	1    	7.148570e-02
100000   	2    	6.748700e-02
100000   	3    	5.689160e-02

Procura de nós nas árvores:
n_persons	index	time        
100000   	0    	5.979010e-02
100000   	1    	7.018290e-02
100000   	2    	6.392880e-02
100000   	3    	5.782120e-02

Maior profundidade das árvores:
n_persons	index	time        	depth
100000   	0    	4.895800e-03	37   
100000   	1    	5.788200e-03	37   
100000   	2    	5.487700e-03	36   
100000   	3    	5.076300e-03	37   

Número de nós em cada nível:
n_persons	index	time        	lvl0  	lvl1  	lvl2  	lvl3  	lvl4  	lvl5  	lvl6  	lvl7  	lvl8  	lvl9  	lvl10 	lvl11 	lvl12 	lvl13 	lvl14 	lvl15 	lvl16 	lvl17 	lvl18 	lvl19 	lvl20 	lvl21 	lvl22 	lvl23 	lvl24 	lvl25 	lvl26 	lvl27 	lvl28 	lvl29 	lvl30 	lvl31 	lvl32 	lvl33 	lvl34 	lvl35 	lvl36 	lvl37 
100000   	0    	4.412000e-03	1     	2     	4     	8     	16    	32    	64    	118   	228   	422   	748   	1224  	1932  	2955  	4241  	5675  	7065  	8397  	9203  	9459  	9117  	8352  	7339  	6328  	5114  	3918  	2897  	1969  	1373  	835   	477   	250   	122   	71    	30    	12    	1     	1     
100000   	1    	4.789300e-03	1     	2     	4     	8     	16    	32    	61    	119   	221   	396   	696   	1158  	1838  	2765  	3997  	5371  	6821  	8083  	8899  	9420  	9432  	8866  	7948  	6566  	5220  	4040  	2963  	1993  	1260  	789   	468   	267   	147   	78    	30    	16    	6     	3     
100000   	2    	4.463200e-03	1     	2     	4     	8     	16    	32    	64    	128   	244   	455   	815   	1348  	2071  	3105  	4280  	5536  	6734  	7861  	8538  	8946  	8829  	8321  	7478  	6600  	5338  	4143  	3188  	2261  	1511  	932   	569   	319   	179   	89    	35    	13    	7     	nan   
100000   	3    	4.314900e-03	1     	2     	4     	8     	16    	32    	64    	127   	243   	454   	824   	1386  	2185  	3269  	4526  	5968  	7383  	8561  	9287  	9494  	9212  	8338  	7114  	5905  	4656  	3536  	2551  	1816  	1227  	791   	489   	263   	151   	73    	27    	11    	4     	2     

