Criação das árvores ordenadas:
n_persons	index	time        
100000   	0    	5.534020e-02
100000   	1    	6.635240e-02
100000   	2    	5.748770e-02
100000   	3    	5.559850e-02

Procura de nós nas árvores:
n_persons	index	time        
100000   	0    	5.740810e-02
100000   	1    	6.531930e-02
100000   	2    	5.708570e-02
100000   	3    	6.445450e-02

Maior profundidade das árvores:
n_persons	index	time        	depth
100000   	0    	5.680300e-03	39   
100000   	1    	5.847800e-03	39   
100000   	2    	6.243600e-03	40   
100000   	3    	6.990100e-03	39   

Número de nós em cada nível:
n_persons	index	time        	lvl0  	lvl1  	lvl2  	lvl3  	lvl4  	lvl5  	lvl6  	lvl7  	lvl8  	lvl9  	lvl10 	lvl11 	lvl12 	lvl13 	lvl14 	lvl15 	lvl16 	lvl17 	lvl18 	lvl19 	lvl20 	lvl21 	lvl22 	lvl23 	lvl24 	lvl25 	lvl26 	lvl27 	lvl28 	lvl29 	lvl30 	lvl31 	lvl32 	lvl33 	lvl34 	lvl35 	lvl36 	lvl37 	lvl38 	lvl39 	lvl40 
100000   	0    	6.282500e-03	1     	2     	4     	8     	16    	31    	62    	122   	234   	434   	747   	1219  	1860  	2665  	3560  	4582  	5724  	6749  	7727  	8363  	8484  	8376  	7829  	6968  	5999  	4939  	3980  	3113  	2216  	1518  	1014  	637   	369   	202   	116   	66    	38    	18    	5     	3     	nan   
100000   	1    	4.908000e-03	1     	2     	4     	8     	16    	32    	63    	122   	227   	416   	726   	1213  	1943  	2921  	4168  	5548  	6874  	8062  	8749  	9190  	9144  	8616  	7666  	6405  	5215  	4063  	2961  	2130  	1389  	888   	529   	317   	191   	105   	50    	24    	13    	7     	1     	1     	nan   
100000   	2    	5.764400e-03	1     	2     	4     	8     	16    	32    	64    	124   	233   	408   	722   	1209  	1902  	2842  	3924  	5187  	6391  	7463  	8344  	8723  	8607  	8161  	7343  	6482  	5538  	4500  	3485  	2624  	1910  	1370  	958   	614   	360   	203   	109   	60    	32    	23    	12    	8     	2     
100000   	3    	5.380200e-03	1     	2     	4     	8     	16    	31    	61    	118   	227   	419   	748   	1247  	1983  	2996  	4220  	5560  	6781  	7896  	8618  	8852  	8672  	8274  	7553  	6425  	5239  	4085  	3042  	2220  	1569  	1130  	800   	526   	320   	183   	98    	41    	19    	12    	3     	1     	nan   

