Criação das árvores ordenadas:
n_persons	index	time        
100000   	0    	5.146710e-02
100000   	1    	6.135580e-02
100000   	2    	5.672360e-02
100000   	3    	4.737100e-02

Procura de nós nas árvores:
n_persons	index	time        
100000   	0    	5.568460e-02
100000   	1    	5.942750e-02
100000   	2    	5.609810e-02
100000   	3    	4.833860e-02

Maior profundidade das árvores:
n_persons	index	time        	depth
100000   	0    	4.945000e-03	43   
100000   	1    	4.780200e-03	40   
100000   	2    	5.448100e-03	43   
100000   	3    	5.991500e-03	38   

Número de nós em cada nível:
n_persons	index	time        	lvl0  	lvl1  	lvl2  	lvl3  	lvl4  	lvl5  	lvl6  	lvl7  	lvl8  	lvl9  	lvl10 	lvl11 	lvl12 	lvl13 	lvl14 	lvl15 	lvl16 	lvl17 	lvl18 	lvl19 	lvl20 	lvl21 	lvl22 	lvl23 	lvl24 	lvl25 	lvl26 	lvl27 	lvl28 	lvl29 	lvl30 	lvl31 	lvl32 	lvl33 	lvl34 	lvl35 	lvl36 	lvl37 	lvl38 	lvl39 	lvl40 	lvl41 	lvl42 	lvl43 
100000   	0    	4.489300e-03	1     	2     	4     	8     	16    	32    	64    	127   	238   	440   	769   	1284  	2032  	3000  	4173  	5464  	6635  	7557  	8061  	8089  	7764  	7077  	6270  	5459  	4608  	3918  	3254  	2741  	2332  	1944  	1656  	1374  	1156  	846   	601   	397   	285   	154   	83    	44    	22    	14    	4     	1     
100000   	1    	4.051300e-03	1     	2     	4     	8     	16    	32    	62    	118   	217   	387   	669   	1109  	1776  	2667  	3748  	5035  	6226  	7403  	8403  	9069  	9283  	8999  	8181  	7022  	5789  	4573  	3291  	2267  	1491  	883   	539   	294   	183   	120   	65    	37    	15    	9     	3     	3     	1     	nan   	nan   	nan   
100000   	2    	4.794200e-03	1     	2     	4     	8     	16    	32    	64    	128   	241   	445   	773   	1270  	1964  	2868  	3953  	5196  	6437  	7522  	8324  	8691  	8819  	8388  	7489  	6403  	5295  	4237  	3232  	2466  	1874  	1331  	907   	574   	367   	245   	174   	117   	68    	34    	17    	11    	6     	3     	2     	2     
100000   	3    	4.980500e-03	1     	2     	4     	8     	16    	32    	63    	121   	234   	422   	719   	1166  	1842  	2673  	3669  	4796  	5909  	6939  	7739  	8322  	8663  	8639  	8155  	7234  	6069  	4931  	3744  	2718  	1856  	1300  	816   	540   	325   	173   	85    	47    	16    	10    	2     	nan   	nan   	nan   	nan   	nan   

