Criação das árvores ordenadas:
n_persons	index	time        
100000   	0    	6.784060e-02
100000   	1    	7.411540e-02
100000   	2    	5.910960e-02
100000   	3    	5.542220e-02

Procura de nós nas árvores:
n_persons	index	time        
100000   	0    	5.250870e-02
100000   	1    	6.059160e-02
100000   	2    	5.633080e-02
100000   	3    	5.002820e-02

Maior profundidade das árvores:
n_persons	index	time        	depth
100000   	0    	5.266900e-03	39   
100000   	1    	4.339600e-03	40   
100000   	2    	4.926400e-03	38   
100000   	3    	6.331300e-03	46   

Número de nós em cada nível:
n_persons	index	time        	lvl0  	lvl1  	lvl2  	lvl3  	lvl4  	lvl5  	lvl6  	lvl7  	lvl8  	lvl9  	lvl10 	lvl11 	lvl12 	lvl13 	lvl14 	lvl15 	lvl16 	lvl17 	lvl18 	lvl19 	lvl20 	lvl21 	lvl22 	lvl23 	lvl24 	lvl25 	lvl26 	lvl27 	lvl28 	lvl29 	lvl30 	lvl31 	lvl32 	lvl33 	lvl34 	lvl35 	lvl36 	lvl37 	lvl38 	lvl39 	lvl40 	lvl41 	lvl42 	lvl43 	lvl44 	lvl45 	lvl46 
100000   	0    	4.715300e-03	1     	2     	4     	8     	16    	29    	58    	115   	215   	356   	571   	907   	1382  	2019  	2814  	3883  	4926  	6150  	7185  	8084  	8539  	8628  	8420  	7756  	6964  	5905  	4736  	3547  	2517  	1677  	1103  	684   	374   	223   	108   	53    	27    	9     	3     	2     	nan   	nan   	nan   	nan   	nan   	nan   	nan   
100000   	1    	4.258100e-03	1     	2     	4     	8     	16    	32    	64    	123   	239   	441   	777   	1298  	2040  	3015  	4235  	5499  	6780  	8026  	8800  	9149  	8907  	8211  	7307  	6275  	5132  	4007  	2954  	2119  	1509  	1095  	747   	489   	300   	176   	104   	64    	28    	20    	5     	1     	1     	nan   	nan   	nan   	nan   	nan   	nan   
100000   	2    	4.671900e-03	1     	2     	4     	8     	16    	32    	60    	116   	223   	411   	731   	1232  	1993  	3028  	4302  	5618  	7016  	8286  	9108  	9555  	9447  	8909  	7836  	6453  	5029  	3707  	2598  	1748  	1049  	643   	388   	222   	122   	61    	27    	11    	4     	3     	1     	nan   	nan   	nan   	nan   	nan   	nan   	nan   	nan   
100000   	3    	4.747200e-03	1     	2     	4     	8     	16    	32    	62    	116   	207   	346   	576   	911   	1328  	1905  	2572  	3274  	3815  	4463  	4989  	5429  	5775  	6097  	6333  	6394  	6216  	6011  	5707  	5361  	4882  	4316  	3631  	2950  	2152  	1546  	1064  	646   	394   	229   	129   	63    	26    	10    	6     	2     	2     	1     	1     

