Criação das árvores ordenadas:
n_persons	index	time        
100000   	0    	5.739550e-02
100000   	1    	6.839390e-02
100000   	2    	6.436470e-02
100000   	3    	5.594990e-02

Procura de nós nas árvores:
n_persons	index	time        
100000   	0    	7.652440e-02
100000   	1    	6.832500e-02
100000   	2    	5.819520e-02
100000   	3    	6.637900e-02

Maior profundidade das árvores:
n_persons	index	time        	depth
100000   	0    	4.926500e-03	40   
100000   	1    	4.933500e-03	42   
100000   	2    	5.010000e-03	42   
100000   	3    	5.274200e-03	38   

Número de nós em cada nível:
n_persons	index	time        	lvl0  	lvl1  	lvl2  	lvl3  	lvl4  	lvl5  	lvl6  	lvl7  	lvl8  	lvl9  	lvl10 	lvl11 	lvl12 	lvl13 	lvl14 	lvl15 	lvl16 	lvl17 	lvl18 	lvl19 	lvl20 	lvl21 	lvl22 	lvl23 	lvl24 	lvl25 	lvl26 	lvl27 	lvl28 	lvl29 	lvl30 	lvl31 	lvl32 	lvl33 	lvl34 	lvl35 	lvl36 	lvl37 	lvl38 	lvl39 	lvl40 	lvl41 	lvl42 
100000   	0    	4.501200e-03	1     	2     	4     	8     	16    	32    	64    	125   	238   	434   	728   	1193  	1857  	2754  	3811  	4957  	6234  	7434  	8362  	8889  	9054  	8555  	7790  	6827  	5716  	4558  	3453  	2463  	1649  	1097  	653   	417   	268   	155   	91    	44    	31    	20    	9     	4     	3     	nan   	nan   
100000   	1    	7.382200e-03	1     	2     	4     	8     	16    	32    	63    	122   	234   	426   	739   	1255  	1968  	2862  	4004  	5244  	6519  	7697  	8504  	8702  	8519  	7787  	6936  	6076  	5188  	4305  	3332  	2575  	1990  	1505  	1077  	788   	542   	361   	223   	159   	101   	63    	38    	18    	10    	3     	2     
100000   	2    	4.747500e-03	1     	2     	4     	8     	16    	32    	64    	127   	237   	438   	766   	1260  	1952  	2840  	3956  	5135  	6208  	7182  	7914  	8245  	8255  	7976  	7336  	6496  	5553  	4505  	3537  	2656  	1999  	1532  	1193  	887   	639   	410   	264   	175   	94    	57    	19    	12    	8     	7     	3     
100000   	3    	4.696100e-03	1     	2     	4     	8     	16    	31    	61    	118   	222   	393   	665   	1033  	1535  	2270  	3242  	4357  	5554  	6733  	7893  	8760  	9211  	9039  	8458  	7523  	6314  	4917  	3723  	2648  	1816  	1242  	862   	582   	359   	207   	107   	57    	24    	8     	5     	nan   	nan   	nan   	nan   

