Criação das árvores ordenadas:
n_persons	index	time        
100000   	0    	5.484360e-02
100000   	1    	7.616290e-02
100000   	2    	6.596730e-02
100000   	3    	5.318760e-02

Procura de nós nas árvores:
n_persons	index	time        
100000   	0    	5.569980e-02
100000   	1    	6.270760e-02
100000   	2    	5.840220e-02
100000   	3    	5.396150e-02

Maior profundidade das árvores:
n_persons	index	time        	depth
100000   	0    	7.143000e-03	37   
100000   	1    	4.836800e-03	39   
100000   	2    	5.768300e-03	38   
100000   	3    	5.180000e-03	39   

Número de nós em cada nível:
n_persons	index	time        	lvl0  	lvl1  	lvl2  	lvl3  	lvl4  	lvl5  	lvl6  	lvl7  	lvl8  	lvl9  	lvl10 	lvl11 	lvl12 	lvl13 	lvl14 	lvl15 	lvl16 	lvl17 	lvl18 	lvl19 	lvl20 	lvl21 	lvl22 	lvl23 	lvl24 	lvl25 	lvl26 	lvl27 	lvl28 	lvl29 	lvl30 	lvl31 	lvl32 	lvl33 	lvl34 	lvl35 	lvl36 	lvl37 	lvl38 	lvl39 
100000   	0    	3.969000e-03	1     	2     	4     	8     	16    	32    	63    	122   	230   	397   	663   	1059  	1531  	2247  	3201  	4298  	5503  	6670  	7692  	8509  	9137  	9263  	8846  	7962  	6634  	5218  	3733  	2640  	1753  	1102  	690   	408   	201   	87    	45    	21    	8     	4     	nan   	nan   
100000   	1    	5.221900e-03	1     	2     	4     	8     	16    	32    	63    	117   	204   	350   	574   	912   	1375  	2095  	3035  	4188  	5495  	6695  	7745  	8489  	8812  	8598  	8072  	7146  	6181  	5228  	4224  	3230  	2411  	1649  	1163  	749   	510   	308   	186   	81    	34    	13    	4     	1     
100000   	2    	5.838300e-03	1     	2     	4     	8     	16    	32    	64    	127   	238   	421   	722   	1165  	1703  	2493  	3472  	4571  	5710  	6871  	7840  	8518  	8787  	8735  	8250  	7346  	6301  	5045  	3876  	2724  	1942  	1294  	803   	440   	239   	131   	58    	32    	11    	7     	1     	nan   
100000   	3    	4.658800e-03	1     	2     	4     	8     	16    	32    	63    	117   	216   	405   	709   	1183  	1884  	2809  	3994  	5257  	6666  	7761  	8570  	8869  	8915  	8189  	7279  	6388  	5309  	4102  	3221  	2440  	1890  	1337  	930   	605   	372   	238   	115   	66    	27    	7     	3     	1     

