Criação das árvores ordenadas:
n_persons	index	time        
100000   	0    	5.317030e-02
100000   	1    	6.394500e-02
100000   	2    	5.699500e-02
100000   	3    	4.888110e-02

Procura de nós nas árvores:
n_persons	index	time        
100000   	0    	5.486930e-02
100000   	1    	6.939660e-02
100000   	2    	6.726410e-02
100000   	3    	5.372770e-02

Maior profundidade das árvores:
n_persons	index	time        	depth
100000   	0    	4.751900e-03	38   
100000   	1    	4.639400e-03	39   
100000   	2    	5.390500e-03	39   
100000   	3    	5.263200e-03	39   

Número de nós em cada nível:
n_persons	index	time        	lvl0  	lvl1  	lvl2  	lvl3  	lvl4  	lvl5  	lvl6  	lvl7  	lvl8  	lvl9  	lvl10 	lvl11 	lvl12 	lvl13 	lvl14 	lvl15 	lvl16 	lvl17 	lvl18 	lvl19 	lvl20 	lvl21 	lvl22 	lvl23 	lvl24 	lvl25 	lvl26 	lvl27 	lvl28 	lvl29 	lvl30 	lvl31 	lvl32 	lvl33 	lvl34 	lvl35 	lvl36 	lvl37 	lvl38 	lvl39 
100000   	0    	3.911100e-03	1     	2     	4     	8     	16    	32    	64    	127   	247   	464   	824   	1345  	2097  	3089  	4124  	5308  	6512  	7512  	8296  	8658  	8616  	8097  	7464  	6587  	5557  	4394  	3359  	2483  	1739  	1188  	741   	443   	281   	158   	80    	46    	20    	12    	5     	nan   
100000   	1    	4.197900e-03	1     	2     	4     	8     	16    	32    	64    	118   	222   	408   	698   	1193  	1899  	2891  	4001  	5373  	6807  	8040  	8962  	9330  	9166  	8468  	7499  	6270  	5068  	4079  	3036  	2194  	1546  	1008  	653   	421   	263   	139   	71    	30    	13    	5     	1     	1     
100000   	2    	5.155900e-03	1     	2     	4     	8     	16    	32    	63    	119   	216   	386   	675   	1115  	1772  	2679  	3816  	5148  	6484  	7715  	8650  	9178  	9103  	8708  	7953  	6853  	5697  	4476  	3207  	2266  	1486  	906   	559   	316   	188   	105   	51    	26    	14    	3     	2     	2     
100000   	3    	4.730200e-03	1     	2     	4     	8     	16    	31    	60    	116   	206   	352   	563   	854   	1306  	1914  	2643  	3571  	4680  	5846  	7007  	7907  	8496  	8728  	8575  	8081  	7127  	5936  	4689  	3668  	2742  	1952  	1293  	747   	435   	249   	127   	40    	17    	7     	2     	2     

