Criação das árvores ordenadas:
n_persons	index	time        
100000   	0    	5.486270e-02
100000   	1    	6.155720e-02
100000   	2    	5.657240e-02
100000   	3    	5.287810e-02

Procura de nós nas árvores:
n_persons	index	time        
100000   	0    	6.564570e-02
100000   	1    	6.854790e-02
100000   	2    	5.925780e-02
100000   	3    	5.129010e-02

Maior profundidade das árvores:
n_persons	index	time        	depth
100000   	0    	4.541900e-03	37   
100000   	1    	4.465900e-03	37   
100000   	2    	5.326600e-03	36   
100000   	3    	5.126400e-03	37   

Número de nós em cada nível:
n_persons	index	time        	lvl0  	lvl1  	lvl2  	lvl3  	lvl4  	lvl5  	lvl6  	lvl7  	lvl8  	lvl9  	lvl10 	lvl11 	lvl12 	lvl13 	lvl14 	lvl15 	lvl16 	lvl17 	lvl18 	lvl19 	lvl20 	lvl21 	lvl22 	lvl23 	lvl24 	lvl25 	lvl26 	lvl27 	lvl28 	lvl29 	lvl30 	lvl31 	lvl32 	lvl33 	lvl34 	lvl35 	lvl36 	lvl37 
100000   	0    	4.189700e-03	1     	2     	4     	8     	16    	32    	64    	126   	248   	465   	808   	1309  	2065  	3035  	4275  	5542  	6851  	8119  	8901  	9241  	9092  	8531  	7555  	6389  	5109  	3924  	2877  	2023  	1360  	841   	542   	315   	170   	80    	43    	21    	12    	4     
100000   	1    	4.876800e-03	1     	2     	4     	8     	16    	32    	62    	122   	235   	439   	787   	1342  	2141  	3182  	4464  	5818  	7120  	8219  	8987  	9291  	9147  	8401  	7389  	6333  	5043  	3840  	2819  	1944  	1266  	734   	416   	220   	96    	40    	17    	13    	9     	1     
100000   	2    	4.606000e-03	1     	2     	4     	8     	16    	32    	63    	125   	238   	452   	803   	1332  	2122  	3235  	4478  	5887  	7171  	8275  	9071  	9304  	9068  	8374  	7377  	6159  	4940  	3831  	2737  	1906  	1257  	772   	454   	280   	142   	66    	13    	3     	2     	nan   
100000   	3    	4.516800e-03	1     	2     	4     	8     	16    	32    	64    	126   	241   	443   	770   	1254  	1914  	2806  	3961  	5263  	6671  	8030  	9177  	9722  	9570  	8791  	7688  	6366  	5053  	3800  	2828  	1983  	1366  	862   	539   	302   	171   	100   	46    	20    	8     	2     

