Criação das árvores ordenadas:
n_persons	index	time        
100000   	0    	5.068550e-02
100000   	1    	6.112240e-02
100000   	2    	5.489300e-02
100000   	3    	4.572650e-02

Procura de nós nas árvores:
n_persons	index	time        
100000   	0    	5.573050e-02
100000   	1    	7.077390e-02
100000   	2    	5.704470e-02
100000   	3    	5.750040e-02

Maior profundidade das árvores:
n_persons	index	time        	depth
100000   	0    	4.515000e-03	41   
100000   	1    	4.292000e-03	40   
100000   	2    	5.244000e-03	38   
100000   	3    	4.802500e-03	40   

Número de nós em cada nível:
n_persons	index	time        	lvl0  	lvl1  	lvl2  	lvl3  	lvl4  	lvl5  	lvl6  	lvl7  	lvl8  	lvl9  	lvl10 	lvl11 	lvl12 	lvl13 	lvl14 	lvl15 	lvl16 	lvl17 	lvl18 	lvl19 	lvl20 	lvl21 	lvl22 	lvl23 	lvl24 	lvl25 	lvl26 	lvl27 	lvl28 	lvl29 	lvl30 	lvl31 	lvl32 	lvl33 	lvl34 	lvl35 	lvl36 	lvl37 	lvl38 	lvl39 	lvl40 	lvl41 
100000   	0    	3.880000e-03	1     	2     	4     	8     	16    	32    	64    	128   	246   	452   	798   	1292  	1963  	2815  	3796  	4825  	5766  	6710  	7422  	7890  	7941  	7902  	7460  	6718  	5832  	4919  	3990  	3139  	2356  	1801  	1318  	898   	603   	413   	244   	132   	62    	27    	11    	2     	1     	1     
100000   	1    	4.063200e-03	1     	2     	4     	8     	16    	32    	63    	125   	236   	426   	753   	1256  	1970  	2956  	4084  	5331  	6451  	7459  	8321  	8785  	8793  	8388  	7637  	6593  	5465  	4419  	3319  	2390  	1615  	1127  	807   	515   	312   	164   	92    	53    	17    	9     	3     	2     	1     	nan   
100000   	2    	4.698700e-03	1     	2     	4     	8     	16    	31    	59    	109   	195   	357   	621   	1043  	1655  	2390  	3338  	4379  	5444  	6456  	7354  	7980  	8350  	8414  	8055  	7350  	6462  	5444  	4458  	3439  	2484  	1661  	1063  	650   	401   	192   	90    	27    	12    	5     	1     	nan   	nan   	nan   
100000   	3    	4.453600e-03	1     	2     	4     	8     	16    	31    	60    	116   	222   	390   	674   	1086  	1654  	2441  	3246  	4145  	5176  	6132  	7107  	7626  	8009  	7988  	7754  	7333  	6591  	5706  	4740  	3665  	2799  	1977  	1325  	818   	503   	285   	176   	93    	54    	23    	12    	8     	4     	nan   

