Criação das árvores ordenadas:
n_persons	index	time        
100000   	0    	5.467940e-02
100000   	1    	6.231440e-02
100000   	2    	5.414980e-02
100000   	3    	4.733110e-02

Procura de nós nas árvores:
n_persons	index	time        
100000   	0    	5.180220e-02
100000   	1    	5.980640e-02
100000   	2    	5.810110e-02
100000   	3    	4.937300e-02

Maior profundidade das árvores:
n_persons	index	time        	depth
100000   	0    	4.316500e-03	40   
100000   	1    	4.838800e-03	42   
100000   	2    	4.964900e-03	42   
100000   	3    	5.115500e-03	40   

Número de nós em cada nível:
n_persons	index	time        	lvl0  	lvl1  	lvl2  	lvl3  	lvl4  	lvl5  	lvl6  	lvl7  	lvl8  	lvl9  	lvl10 	lvl11 	lvl12 	lvl13 	lvl14 	lvl15 	lvl16 	lvl17 	lvl18 	lvl19 	lvl20 	lvl21 	lvl22 	lvl23 	lvl24 	lvl25 	lvl26 	lvl27 	lvl28 	lvl29 	lvl30 	lvl31 	lvl32 	lvl33 	lvl34 	lvl35 	lvl36 	lvl37 	lvl38 	lvl39 	lvl40 	lvl41 	lvl42 
100000   	0    	3.972200e-03	1     	2     	4     	8     	16    	32    	62    	120   	226   	403   	688   	1076  	1634  	2368  	3220  	4146  	5145  	6079  	6902  	7479  	7685  	7789  	7573  	7032  	6288  	5411  	4516  	3674  	2931  	2281  	1729  	1260  	884   	600   	359   	193   	110   	45    	18    	8     	3     	nan   	nan   
100000   	1    	4.127200e-03	1     	2     	4     	8     	16    	32    	64    	122   	229   	405   	692   	1139  	1778  	2611  	3649  	4810  	6058  	7169  	8162  	8785  	8896  	8582  	7682  	6704  	5737  	4689  	3677  	2796  	1967  	1318  	883   	521   	328   	199   	105   	65    	41    	28    	23    	13    	7     	2     	1     
100000   	2    	4.989000e-03	1     	2     	4     	8     	16    	32    	62    	120   	216   	382   	635   	988   	1488  	2140  	2973  	3949  	4998  	6037  	6896  	7642  	8095  	8198  	8100  	7627  	6770  	5837  	4737  	3647  	2762  	1986  	1324  	838   	542   	372   	247   	147   	91    	48    	23    	7     	7     	5     	1     
100000   	3    	4.568700e-03	1     	2     	4     	8     	16    	32    	63    	125   	240   	444   	777   	1286  	2057  	3083  	4406  	5817  	7248  	8519  	9369  	9534  	9265  	8510  	7539  	6273  	4892  	3636  	2555  	1722  	1082  	671   	368   	204   	117   	60    	31    	22    	13    	5     	2     	1     	1     	nan   	nan   

