Criação das árvores ordenadas:
n_persons	index	time        
100000   	0    	5.069220e-02
100000   	1    	6.227390e-02
100000   	2    	5.549630e-02
100000   	3    	5.479540e-02

Procura de nós nas árvores:
n_persons	index	time        
100000   	0    	5.376630e-02
100000   	1    	6.222380e-02
100000   	2    	5.689720e-02
100000   	3    	6.073400e-02

Maior profundidade das árvores:
n_persons	index	time        	depth
100000   	0    	1.629640e-02	37   
100000   	1    	5.992800e-03	37   
100000   	2    	8.605200e-03	38   
100000   	3    	9.093900e-03	43   

Número de nós em cada nível:
n_persons	index	time        	lvl0  	lvl1  	lvl2  	lvl3  	lvl4  	lvl5  	lvl6  	lvl7  	lvl8  	lvl9  	lvl10 	lvl11 	lvl12 	lvl13 	lvl14 	lvl15 	lvl16 	lvl17 	lvl18 	lvl19 	lvl20 	lvl21 	lvl22 	lvl23 	lvl24 	lvl25 	lvl26 	lvl27 	lvl28 	lvl29 	lvl30 	lvl31 	lvl32 	lvl33 	lvl34 	lvl35 	lvl36 	lvl37 	lvl38 	lvl39 	lvl40 	lvl41 	lvl42 	lvl43 
100000   	0    	5.695100e-03	1     	2     	4     	8     	16    	32    	64    	120   	228   	433   	781   	1337  	2154  	3257  	4543  	6035  	7546  	8845  	9636  	9910  	9590  	8682  	7339  	5865  	4380  	3183  	2223  	1550  	971   	564   	322   	170   	105   	48    	25    	17    	12    	2     	nan   	nan   	nan   	nan   	nan   	nan   
100000   	1    	7.329600e-03	1     	2     	4     	8     	16    	32    	62    	118   	227   	414   	735   	1193  	1890  	2889  	4134  	5461  	6821  	7972  	8776  	9033  	9072  	8530  	7648  	6602  	5435  	4243  	3038  	2132  	1422  	905   	540   	294   	154   	97    	56    	33    	10    	1     	nan   	nan   	nan   	nan   	nan   	nan   
100000   	2    	6.704500e-03	1     	2     	4     	8     	16    	32    	63    	117   	212   	363   	629   	965   	1460  	2125  	2915  	3849  	4850  	5917  	6788  	7473  	7786  	8053  	8019  	7743  	7062  	6159  	5202  	4054  	2971  	2061  	1346  	777   	464   	259   	144   	66    	30    	11    	4     	nan   	nan   	nan   	nan   	nan   
100000   	3    	5.715800e-03	1     	2     	4     	8     	16    	32    	63    	117   	217   	399   	705   	1188  	1820  	2627  	3546  	4497  	5441  	6257  	6843  	7180  	7238  	7060  	6891  	6508  	5903  	5122  	4395  	3695  	3128  	2551  	1968  	1464  	1063  	725   	508   	328   	196   	129   	85    	46    	23    	7     	3     	1     

