Criação das árvores ordenadas:
n_persons	index	time        
100000   	0    	5.019050e-02
100000   	1    	6.484610e-02
100000   	2    	5.621350e-02
100000   	3    	5.552120e-02

Procura de nós nas árvores:
n_persons	index	time        
100000   	0    	5.468050e-02
100000   	1    	6.239390e-02
100000   	2    	5.770180e-02
100000   	3    	4.917740e-02

Maior profundidade das árvores:
n_persons	index	time        	depth
100000   	0    	4.314300e-03	38   
100000   	1    	4.492800e-03	39   
100000   	2    	5.039300e-03	40   
100000   	3    	5.532000e-03	38   

Número de nós em cada nível:
n_persons	index	time        	lvl0  	lvl1  	lvl2  	lvl3  	lvl4  	lvl5  	lvl6  	lvl7  	lvl8  	lvl9  	lvl10 	lvl11 	lvl12 	lvl13 	lvl14 	lvl15 	lvl16 	lvl17 	lvl18 	lvl19 	lvl20 	lvl21 	lvl22 	lvl23 	lvl24 	lvl25 	lvl26 	lvl27 	lvl28 	lvl29 	lvl30 	lvl31 	lvl32 	lvl33 	lvl34 	lvl35 	lvl36 	lvl37 	lvl38 	lvl39 	lvl40 
100000   	0    	4.271400e-03	1     	2     	4     	8     	16    	31    	60    	116   	217   	400   	703   	1175  	1826  	2743  	3837  	5243  	6781  	8103  	9135  	9660  	9546  	8930  	7889  	6704  	5421  	4034  	2766  	1824  	1206  	756   	465   	226   	100   	45    	16    	6     	3     	1     	1     	nan   	nan   
100000   	1    	4.205700e-03	1     	2     	4     	8     	16    	32    	62    	122   	226   	411   	705   	1130  	1752  	2518  	3481  	4539  	5682  	6750  	7747  	8367  	8730  	8490  	7923  	6944  	6008  	4912  	3928  	3051  	2272  	1593  	1058  	685   	401   	234   	123   	59    	25    	5     	2     	2     	nan   
100000   	2    	5.807700e-03	1     	2     	4     	8     	16    	32    	64    	127   	246   	461   	813   	1320  	2076  	3034  	4049  	5233  	6396  	7360  	8056  	8547  	8527  	8235  	7585  	6650  	5725  	4595  	3423  	2516  	1771  	1228  	812   	485   	263   	140   	88    	47    	30    	21    	10    	3     	1     
100000   	3    	5.091800e-03	1     	2     	4     	8     	16    	32    	64    	125   	236   	431   	759   	1239  	1903  	2721  	3754  	4830  	6000  	7098  	8200  	8751  	8925  	8714  	8109  	7110  	5986  	4786  	3593  	2527  	1631  	1001  	641   	373   	212   	111   	61    	25    	12    	7     	2     	nan   	nan   

