Criação das árvores ordenadas:
n_persons	index	time        
100000   	0    	6.590410e-02
100000   	1    	7.062170e-02
100000   	2    	5.825220e-02
100000   	3    	5.389180e-02

Procura de nós nas árvores:
n_persons	index	time        
100000   	0    	5.238360e-02
100000   	1    	6.893750e-02
100000   	2    	5.916940e-02
100000   	3    	5.006940e-02

Maior profundidade das árvores:
n_persons	index	time        	depth
100000   	0    	4.340600e-03	38   
100000   	1    	4.415200e-03	39   
100000   	2    	5.306000e-03	39   
100000   	3    	4.860100e-03	41   

Número de nós em cada nível:
n_persons	index	time        	lvl0  	lvl1  	lvl2  	lvl3  	lvl4  	lvl5  	lvl6  	lvl7  	lvl8  	lvl9  	lvl10 	lvl11 	lvl12 	lvl13 	lvl14 	lvl15 	lvl16 	lvl17 	lvl18 	lvl19 	lvl20 	lvl21 	lvl22 	lvl23 	lvl24 	lvl25 	lvl26 	lvl27 	lvl28 	lvl29 	lvl30 	lvl31 	lvl32 	lvl33 	lvl34 	lvl35 	lvl36 	lvl37 	lvl38 	lvl39 	lvl40 	lvl41 
100000   	0    	3.851100e-03	1     	2     	4     	8     	15    	29    	52    	94    	175   	298   	504   	808   	1257  	1885  	2720  	3629  	4682  	5746  	6877  	7799  	8403  	8694  	8658  	8213  	7365  	6238  	4908  	3709  	2666  	1847  	1176  	733   	390   	216   	101   	50    	33    	13    	2     	nan   	nan   	nan   
100000   	1    	4.076800e-03	1     	2     	4     	8     	16    	32    	62    	119   	226   	413   	701   	1154  	1789  	2644  	3783  	5063  	6286  	7382  	8233  	8798  	8848  	8469  	7674  	6677  	5727  	4634  	3608  	2643  	1829  	1239  	787   	476   	300   	161   	101   	58    	27    	15    	9     	2     	nan   	nan   
100000   	2    	5.110200e-03	1     	2     	4     	8     	16    	31    	58    	107   	204   	380   	692   	1161  	1905  	2879  	4135  	5547  	6943  	8259  	9210  	9699  	9620  	8920  	7729  	6428  	5073  	3781  	2687  	1772  	1160  	721   	427   	227   	108   	55    	28    	15    	4     	2     	1     	1     	nan   	nan   
100000   	3    	5.010300e-03	1     	2     	4     	8     	16    	32    	63    	126   	235   	419   	706   	1088  	1610  	2286  	3056  	4050  	5101  	6203  	7166  	7884  	8353  	8393  	7899  	7233  	6349  	5466  	4414  	3388  	2469  	1805  	1334  	952   	688   	466   	299   	182   	109   	65    	38    	23    	12    	7     

