Criação das árvores ordenadas:
n_persons	index	time        
100000   	0    	5.353520e-02
100000   	1    	6.445470e-02
100000   	2    	5.554540e-02
100000   	3    	4.785050e-02

Procura de nós nas árvores:
n_persons	index	time        
100000   	0    	5.132720e-02
100000   	1    	6.209060e-02
100000   	2    	5.637760e-02
100000   	3    	4.939000e-02

Maior profundidade das árvores:
n_persons	index	time        	depth
100000   	0    	4.338300e-03	39   
100000   	1    	4.369000e-03	39   
100000   	2    	4.972800e-03	38   
100000   	3    	5.144800e-03	40   

Número de nós em cada nível:
n_persons	index	time        	lvl0  	lvl1  	lvl2  	lvl3  	lvl4  	lvl5  	lvl6  	lvl7  	lvl8  	lvl9  	lvl10 	lvl11 	lvl12 	lvl13 	lvl14 	lvl15 	lvl16 	lvl17 	lvl18 	lvl19 	lvl20 	lvl21 	lvl22 	lvl23 	lvl24 	lvl25 	lvl26 	lvl27 	lvl28 	lvl29 	lvl30 	lvl31 	lvl32 	lvl33 	lvl34 	lvl35 	lvl36 	lvl37 	lvl38 	lvl39 	lvl40 
100000   	0    	4.046400e-03	1     	2     	4     	8     	16    	32    	63    	121   	237   	436   	766   	1286  	1986  	2897  	3979  	5131  	6291  	7419  	8292  	8740  	8534  	8095  	7245  	6262  	5221  	4308  	3446  	2685  	2059  	1538  	1057  	722   	466   	294   	160   	101   	53    	26    	14    	7     	nan   
100000   	1    	4.153400e-03	1     	2     	4     	8     	16    	32    	62    	118   	214   	390   	655   	1093  	1706  	2501  	3493  	4636  	5848  	6995  	7807  	8278  	8557  	8382  	7846  	7007  	5880  	4856  	3950  	3060  	2220  	1596  	1081  	697   	426   	260   	162   	88    	48    	20    	4     	1     	nan   
100000   	2    	4.660600e-03	1     	2     	4     	8     	16    	32    	64    	124   	239   	437   	755   	1282  	2055  	3025  	4109  	5306  	6487  	7566  	8409  	8886  	9011  	8613  	7959  	6769  	5533  	4319  	3144  	2201  	1452  	945   	566   	336   	187   	88    	44    	14    	9     	2     	1     	nan   	nan   
100000   	3    	4.368700e-03	1     	2     	4     	8     	16    	32    	62    	117   	210   	372   	646   	1090  	1764  	2696  	3855  	5151  	6458  	7611  	8411  	8829  	8912  	8607  	7790  	6693  	5470  	4481  	3499  	2547  	1746  	1163  	735   	457   	239   	136   	85    	50    	32    	14    	5     	3     	1     

