Criação das árvores ordenadas:
n_persons	index	time        
100000   	0    	5.284120e-02
100000   	1    	6.591850e-02
100000   	2    	5.655070e-02
100000   	3    	5.039260e-02

Procura de nós nas árvores:
n_persons	index	time        
100000   	0    	5.715730e-02
100000   	1    	6.675410e-02
100000   	2    	5.928750e-02
100000   	3    	5.302510e-02

Maior profundidade das árvores:
n_persons	index	time        	depth
100000   	0    	4.869700e-03	40   
100000   	1    	4.695700e-03	42   
100000   	2    	4.764500e-03	40   
100000   	3    	5.139100e-03	41   

Número de nós em cada nível:
n_persons	index	time        	lvl0  	lvl1  	lvl2  	lvl3  	lvl4  	lvl5  	lvl6  	lvl7  	lvl8  	lvl9  	lvl10 	lvl11 	lvl12 	lvl13 	lvl14 	lvl15 	lvl16 	lvl17 	lvl18 	lvl19 	lvl20 	lvl21 	lvl22 	lvl23 	lvl24 	lvl25 	lvl26 	lvl27 	lvl28 	lvl29 	lvl30 	lvl31 	lvl32 	lvl33 	lvl34 	lvl35 	lvl36 	lvl37 	lvl38 	lvl39 	lvl40 	lvl41 	lvl42 
100000   	0    	4.579800e-03	1     	2     	4     	8     	16    	32    	63    	124   	226   	388   	649   	1071  	1614  	2415  	3363  	4434  	5632  	6823  	7829  	8542  	8792  	8793  	8092  	7196  	6303  	5180  	4052  	2931  	1986  	1345  	858   	532   	335   	180   	85    	45    	24    	14    	11    	7     	3     	nan   	nan   
100000   	1    	4.086800e-03	1     	2     	4     	8     	16    	31    	61    	113   	211   	376   	625   	1018  	1588  	2307  	3239  	4351  	5485  	6564  	7452  	8067  	8352  	8271  	7961  	7188  	6208  	5124  	4170  	3217  	2466  	1821  	1359  	920   	629   	382   	209   	112   	54    	23    	6     	4     	2     	2     	1     
100000   	2    	4.474700e-03	1     	2     	4     	8     	16    	32    	62    	119   	220   	382   	669   	1124  	1796  	2774  	4030  	5389  	6619  	7730  	8706  	9163  	9088  	8624  	7803  	6749  	5543  	4277  	3045  	2133  	1494  	981   	621   	354   	200   	115   	67    	28    	12    	8     	6     	4     	2     	nan   	nan   
100000   	3    	4.567000e-03	1     	2     	4     	8     	16    	31    	58    	112   	208   	356   	573   	910   	1369  	2013  	2802  	3689  	4793  	5854  	6812  	7684  	8358  	8527  	8314  	7830  	7062  	5963  	4763  	3677  	2688  	1905  	1331  	903   	550   	344   	203   	124   	75    	46    	23    	13    	5     	1     	nan   

