Criação das árvores ordenadas:
n_persons	index	time        
100000   	0    	5.147430e-02
100000   	1    	6.441600e-02
100000   	2    	5.419830e-02
100000   	3    	4.633360e-02

Procura de nós nas árvores:
n_persons	index	time        
100000   	0    	5.169830e-02
100000   	1    	6.054670e-02
100000   	2    	5.423850e-02
100000   	3    	4.776030e-02

Maior profundidade das árvores:
n_persons	index	time        	depth
100000   	0    	4.212400e-03	39   
100000   	1    	4.122000e-03	44   
100000   	2    	5.085100e-03	40   
100000   	3    	4.965600e-03	38   

Número de nós em cada nível:
n_persons	index	time        	lvl0  	lvl1  	lvl2  	lvl3  	lvl4  	lvl5  	lvl6  	lvl7  	lvl8  	lvl9  	lvl10 	lvl11 	lvl12 	lvl13 	lvl14 	lvl15 	lvl16 	lvl17 	lvl18 	lvl19 	lvl20 	lvl21 	lvl22 	lvl23 	lvl24 	lvl25 	lvl26 	lvl27 	lvl28 	lvl29 	lvl30 	lvl31 	lvl32 	lvl33 	lvl34 	lvl35 	lvl36 	lvl37 	lvl38 	lvl39 	lvl40 	lvl41 	lvl42 	lvl43 	lvl44 
100000   	0    	3.860700e-03	1     	2     	4     	8     	16    	32    	64    	124   	218   	359   	586   	897   	1321  	1890  	2565  	3380  	4373  	5426  	6470  	7514  	8111  	8509  	8467  	8058  	7448  	6413  	5285  	4116  	3004  	2101  	1397  	834   	495   	261   	132   	65    	34    	13    	6     	1     	nan   	nan   	nan   	nan   	nan   
100000   	1    	3.826200e-03	1     	2     	4     	8     	16    	31    	60    	112   	203   	358   	609   	1005  	1523  	2160  	3001  	3800  	4624  	5495  	6162  	6674  	7066  	7374  	7390  	7188  	6735  	6189  	5428  	4582  	3669  	2884  	2076  	1427  	904   	578   	319   	188   	83    	36    	13    	8     	4     	5     	3     	2     	1     
100000   	2    	4.443000e-03	1     	2     	4     	8     	16    	32    	64    	125   	239   	425   	729   	1215  	1915  	2877  	4054  	5346  	6669  	7887  	8595  	8954  	8818  	8387  	7560  	6598  	5314  	4294  	3267  	2325  	1506  	1001  	681   	425   	266   	163   	108   	65    	39    	16    	6     	3     	1     	nan   	nan   	nan   	nan   
100000   	3    	4.640300e-03	1     	2     	4     	8     	16    	32    	64    	128   	247   	465   	812   	1334  	2151  	3256  	4652  	6120  	7404  	8387  	9022  	9077  	8942  	8171  	7075  	5980  	4803  	3701  	2726  	1916  	1360  	913   	557   	313   	165   	97    	50    	26    	15    	6     	2     	nan   	nan   	nan   	nan   	nan   	nan   

