Criação das árvores ordenadas:
n_persons	index	time        
100000   	0    	5.309780e-02
100000   	1    	6.541390e-02
100000   	2    	5.560160e-02
100000   	3    	4.572320e-02

Procura de nós nas árvores:
n_persons	index	time        
100000   	0    	5.462600e-02
100000   	1    	6.220680e-02
100000   	2    	5.680090e-02
100000   	3    	4.936410e-02

Maior profundidade das árvores:
n_persons	index	time        	depth
100000   	0    	4.792000e-03	43   
100000   	1    	5.078900e-03	40   
100000   	2    	6.096600e-03	40   
100000   	3    	5.471100e-03	36   

Número de nós em cada nível:
n_persons	index	time        	lvl0  	lvl1  	lvl2  	lvl3  	lvl4  	lvl5  	lvl6  	lvl7  	lvl8  	lvl9  	lvl10 	lvl11 	lvl12 	lvl13 	lvl14 	lvl15 	lvl16 	lvl17 	lvl18 	lvl19 	lvl20 	lvl21 	lvl22 	lvl23 	lvl24 	lvl25 	lvl26 	lvl27 	lvl28 	lvl29 	lvl30 	lvl31 	lvl32 	lvl33 	lvl34 	lvl35 	lvl36 	lvl37 	lvl38 	lvl39 	lvl40 	lvl41 	lvl42 	lvl43 
100000   	0    	4.179300e-03	1     	2     	4     	8     	16    	32    	61    	120   	228   	405   	685   	1045  	1586  	2338  	3321  	4419  	5565  	6635  	7371  	7917  	8101  	7760  	7268  	6462  	5599  	4770  	4138  	3394  	2758  	2145  	1684  	1236  	917   	664   	496   	315   	221   	126   	83    	51    	27    	13    	7     	6     
100000   	1    	3.959200e-03	1     	2     	4     	8     	16    	30    	58    	113   	214   	371   	631   	1036  	1625  	2444  	3559  	4791  	6017  	7200  	8211  	8671  	8709  	8349  	7573  	6667  	5656  	4634  	3660  	2780  	2101  	1546  	1155  	802   	546   	346   	198   	133   	83    	38    	14    	6     	2     	nan   	nan   	nan   
100000   	2    	4.243700e-03	1     	2     	4     	8     	16    	32    	63    	124   	238   	446   	780   	1267  	1906  	2706  	3619  	4656  	5740  	6663  	7344  	7864  	8003  	7839  	7439  	6905  	6064  	5209  	4268  	3396  	2511  	1820  	1166  	758   	467   	286   	177   	104   	50    	30    	18    	8     	3     	nan   	nan   	nan   
100000   	3    	4.315000e-03	1     	2     	4     	8     	16    	32    	64    	124   	235   	413   	712   	1127  	1733  	2547  	3548  	4811  	6147  	7383  	8423  	9165  	9524  	9335  	8493  	7197  	5871  	4496  	3250  	2160  	1374  	846   	483   	267   	123   	55    	21    	9     	1     	nan   	nan   	nan   	nan   	nan   	nan   	nan   

