Criação das árvores ordenadas:
n_persons	index	time        
100000   	0    	5.404600e-02
100000   	1    	6.660490e-02
100000   	2    	5.786480e-02
100000   	3    	4.844110e-02

Procura de nós nas árvores:
n_persons	index	time        
100000   	0    	5.653230e-02
100000   	1    	6.388890e-02
100000   	2    	5.699240e-02
100000   	3    	4.976830e-02

Maior profundidade das árvores:
n_persons	index	time        	depth
100000   	0    	4.560500e-03	39   
100000   	1    	4.417700e-03	39   
100000   	2    	5.037100e-03	38   
100000   	3    	5.255800e-03	38   

Número de nós em cada nível:
n_persons	index	time        	lvl0  	lvl1  	lvl2  	lvl3  	lvl4  	lvl5  	lvl6  	lvl7  	lvl8  	lvl9  	lvl10 	lvl11 	lvl12 	lvl13 	lvl14 	lvl15 	lvl16 	lvl17 	lvl18 	lvl19 	lvl20 	lvl21 	lvl22 	lvl23 	lvl24 	lvl25 	lvl26 	lvl27 	lvl28 	lvl29 	lvl30 	lvl31 	lvl32 	lvl33 	lvl34 	lvl35 	lvl36 	lvl37 	lvl38 	lvl39 
100000   	0    	4.352200e-03	1     	2     	4     	8     	16    	32    	59    	109   	206   	376   	621   	1028  	1582  	2385  	3376  	4487  	5750  	6907  	7809  	8457  	8750  	8685  	8074  	7278  	6287  	5215  	3936  	2870  	2050  	1399  	922   	559   	319   	180   	106   	82    	40    	24    	6     	3     
100000   	1    	4.164500e-03	1     	2     	4     	8     	16    	32    	64    	126   	242   	419   	704   	1120  	1737  	2568  	3607  	4826  	6124  	7338  	8172  	8763  	8971  	8598  	8002  	7018  	5850  	4585  	3539  	2631  	1859  	1235  	798   	472   	276   	149   	85    	33    	15    	7     	3     	1     
100000   	2    	4.352300e-03	1     	2     	4     	8     	16    	30    	59    	113   	217   	407   	744   	1270  	2024  	3030  	4296  	5736  	7161  	8425  	9187  	9535  	9293  	8463  	7443  	6234  	4956  	3824  	2845  	1920  	1244  	751   	407   	196   	83    	45    	23    	5     	1     	1     	1     	nan   
100000   	3    	4.728200e-03	1     	2     	4     	8     	16    	32    	62    	123   	234   	426   	737   	1210  	1817  	2653  	3713  	4847  	6005  	6965  	7935  	8567  	8940  	8784  	8251  	7349  	6208  	4768  	3678  	2569  	1727  	1081  	641   	347   	173   	69    	32    	13    	8     	3     	2     	nan   

