Criação das árvores ordenadas:
n_persons	index	time        
100000   	0    	5.254220e-02
100000   	1    	6.408650e-02
100000   	2    	8.125010e-02
100000   	3    	8.895660e-02

Procura de nós nas árvores:
n_persons	index	time        
100000   	0    	6.271100e-02
100000   	1    	7.558790e-02
100000   	2    	5.797860e-02
100000   	3    	5.195640e-02

Maior profundidade das árvores:
n_persons	index	time        	depth
100000   	0    	4.543400e-03	42   
100000   	1    	4.230000e-03	40   
100000   	2    	6.160000e-03	40   
100000   	3    	5.025200e-03	36   

Número de nós em cada nível:
n_persons	index	time        	lvl0  	lvl1  	lvl2  	lvl3  	lvl4  	lvl5  	lvl6  	lvl7  	lvl8  	lvl9  	lvl10 	lvl11 	lvl12 	lvl13 	lvl14 	lvl15 	lvl16 	lvl17 	lvl18 	lvl19 	lvl20 	lvl21 	lvl22 	lvl23 	lvl24 	lvl25 	lvl26 	lvl27 	lvl28 	lvl29 	lvl30 	lvl31 	lvl32 	lvl33 	lvl34 	lvl35 	lvl36 	lvl37 	lvl38 	lvl39 	lvl40 	lvl41 	lvl42 
100000   	0    	3.944700e-03	1     	2     	4     	8     	16    	31    	60    	119   	229   	419   	735   	1213  	1887  	2853  	4083  	5503  	7034  	8316  	9193  	9591  	9509  	8921  	7763  	6429  	5012  	3815  	2690  	1828  	1173  	695   	400   	220   	102   	51    	27    	12    	12    	10    	12    	8     	7     	6     	1     
100000   	1    	3.840000e-03	1     	2     	4     	8     	16    	32    	60    	112   	203   	356   	620   	1020  	1611  	2381  	3290  	4427  	5683  	6846  	7993  	9013  	9422  	9226  	8486  	7483  	6094  	4787  	3590  	2542  	1780  	1178  	732   	431   	245   	137   	88    	60    	21    	10    	6     	2     	2     	nan   	nan   
100000   	2    	4.879000e-03	1     	2     	4     	8     	16    	32    	64    	125   	231   	408   	658   	1056  	1572  	2214  	3054  	3980  	5004  	5981  	6803  	7529  	7901  	8059  	7677  	7091  	6421  	5585  	4721  	3897  	3107  	2349  	1645  	1084  	728   	463   	262   	138   	76    	31    	14    	7     	2     	nan   	nan   
100000   	3    	4.497500e-03	1     	2     	4     	8     	16    	32    	64    	123   	229   	408   	709   	1180  	1832  	2753  	3941  	5257  	6595  	7797  	8634  	9073  	9100  	8535  	7538  	6488  	5470  	4279  	3262  	2308  	1609  	1135  	764   	446   	234   	107   	41    	17    	9     	nan   	nan   	nan   	nan   	nan   	nan   

