Criação das árvores ordenadas:
n_persons	index	time        
100000   	0    	5.276220e-02
100000   	1    	6.559670e-02
100000   	2    	5.663120e-02
100000   	3    	5.417560e-02

Procura de nós nas árvores:
n_persons	index	time        
100000   	0    	6.372520e-02
100000   	1    	8.584390e-02
100000   	2    	5.779940e-02
100000   	3    	5.028830e-02

Maior profundidade das árvores:
n_persons	index	time        	depth
100000   	0    	4.340100e-03	38   
100000   	1    	4.783500e-03	35   
100000   	2    	5.567800e-03	38   
100000   	3    	5.849100e-03	42   

Número de nós em cada nível:
n_persons	index	time        	lvl0  	lvl1  	lvl2  	lvl3  	lvl4  	lvl5  	lvl6  	lvl7  	lvl8  	lvl9  	lvl10 	lvl11 	lvl12 	lvl13 	lvl14 	lvl15 	lvl16 	lvl17 	lvl18 	lvl19 	lvl20 	lvl21 	lvl22 	lvl23 	lvl24 	lvl25 	lvl26 	lvl27 	lvl28 	lvl29 	lvl30 	lvl31 	lvl32 	lvl33 	lvl34 	lvl35 	lvl36 	lvl37 	lvl38 	lvl39 	lvl40 	lvl41 	lvl42 
100000   	0    	4.009000e-03	1     	2     	4     	8     	16    	32    	64    	127   	244   	451   	799   	1381  	2213  	3303  	4613  	5877  	7309  	8327  	8993  	9330  	9093  	8360  	7328  	6135  	4835  	3670  	2634  	1825  	1192  	776   	503   	281   	155   	78    	26    	11    	2     	1     	1     	nan   	nan   	nan   	nan   
100000   	1    	4.115000e-03	1     	2     	4     	8     	16    	32    	63    	121   	230   	428   	754   	1259  	1988  	2992  	4322  	5809  	7356  	8697  	9523  	9862  	9510  	8853  	7621  	6203  	4819  	3542  	2340  	1516  	913   	558   	325   	173   	97    	46    	15    	2     	nan   	nan   	nan   	nan   	nan   	nan   	nan   
100000   	2    	4.323500e-03	1     	2     	4     	8     	16    	32    	64    	126   	230   	401   	688   	1119  	1730  	2468  	3358  	4395  	5371  	6230  	6990  	7482  	7586  	7505  	7187  	6747  	6152  	5495  	4759  	3837  	3084  	2407  	1713  	1183  	750   	437   	238   	117   	59    	25    	4     	nan   	nan   	nan   	nan   
100000   	3    	4.444100e-03	1     	2     	4     	8     	16    	32    	62    	122   	223   	389   	656   	1057  	1638  	2366  	3263  	4271  	5387  	6477  	7456  	8216  	8426  	8255  	7789  	7096  	6184  	5148  	4155  	3331  	2513  	1783  	1259  	920   	566   	339   	202   	136   	92    	66    	41    	30    	15    	6     	2     

