Criação das árvores ordenadas:
n_persons	index	time        
100000   	0    	5.617800e-02
100000   	1    	6.220680e-02
100000   	2    	5.452750e-02
100000   	3    	5.361770e-02

Procura de nós nas árvores:
n_persons	index	time        
100000   	0    	5.252980e-02
100000   	1    	6.141410e-02
100000   	2    	5.742470e-02
100000   	3    	4.978740e-02

Maior profundidade das árvores:
n_persons	index	time        	depth
100000   	0    	4.557400e-03	38   
100000   	1    	4.338300e-03	42   
100000   	2    	4.920100e-03	39   
100000   	3    	5.071800e-03	40   

Número de nós em cada nível:
n_persons	index	time        	lvl0  	lvl1  	lvl2  	lvl3  	lvl4  	lvl5  	lvl6  	lvl7  	lvl8  	lvl9  	lvl10 	lvl11 	lvl12 	lvl13 	lvl14 	lvl15 	lvl16 	lvl17 	lvl18 	lvl19 	lvl20 	lvl21 	lvl22 	lvl23 	lvl24 	lvl25 	lvl26 	lvl27 	lvl28 	lvl29 	lvl30 	lvl31 	lvl32 	lvl33 	lvl34 	lvl35 	lvl36 	lvl37 	lvl38 	lvl39 	lvl40 	lvl41 	lvl42 
100000   	0    	4.279700e-03	1     	2     	4     	8     	16    	32    	64    	120   	226   	412   	705   	1165  	1846  	2792  	3947  	5289  	6660  	7893  	8777  	9111  	9072  	8544  	7629  	6493  	5338  	4160  	3100  	2260  	1607  	1086  	664   	416   	256   	136   	83    	43    	23    	15    	5     	nan   	nan   	nan   	nan   
100000   	1    	3.909500e-03	1     	2     	4     	8     	16    	32    	63    	122   	222   	390   	640   	1028  	1582  	2322  	3254  	4271  	5331  	6361  	7193  	7696  	7873  	7935  	7644  	7179  	6360  	5705  	4687  	3733  	2771  	2063  	1424  	927   	519   	274   	150   	90    	60    	33    	17    	8     	7     	2     	1     
100000   	2    	4.393200e-03	1     	2     	4     	8     	16    	31    	62    	121   	222   	398   	690   	1115  	1709  	2499  	3532  	4693  	5793  	6802  	7624  	8183  	8374  	8255  	7692  	6956  	6004  	5020  	4083  	3173  	2294  	1674  	1165  	752   	472   	266   	160   	94    	46    	11    	3     	1     	nan   	nan   	nan   
100000   	3    	4.382300e-03	1     	2     	4     	8     	16    	30    	58    	109   	197   	346   	581   	922   	1373  	1975  	2767  	3716  	4684  	5573  	6337  	6948  	7421  	7712  	7749  	7617  	7033  	6259  	5525  	4492  	3437  	2519  	1764  	1127  	725   	440   	269   	139   	64    	29    	17    	11    	4     	nan   	nan   

