Criação das árvores ordenadas:
n_persons	index	time        
262144   	0    	2.161446e-01
262144   	1    	3.396896e-01
262144   	2    	2.272791e-01
262144   	3    	2.601629e-01

Procura de nós nas árvores:
n_persons	index	time        
262144   	0    	3.491240e-01
262144   	1    	3.769504e-01
262144   	2    	2.657529e-01
262144   	3    	2.360590e-01

Maior profundidade das árvores:
n_persons	index	time        	depth
262144   	0    	1.249921e-02	41   
262144   	1    	1.209295e-02	42   
262144   	2    	1.211628e-02	43   
262144   	3    	1.169789e-02	45   

Número de nós em cada nível:
n_persons	index	time        	lvl0  	lvl1  	lvl2  	lvl3  	lvl4  	lvl5  	lvl6  	lvl7  	lvl8  	lvl9  	lvl10 	lvl11 	lvl12 	lvl13 	lvl14 	lvl15 	lvl16 	lvl17 	lvl18 	lvl19 	lvl20 	lvl21 	lvl22 	lvl23 	lvl24 	lvl25 	lvl26 	lvl27 	lvl28 	lvl29 	lvl30 	lvl31 	lvl32 	lvl33 	lvl34 	lvl35 	lvl36 	lvl37 	lvl38 	lvl39 	lvl40 	lvl41 	lvl42 	lvl43 	lvl44 	lvl45 
262144   	0    	1.044600e-02	1     	2     	4     	8     	16    	32    	64    	128   	252   	490   	911   	1617  	2657  	4245  	6390  	9015  	12168 	15672 	18926 	21659 	23533 	23971 	23106 	21173 	18607 	15659 	12603 	9622  	7016  	4877  	3262  	1992  	1133  	637   	359   	165   	95    	42    	22    	8     	3     	2     	nan   	nan   	nan   	nan   
262144   	1    	9.283351e-03	1     	2     	4     	8     	16    	32    	63    	117   	219   	402   	727   	1288  	2134  	3431  	5178  	7398  	9941  	12772 	15730 	18316 	20715 	22165 	22522 	21955 	20157 	17886 	15033 	12118 	9616  	7257  	5281  	3591  	2378  	1535  	942   	559   	310   	171   	86    	53    	23    	10    	2     	nan   	nan   	nan   
262144   	2    	9.640281e-03	1     	2     	4     	8     	16    	32    	64    	126   	243   	443   	805   	1360  	2249  	3520  	5347  	7680  	10470 	13612 	16716 	19601 	21740 	22826 	22952 	21892 	19803 	17309 	14310 	11409 	8629  	6404  	4503  	3022  	2014  	1258  	788   	473   	257   	146   	69    	24    	11    	4     	1     	1     	nan   	nan   
262144   	3    	1.139193e-02	1     	2     	4     	8     	16    	32    	64    	126   	249   	476   	873   	1493  	2510  	3996  	5919  	8435  	11215 	14142 	16887 	19051 	20354 	20735 	20413 	19421 	17894 	15853 	13631 	11349 	9224  	7377  	5832  	4525  	3419  	2433  	1616  	1041  	658   	412   	210   	118   	65    	34    	17    	7     	6     	1     

