Criação das árvores ordenadas:
n_persons	index	time        
100000   	0    	5.147440e-02
100000   	1    	6.426530e-02
100000   	2    	5.695650e-02
100000   	3    	4.745470e-02

Procura de nós nas árvores:
n_persons	index	time        
100000   	0    	5.357340e-02
100000   	1    	1.123017e-01
100000   	2    	7.550850e-02
100000   	3    	5.225800e-02

Maior profundidade das árvores:
n_persons	index	time        	depth
100000   	0    	4.449000e-03	39   
100000   	1    	4.437900e-03	37   
100000   	2    	5.225800e-03	38   
100000   	3    	4.995300e-03	40   

Número de nós em cada nível:
n_persons	index	time        	lvl0  	lvl1  	lvl2  	lvl3  	lvl4  	lvl5  	lvl6  	lvl7  	lvl8  	lvl9  	lvl10 	lvl11 	lvl12 	lvl13 	lvl14 	lvl15 	lvl16 	lvl17 	lvl18 	lvl19 	lvl20 	lvl21 	lvl22 	lvl23 	lvl24 	lvl25 	lvl26 	lvl27 	lvl28 	lvl29 	lvl30 	lvl31 	lvl32 	lvl33 	lvl34 	lvl35 	lvl36 	lvl37 	lvl38 	lvl39 	lvl40 
100000   	0    	4.088100e-03	1     	2     	4     	8     	16    	32    	64    	126   	246   	453   	811   	1348  	2093  	3032  	4138  	5310  	6508  	7643  	8380  	8605  	8397  	7977  	7187  	6279  	5336  	4282  	3458  	2625  	1917  	1381  	944   	590   	356   	200   	112   	67    	43    	21    	7     	1     	nan   
100000   	1    	3.930500e-03	1     	2     	4     	8     	16    	31    	60    	108   	200   	354   	608   	979   	1554  	2368  	3484  	4799  	6265  	7742  	8852  	9511  	9597  	9243  	8376  	7082  	5729  	4370  	3170  	2104  	1404  	880   	502   	303   	163   	85    	33    	7     	4     	2     	nan   	nan   	nan   
100000   	2    	5.081300e-03	1     	2     	4     	8     	16    	32    	64    	126   	243   	442   	775   	1309  	2031  	2996  	4285  	5621  	7073  	8296  	8990  	9231  	8969  	8351  	7348  	6049  	4766  	3656  	2813  	2073  	1462  	1068  	731   	491   	315   	192   	102   	43    	14    	8     	4     	nan   	nan   
100000   	3    	4.852800e-03	1     	2     	4     	8     	16    	32    	64    	116   	208   	372   	640   	1050  	1620  	2351  	3258  	4305  	5312  	6337  	7168  	7957  	8344  	8428  	8071  	7410  	6512  	5437  	4361  	3284  	2385  	1625  	1099  	799   	513   	353   	230   	159   	75    	46    	32    	12    	4     

