Criação das árvores ordenadas:
n_persons	index	time        
100000   	0    	5.411830e-02
100000   	1    	6.703630e-02
100000   	2    	5.874360e-02
100000   	3    	4.812790e-02

Procura de nós nas árvores:
n_persons	index	time        
100000   	0    	1.126263e-01
100000   	1    	8.687530e-02
100000   	2    	6.103210e-02
100000   	3    	5.451280e-02

Maior profundidade das árvores:
n_persons	index	time        	depth
100000   	0    	4.637800e-03	40   
100000   	1    	4.587800e-03	38   
100000   	2    	4.916200e-03	39   
100000   	3    	5.127500e-03	38   

Número de nós em cada nível:
n_persons	index	time        	lvl0  	lvl1  	lvl2  	lvl3  	lvl4  	lvl5  	lvl6  	lvl7  	lvl8  	lvl9  	lvl10 	lvl11 	lvl12 	lvl13 	lvl14 	lvl15 	lvl16 	lvl17 	lvl18 	lvl19 	lvl20 	lvl21 	lvl22 	lvl23 	lvl24 	lvl25 	lvl26 	lvl27 	lvl28 	lvl29 	lvl30 	lvl31 	lvl32 	lvl33 	lvl34 	lvl35 	lvl36 	lvl37 	lvl38 	lvl39 	lvl40 
100000   	0    	4.286300e-03	1     	2     	4     	8     	16    	32    	64    	118   	221   	404   	703   	1153  	1796  	2606  	3587  	4755  	5862  	6990  	7791  	8317  	8315  	7921  	7459  	6837  	5962  	5026  	4078  	3179  	2397  	1753  	1151  	709   	385   	188   	108   	54    	25    	10    	7     	4     	2     
100000   	1    	4.172200e-03	1     	2     	4     	8     	16    	32    	63    	124   	232   	433   	761   	1224  	1894  	2810  	3935  	5168  	6562  	7847  	8837  	9337  	9219  	8680  	7739  	6568  	5389  	4150  	3013  	2131  	1462  	927   	593   	359   	205   	128   	74    	44    	18    	9     	2     	nan   	nan   
100000   	2    	4.645100e-03	1     	2     	4     	8     	16    	32    	63    	122   	237   	442   	802   	1323  	2056  	2997  	4166  	5356  	6500  	7538  	8200  	8536  	8542  	8145  	7430  	6452  	5359  	4246  	3229  	2433  	1804  	1295  	921   	666   	448   	296   	173   	88    	43    	23    	5     	1     	nan   
100000   	3    	4.812500e-03	1     	2     	4     	8     	16    	32    	63    	116   	214   	350   	566   	934   	1455  	2128  	3032  	4137  	5336  	6533  	7670  	8611  	9113  	9130  	8598  	7659  	6587  	5377  	4170  	3011  	1991  	1300  	821   	462   	253   	153   	89    	48    	20    	8     	2     	nan   	nan   

