Criação das árvores ordenadas:
n_persons	index	time        
100000   	0    	5.087980e-02
100000   	1    	6.124220e-02
100000   	2    	5.548960e-02
100000   	3    	5.722930e-02

Procura de nós nas árvores:
n_persons	index	time        
100000   	0    	5.454920e-02
100000   	1    	6.215970e-02
100000   	2    	5.608460e-02
100000   	3    	5.096140e-02

Maior profundidade das árvores:
n_persons	index	time        	depth
100000   	0    	4.764100e-03	41   
100000   	1    	4.601900e-03	38   
100000   	2    	7.110000e-03	40   
100000   	3    	7.038600e-03	40   

Número de nós em cada nível:
n_persons	index	time        	lvl0  	lvl1  	lvl2  	lvl3  	lvl4  	lvl5  	lvl6  	lvl7  	lvl8  	lvl9  	lvl10 	lvl11 	lvl12 	lvl13 	lvl14 	lvl15 	lvl16 	lvl17 	lvl18 	lvl19 	lvl20 	lvl21 	lvl22 	lvl23 	lvl24 	lvl25 	lvl26 	lvl27 	lvl28 	lvl29 	lvl30 	lvl31 	lvl32 	lvl33 	lvl34 	lvl35 	lvl36 	lvl37 	lvl38 	lvl39 	lvl40 	lvl41 
100000   	0    	5.647200e-03	1     	2     	4     	8     	16    	32    	64    	125   	235   	430   	754   	1265  	1932  	2786  	3839  	5007  	6088  	7134  	8117  	8753  	9002  	8602  	7869  	7031  	5892  	4735  	3584  	2536  	1699  	1052  	633   	376   	193   	100   	52    	20    	9     	9     	7     	4     	2     	1     
100000   	1    	4.262500e-03	1     	2     	4     	8     	16    	32    	63    	122   	222   	396   	675   	1112  	1771  	2644  	3745  	5041  	6313  	7428  	8259  	8708  	8750  	8405  	7669  	6674  	5541  	4526  	3498  	2708  	1934  	1372  	944   	624   	377   	213   	114   	50    	26    	11    	2     	nan   	nan   	nan   
100000   	2    	4.706700e-03	1     	2     	4     	8     	16    	32    	63    	119   	229   	413   	751   	1277  	2057  	3066  	4155  	5398  	6550  	7562  	8178  	8405  	8248  	7868  	7202  	6415  	5449  	4524  	3620  	2803  	1983  	1368  	871   	549   	345   	212   	123   	63    	35    	24    	9     	2     	1     	nan   
100000   	3    	4.676900e-03	1     	2     	4     	8     	16    	32    	53    	96    	159   	270   	448   	722   	1174  	1786  	2593  	3557  	4776  	6061  	7323  	8362  	9150  	9151  	8788  	7965  	6835  	5553  	4409  	3301  	2421  	1745  	1226  	813   	483   	284   	185   	122   	73    	30    	16    	6     	1     	nan   

