Criação das árvores ordenadas:
n_persons	index	time        
100000   	0    	5.499340e-02
100000   	1    	6.328880e-02
100000   	2    	5.498200e-02
100000   	3    	4.653220e-02

Procura de nós nas árvores:
n_persons	index	time        
100000   	0    	5.692290e-02
100000   	1    	7.116360e-02
100000   	2    	5.754520e-02
100000   	3    	5.383950e-02

Maior profundidade das árvores:
n_persons	index	time        	depth
100000   	0    	4.336600e-03	42   
100000   	1    	4.367200e-03	41   
100000   	2    	5.124400e-03	38   
100000   	3    	4.821600e-03	41   

Número de nós em cada nível:
n_persons	index	time        	lvl0  	lvl1  	lvl2  	lvl3  	lvl4  	lvl5  	lvl6  	lvl7  	lvl8  	lvl9  	lvl10 	lvl11 	lvl12 	lvl13 	lvl14 	lvl15 	lvl16 	lvl17 	lvl18 	lvl19 	lvl20 	lvl21 	lvl22 	lvl23 	lvl24 	lvl25 	lvl26 	lvl27 	lvl28 	lvl29 	lvl30 	lvl31 	lvl32 	lvl33 	lvl34 	lvl35 	lvl36 	lvl37 	lvl38 	lvl39 	lvl40 	lvl41 	lvl42 
100000   	0    	3.933000e-03	1     	2     	4     	8     	16    	32    	61    	118   	220   	377   	639   	1020  	1625  	2451  	3442  	4545  	5645  	6713  	7599  	8174  	8518  	8432  	8080  	7283  	6317  	5151  	4031  	3023  	2179  	1475  	1048  	693   	438   	267   	165   	86    	58    	35    	20    	5     	2     	1     	1     
100000   	1    	4.014000e-03	1     	2     	4     	8     	16    	32    	64    	125   	242   	457   	817   	1343  	2111  	3112  	4206  	5413  	6640  	7631  	8299  	8458  	8309  	7770  	7054  	6191  	5313  	4408  	3508  	2711  	1998  	1427  	937   	575   	347   	207   	123   	80    	38    	13    	5     	3     	1     	1     	nan   
100000   	2    	4.747800e-03	1     	2     	4     	8     	16    	32    	64    	126   	231   	417   	714   	1156  	1786  	2632  	3625  	4818  	5975  	7012  	7919  	8535  	8777  	8643  	8070  	7098  	6016  	4820  	3705  	2706  	1963  	1312  	803   	475   	273   	151   	72    	26    	8     	6     	3     	nan   	nan   	nan   	nan   
100000   	3    	4.681800e-03	1     	2     	4     	8     	16    	32    	62    	123   	221   	383   	653   	1053  	1601  	2385  	3372  	4539  	5698  	6766  	7711  	8313  	8479  	8289  	7770  	6952  	5987  	5067  	4034  	3156  	2390  	1730  	1172  	804   	505   	324   	204   	105   	44    	21    	11    	6     	4     	3     	nan   

