Criação das árvores ordenadas:
n_persons	index	time        
100000   	0    	5.160440e-02
100000   	1    	6.194860e-02
100000   	2    	5.394780e-02
100000   	3    	4.843550e-02

Procura de nós nas árvores:
n_persons	index	time        
100000   	0    	5.430450e-02
100000   	1    	6.989510e-02
100000   	2    	5.758080e-02
100000   	3    	9.531320e-02

Maior profundidade das árvores:
n_persons	index	time        	depth
100000   	0    	9.462100e-03	39   
100000   	1    	5.892700e-03	39   
100000   	2    	6.356000e-03	42   
100000   	3    	6.421600e-03	38   

Número de nós em cada nível:
n_persons	index	time        	lvl0  	lvl1  	lvl2  	lvl3  	lvl4  	lvl5  	lvl6  	lvl7  	lvl8  	lvl9  	lvl10 	lvl11 	lvl12 	lvl13 	lvl14 	lvl15 	lvl16 	lvl17 	lvl18 	lvl19 	lvl20 	lvl21 	lvl22 	lvl23 	lvl24 	lvl25 	lvl26 	lvl27 	lvl28 	lvl29 	lvl30 	lvl31 	lvl32 	lvl33 	lvl34 	lvl35 	lvl36 	lvl37 	lvl38 	lvl39 	lvl40 	lvl41 	lvl42 
100000   	0    	4.720000e-03	1     	2     	4     	8     	16    	32    	61    	118   	220   	394   	702   	1144  	1775  	2680  	3806  	5174  	6647  	7935  	8826  	9106  	8940  	8406  	7626  	6479  	5341  	4298  	3386  	2508  	1726  	1143  	693   	400   	190   	117   	56    	27    	7     	2     	3     	1     	nan   	nan   	nan   
100000   	1    	5.083900e-03	1     	2     	4     	8     	16    	31    	58    	107   	196   	344   	608   	997   	1557  	2276  	3140  	4127  	5155  	6190  	7231  	8090  	8666  	8882  	8433  	7863  	6762  	5549  	4371  	3206  	2240  	1549  	950   	595   	345   	215   	111   	61    	35    	20    	8     	1     	nan   	nan   	nan   
100000   	2    	6.214800e-03	1     	2     	4     	8     	16    	32    	63    	118   	218   	357   	601   	961   	1512  	2242  	3175  	4332  	5691  	6978  	8025  	8872  	9123  	8897  	8072  	7077  	5899  	4736  	3723  	2783  	2069  	1522  	1019  	680   	431   	262   	166   	99    	78    	60    	43    	28    	17    	7     	1     
100000   	3    	5.075800e-03	1     	2     	4     	8     	16    	32    	62    	121   	230   	424   	732   	1198  	1809  	2563  	3448  	4531  	5674  	6740  	7640  	8304  	8607  	8582  	8076  	7280  	6164  	5040  	3914  	2882  	2069  	1442  	978   	621   	371   	234   	121   	51    	20    	7     	2     	nan   	nan   	nan   	nan   

