Criação das árvores ordenadas:
n_persons	index	time        
100000   	0    	5.261170e-02
100000   	1    	6.290940e-02
100000   	2    	1.056984e-01
100000   	3    	6.651090e-02

Procura de nós nas árvores:
n_persons	index	time        
100000   	0    	5.217880e-02
100000   	1    	6.101380e-02
100000   	2    	5.376200e-02
100000   	3    	5.137740e-02

Maior profundidade das árvores:
n_persons	index	time        	depth
100000   	0    	4.260600e-03	37   
100000   	1    	4.703400e-03	40   
100000   	2    	4.913300e-03	38   
100000   	3    	5.314900e-03	37   

Número de nós em cada nível:
n_persons	index	time        	lvl0  	lvl1  	lvl2  	lvl3  	lvl4  	lvl5  	lvl6  	lvl7  	lvl8  	lvl9  	lvl10 	lvl11 	lvl12 	lvl13 	lvl14 	lvl15 	lvl16 	lvl17 	lvl18 	lvl19 	lvl20 	lvl21 	lvl22 	lvl23 	lvl24 	lvl25 	lvl26 	lvl27 	lvl28 	lvl29 	lvl30 	lvl31 	lvl32 	lvl33 	lvl34 	lvl35 	lvl36 	lvl37 	lvl38 	lvl39 	lvl40 
100000   	0    	3.935400e-03	1     	2     	4     	8     	16    	32    	64    	126   	238   	442   	771   	1232  	1906  	2743  	3711  	4828  	6002  	6980  	7771  	8306  	8319  	8113  	7649  	6871  	5900  	5015  	3994  	3054  	2176  	1500  	977   	605   	342   	180   	82    	31    	7     	2     	nan   	nan   	nan   
100000   	1    	4.139400e-03	1     	2     	4     	8     	16    	32    	58    	111   	198   	338   	563   	916   	1398  	2058  	2919  	3920  	5015  	6231  	7190  	7923  	8518  	8466  	8131  	7528  	6650  	5603  	4582  	3567  	2670  	1882  	1275  	863   	574   	349   	207   	123   	65    	30    	9     	6     	1     
100000   	2    	4.367900e-03	1     	2     	4     	8     	16    	32    	64    	124   	235   	441   	796   	1379  	2210  	3299  	4660  	6091  	7417  	8512  	9146  	9304  	8953  	8416  	7331  	6150  	4790  	3550  	2517  	1724  	1114  	693   	435   	249   	137   	92    	53    	30    	20    	3     	2     	nan   	nan   
100000   	3    	4.272400e-03	1     	2     	4     	8     	16    	32    	61    	112   	215   	378   	650   	1086  	1654  	2435  	3364  	4362  	5441  	6415  	7308  	7975  	8315  	8365  	8111  	7539  	6557  	5506  	4410  	3327  	2390  	1593  	1023  	680   	355   	175   	86    	38    	8     	3     	nan   	nan   	nan   

