Criação das árvores ordenadas:
n_persons	index	time        
100000   	0    	6.090980e-02
100000   	1    	6.508210e-02
100000   	2    	5.729630e-02
100000   	3    	4.686100e-02

Procura de nós nas árvores:
n_persons	index	time        
100000   	0    	5.978010e-02
100000   	1    	7.342790e-02
100000   	2    	8.001520e-02
100000   	3    	5.448560e-02

Maior profundidade das árvores:
n_persons	index	time        	depth
100000   	0    	5.048100e-03	38   
100000   	1    	4.889000e-03	39   
100000   	2    	5.582600e-03	38   
100000   	3    	5.114600e-03	38   

Número de nós em cada nível:
n_persons	index	time        	lvl0  	lvl1  	lvl2  	lvl3  	lvl4  	lvl5  	lvl6  	lvl7  	lvl8  	lvl9  	lvl10 	lvl11 	lvl12 	lvl13 	lvl14 	lvl15 	lvl16 	lvl17 	lvl18 	lvl19 	lvl20 	lvl21 	lvl22 	lvl23 	lvl24 	lvl25 	lvl26 	lvl27 	lvl28 	lvl29 	lvl30 	lvl31 	lvl32 	lvl33 	lvl34 	lvl35 	lvl36 	lvl37 	lvl38 	lvl39 
100000   	0    	5.404000e-03	1     	2     	4     	8     	16    	32    	64    	127   	244   	414   	685   	1112  	1767  	2671  	3830  	5155  	6490  	7704  	8707  	9219  	9176  	8745  	8000  	6885  	5666  	4368  	3140  	2158  	1406  	878   	526   	347   	201   	109   	70    	35    	21    	11    	6     	nan   
100000   	1    	4.261900e-03	1     	2     	4     	8     	16    	32    	64    	122   	235   	430   	765   	1291  	2055  	3080  	4293  	5629  	6869  	7939  	8746  	9035  	8987  	8431  	7505  	6421  	5069  	3938  	2920  	2135  	1515  	996   	633   	385   	212   	125   	58    	25    	18    	8     	2     	1     
100000   	2    	4.536800e-03	1     	2     	4     	8     	16    	32    	62    	120   	223   	408   	732   	1248  	1957  	2969  	4252  	5696  	7198  	8504  	9416  	10044 	9917  	9013  	7683  	6195  	4691  	3424  	2367  	1621  	984   	564   	320   	170   	85    	43    	21    	4     	2     	2     	2     	nan   
100000   	3    	4.695300e-03	1     	2     	4     	8     	16    	32    	64    	127   	243   	434   	759   	1213  	1858  	2733  	3804  	5000  	6322  	7511  	8524  	9036  	9113  	8588  	7812  	6742  	5584  	4440  	3316  	2398  	1626  	1080  	676   	427   	252   	138   	65    	27    	14    	6     	5     	nan   

