Criação das árvores ordenadas:
n_persons	index	time        
100000   	0    	5.286100e-02
100000   	1    	6.158320e-02
100000   	2    	5.557100e-02
100000   	3    	4.683380e-02

Procura de nós nas árvores:
n_persons	index	time        
100000   	0    	5.225500e-02
100000   	1    	6.383360e-02
100000   	2    	5.556810e-02
100000   	3    	4.815670e-02

Maior profundidade das árvores:
n_persons	index	time        	depth
100000   	0    	4.668400e-03	41   
100000   	1    	4.593700e-03	39   
100000   	2    	5.066100e-03	39   
100000   	3    	5.577800e-03	40   

Número de nós em cada nível:
n_persons	index	time        	lvl0  	lvl1  	lvl2  	lvl3  	lvl4  	lvl5  	lvl6  	lvl7  	lvl8  	lvl9  	lvl10 	lvl11 	lvl12 	lvl13 	lvl14 	lvl15 	lvl16 	lvl17 	lvl18 	lvl19 	lvl20 	lvl21 	lvl22 	lvl23 	lvl24 	lvl25 	lvl26 	lvl27 	lvl28 	lvl29 	lvl30 	lvl31 	lvl32 	lvl33 	lvl34 	lvl35 	lvl36 	lvl37 	lvl38 	lvl39 	lvl40 	lvl41 
100000   	0    	4.671700e-03	1     	2     	4     	8     	16    	32    	64    	126   	248   	463   	804   	1288  	1991  	2831  	3871  	4890  	5927  	6885  	7594  	8038  	8146  	7930  	7342  	6455  	5607  	4765  	3773  	2981  	2253  	1677  	1219  	933   	667   	453   	286   	176   	101   	77    	48    	18    	8     	2     
100000   	1    	3.854400e-03	1     	2     	4     	8     	16    	32    	63    	122   	224   	387   	634   	1000  	1495  	2231  	3140  	4243  	5547  	6830  	7921  	8673  	9039  	8884  	8342  	7532  	6460  	5246  	3917  	2802  	1923  	1315  	843   	515   	285   	160   	87    	47    	20    	7     	2     	1     	nan   	nan   
100000   	2    	4.437200e-03	1     	2     	4     	8     	16    	32    	61    	114   	212   	366   	613   	990   	1562  	2367  	3369  	4586  	5833  	6991  	7908  	8563  	8825  	8698  	8068  	7266  	6168  	4944  	3855  	2835  	1982  	1397  	932   	575   	338   	217   	131   	71    	51    	27    	15    	7     	nan   	nan   
100000   	3    	4.653800e-03	1     	2     	4     	8     	16    	32    	60    	116   	221   	393   	669   	1083  	1683  	2424  	3373  	4441  	5522  	6503  	7313  	7850  	8184  	8341  	8079  	7427  	6544  	5502  	4354  	3285  	2356  	1653  	1065  	663   	394   	213   	107   	64    	34    	14    	5     	1     	1     	nan   

