Criação das árvores ordenadas:
n_persons	index	time        
100000   	0    	5.206330e-02
100000   	1    	6.304310e-02
100000   	2    	5.452290e-02
100000   	3    	4.839750e-02

Procura de nós nas árvores:
n_persons	index	time        
100000   	0    	5.601300e-02
100000   	1    	1.016405e-01
100000   	2    	8.529110e-02
100000   	3    	5.664370e-02

Maior profundidade das árvores:
n_persons	index	time        	depth
100000   	0    	4.699200e-03	38   
100000   	1    	5.250300e-03	37   
100000   	2    	5.498900e-03	40   
100000   	3    	5.658800e-03	40   

Número de nós em cada nível:
n_persons	index	time        	lvl0  	lvl1  	lvl2  	lvl3  	lvl4  	lvl5  	lvl6  	lvl7  	lvl8  	lvl9  	lvl10 	lvl11 	lvl12 	lvl13 	lvl14 	lvl15 	lvl16 	lvl17 	lvl18 	lvl19 	lvl20 	lvl21 	lvl22 	lvl23 	lvl24 	lvl25 	lvl26 	lvl27 	lvl28 	lvl29 	lvl30 	lvl31 	lvl32 	lvl33 	lvl34 	lvl35 	lvl36 	lvl37 	lvl38 	lvl39 	lvl40 
100000   	0    	4.071400e-03	1     	2     	4     	8     	16    	32    	64    	124   	235   	425   	756   	1281  	2075  	3011  	4125  	5307  	6341  	7331  	8029  	8515  	8461  	8105  	7451  	6655  	5694  	4551  	3477  	2577  	1805  	1263  	912   	600   	346   	200   	110   	65    	27    	15    	4     	nan   	nan   
100000   	1    	3.838300e-03	1     	2     	4     	8     	16    	32    	63    	125   	238   	428   	724   	1172  	1800  	2608  	3653  	4753  	5997  	7036  	7908  	8607  	8762  	8558  	8099  	7391  	6248  	4920  	3873  	2690  	1817  	1135  	650   	356   	173   	81    	44    	16    	10    	2     	nan   	nan   	nan   
100000   	2    	5.516600e-03	1     	2     	4     	8     	16    	32    	63    	120   	213   	379   	647   	1071  	1680  	2495  	3486  	4683  	5926  	7139  	8187  	8879  	9177  	8977  	8221  	7203  	6154  	4890  	3670  	2618  	1764  	1059  	628   	323   	157   	69    	23    	9     	7     	5     	6     	5     	4     
100000   	3    	5.466600e-03	1     	2     	4     	8     	16    	32    	62    	121   	224   	407   	714   	1200  	1878  	2795  	3753  	4933  	6116  	7043  	7770  	8254  	8447  	8215  	7501  	6651  	5755  	4804  	3935  	3026  	2269  	1523  	1003  	651   	411   	225   	129   	67    	33    	11    	8     	1     	2     

