Criação das árvores ordenadas:
n_persons	index	time        
100000   	0    	5.298000e-02
100000   	1    	6.444460e-02
100000   	2    	5.551080e-02
100000   	3    	4.993890e-02

Procura de nós nas árvores:
n_persons	index	time        
100000   	0    	5.716370e-02
100000   	1    	7.257890e-02
100000   	2    	6.033870e-02
100000   	3    	5.075040e-02

Maior profundidade das árvores:
n_persons	index	time        	depth
100000   	0    	4.619900e-03	40   
100000   	1    	4.648500e-03	40   
100000   	2    	5.050400e-03	37   
100000   	3    	5.044800e-03	38   

Número de nós em cada nível:
n_persons	index	time        	lvl0  	lvl1  	lvl2  	lvl3  	lvl4  	lvl5  	lvl6  	lvl7  	lvl8  	lvl9  	lvl10 	lvl11 	lvl12 	lvl13 	lvl14 	lvl15 	lvl16 	lvl17 	lvl18 	lvl19 	lvl20 	lvl21 	lvl22 	lvl23 	lvl24 	lvl25 	lvl26 	lvl27 	lvl28 	lvl29 	lvl30 	lvl31 	lvl32 	lvl33 	lvl34 	lvl35 	lvl36 	lvl37 	lvl38 	lvl39 	lvl40 
100000   	0    	4.376200e-03	1     	2     	4     	8     	16    	32    	61    	115   	225   	399   	705   	1171  	1862  	2807  	3848  	5093  	6326  	7286  	7924  	8293  	8365  	8114  	7524  	6574  	5571  	4515  	3626  	2885  	2143  	1529  	1069  	709   	461   	297   	205   	117   	57    	34    	20    	6     	1     
100000   	1    	4.076100e-03	1     	2     	4     	8     	16    	30    	59    	108   	197   	346   	567   	884   	1392  	2135  	3135  	4309  	5601  	6748  	7725  	8546  	8939  	8920  	8372  	7424  	6270  	5017  	3897  	2899  	2059  	1428  	996   	679   	450   	327   	220   	136   	82    	39    	19    	12    	2     
100000   	2    	4.402100e-03	1     	2     	4     	8     	16    	32    	64    	126   	244   	448   	791   	1337  	2123  	3193  	4454  	5969  	7417  	8567  	9378  	9702  	9327  	8459  	7338  	6078  	4702  	3466  	2444  	1632  	1087  	650   	391   	240   	150   	76    	42    	22    	12    	8     	nan   	nan   	nan   
100000   	3    	5.266900e-03	1     	2     	4     	8     	16    	32    	64    	125   	240   	429   	768   	1276  	1909  	2754  	3815  	4983  	6112  	7055  	8030  	8555  	8751  	8514  	8013  	7018  	5857  	4812  	3672  	2675  	1808  	1173  	691   	405   	212   	112   	65    	34    	6     	3     	1     	nan   	nan   

