Criação das árvores ordenadas:
n_persons	index	time        
100000   	0    	7.617440e-02
100000   	1    	2.263000e-01
100000   	2    	1.051625e-01
100000   	3    	8.014010e-02

Procura de nós nas árvores:
n_persons	index	time        
100000   	0    	9.365280e-02
100000   	1    	1.139303e-01
100000   	2    	8.749970e-02
100000   	3    	8.250760e-02

Maior profundidade das árvores:
n_persons	index	time        	depth
100000   	0    	5.661400e-03	41   
100000   	1    	5.537400e-03	41   
100000   	2    	6.240100e-03	42   
100000   	3    	6.503400e-03	38   

Número de nós em cada nível:
n_persons	index	time        	lvl0  	lvl1  	lvl2  	lvl3  	lvl4  	lvl5  	lvl6  	lvl7  	lvl8  	lvl9  	lvl10 	lvl11 	lvl12 	lvl13 	lvl14 	lvl15 	lvl16 	lvl17 	lvl18 	lvl19 	lvl20 	lvl21 	lvl22 	lvl23 	lvl24 	lvl25 	lvl26 	lvl27 	lvl28 	lvl29 	lvl30 	lvl31 	lvl32 	lvl33 	lvl34 	lvl35 	lvl36 	lvl37 	lvl38 	lvl39 	lvl40 	lvl41 	lvl42 
100000   	0    	5.196400e-03	1     	2     	4     	8     	16    	32    	62    	119   	221   	405   	707   	1166  	1905  	2851  	3983  	5251  	6370  	7276  	7981  	8259  	8373  	7976  	7318  	6521  	5629  	4716  	3817  	2948  	2145  	1499  	934   	604   	380   	227   	132   	73    	44    	23    	15    	4     	2     	1     	nan   
100000   	1    	4.846400e-03	1     	2     	4     	8     	16    	30    	57    	103   	166   	269   	415   	601   	843   	1143  	1585  	2153  	2895  	3824  	4954  	6157  	7276  	8211  	8781  	8900  	8501  	7713  	6733  	5558  	4360  	3171  	2224  	1453  	854   	469   	277   	141   	75    	46    	18    	10    	2     	1     	nan   
100000   	2    	6.368500e-03	1     	2     	4     	8     	16    	32    	64    	121   	226   	411   	730   	1197  	1867  	2765  	3809  	4987  	6218  	7443  	8508  	9032  	8965  	8754  	8079  	7016  	5740  	4387  	3267  	2266  	1562  	991   	626   	364   	220   	123   	80    	52    	27    	15    	9     	8     	4     	2     	2     
100000   	3    	5.193000e-03	1     	2     	4     	8     	16    	32    	63    	124   	234   	407   	688   	1112  	1718  	2492  	3446  	4566  	5774  	6915  	7853  	8543  	8877  	8750  	8256  	7408  	6263  	4987  	3845  	2737  	1842  	1218  	777   	462   	259   	152   	93    	45    	19    	10    	2     	nan   	nan   	nan   	nan   

