Criação das árvores ordenadas:
n_persons	index	time        
100000   	0    	5.046760e-02
100000   	1    	6.228200e-02
100000   	2    	5.837810e-02
100000   	3    	4.830190e-02

Procura de nós nas árvores:
n_persons	index	time        
100000   	0    	5.267320e-02
100000   	1    	6.131780e-02
100000   	2    	5.867140e-02
100000   	3    	4.926390e-02

Maior profundidade das árvores:
n_persons	index	time        	depth
100000   	0    	4.399800e-03	42   
100000   	1    	4.246100e-03	37   
100000   	2    	5.054000e-03	40   
100000   	3    	4.809900e-03	40   

Número de nós em cada nível:
n_persons	index	time        	lvl0  	lvl1  	lvl2  	lvl3  	lvl4  	lvl5  	lvl6  	lvl7  	lvl8  	lvl9  	lvl10 	lvl11 	lvl12 	lvl13 	lvl14 	lvl15 	lvl16 	lvl17 	lvl18 	lvl19 	lvl20 	lvl21 	lvl22 	lvl23 	lvl24 	lvl25 	lvl26 	lvl27 	lvl28 	lvl29 	lvl30 	lvl31 	lvl32 	lvl33 	lvl34 	lvl35 	lvl36 	lvl37 	lvl38 	lvl39 	lvl40 	lvl41 	lvl42 
100000   	0    	3.872500e-03	1     	2     	4     	8     	16    	32    	64    	124   	231   	414   	706   	1151  	1793  	2642  	3725  	4893  	6046  	7203  	8108  	8736  	8981  	8787  	7999  	7119  	5971  	4703  	3522  	2519  	1712  	1170  	737   	414   	224   	126   	58    	29    	15    	7     	4     	1     	1     	1     	1     
100000   	1    	3.994200e-03	1     	2     	4     	8     	16    	31    	62    	124   	223   	400   	676   	1105  	1708  	2563  	3643  	4902  	6173  	7310  	8286  	8909  	9065  	8688  	8085  	7007  	5843  	4605  	3544  	2578  	1768  	1156  	699   	396   	225   	105   	61    	21    	7     	1     	nan   	nan   	nan   	nan   	nan   
100000   	2    	4.885500e-03	1     	2     	4     	8     	16    	32    	63    	124   	228   	397   	669   	1088  	1737  	2590  	3598  	4691  	5847  	6981  	7926  	8415  	8502  	8251  	7594  	6836  	5991  	5082  	4019  	3104  	2195  	1577  	1007  	615   	347   	193   	119   	74    	41    	18    	9     	7     	2     	nan   	nan   
100000   	3    	4.374700e-03	1     	2     	4     	8     	15    	30    	56    	105   	188   	352   	614   	1074  	1765  	2731  	3882  	5254  	6670  	7990  	9049  	9681  	9681  	8977  	7976  	6732  	5336  	4036  	2919  	1975  	1240  	734   	436   	235   	129   	55    	30    	17    	7     	6     	4     	3     	1     	nan   	nan   

