Criação das árvores ordenadas:
n_persons	index	time        
100000   	0    	5.179560e-02
100000   	1    	6.159760e-02
100000   	2    	5.367850e-02
100000   	3    	5.007120e-02

Procura de nós nas árvores:
n_persons	index	time        
100000   	0    	5.257250e-02
100000   	1    	6.275060e-02
100000   	2    	6.061460e-02
100000   	3    	5.146320e-02

Maior profundidade das árvores:
n_persons	index	time        	depth
100000   	0    	4.305300e-03	38   
100000   	1    	4.402600e-03	39   
100000   	2    	4.936600e-03	38   
100000   	3    	5.026400e-03	37   

Número de nós em cada nível:
n_persons	index	time        	lvl0  	lvl1  	lvl2  	lvl3  	lvl4  	lvl5  	lvl6  	lvl7  	lvl8  	lvl9  	lvl10 	lvl11 	lvl12 	lvl13 	lvl14 	lvl15 	lvl16 	lvl17 	lvl18 	lvl19 	lvl20 	lvl21 	lvl22 	lvl23 	lvl24 	lvl25 	lvl26 	lvl27 	lvl28 	lvl29 	lvl30 	lvl31 	lvl32 	lvl33 	lvl34 	lvl35 	lvl36 	lvl37 	lvl38 	lvl39 
100000   	0    	4.552800e-03	1     	2     	4     	8     	16    	31    	62    	122   	229   	415   	732   	1214  	1872  	2746  	3768  	4890  	6020  	7145  	8052  	8501  	8591  	8285  	7665  	6821  	5838  	4772  	3770  	2819  	1987  	1348  	944   	581   	330   	192   	121   	62    	24    	13    	7     	nan   
100000   	1    	3.970500e-03	1     	2     	4     	8     	16    	32    	61    	118   	225   	406   	704   	1155  	1772  	2566  	3578  	4611  	5583  	6551  	7464  	8076  	8406  	8485  	7931  	7226  	6289  	5188  	3923  	2950  	2145  	1562  	1069  	731   	491   	334   	202   	81    	35    	14    	4     	1     
100000   	2    	4.453500e-03	1     	2     	4     	8     	16    	32    	64    	124   	223   	410   	695   	1104  	1663  	2351  	3193  	4120  	5124  	6156  	7169  	7910  	8419  	8534  	8277  	7722  	6782  	5671  	4460  	3402  	2447  	1672  	1022  	588   	341   	175   	74    	29    	11    	4     	1     	nan   
100000   	3    	4.389800e-03	1     	2     	4     	8     	15    	30    	58    	106   	188   	315   	523   	849   	1329  	2026  	2917  	4015  	5289  	6687  	7772  	8677  	9264  	9171  	8639  	7717  	6496  	5358  	4100  	3026  	2133  	1417  	861   	518   	264   	125   	71    	21    	6     	2     	nan   	nan   

