Criação das árvores ordenadas:
n_persons	index	time        
100000   	0    	5.177730e-02
100000   	1    	6.611390e-02
100000   	2    	5.514600e-02
100000   	3    	4.772570e-02

Procura de nós nas árvores:
n_persons	index	time        
100000   	0    	5.567680e-02
100000   	1    	6.438210e-02
100000   	2    	5.847100e-02
100000   	3    	5.124420e-02

Maior profundidade das árvores:
n_persons	index	time        	depth
100000   	0    	4.274700e-03	36   
100000   	1    	4.293100e-03	42   
100000   	2    	4.956100e-03	40   
100000   	3    	5.517000e-03	38   

Número de nós em cada nível:
n_persons	index	time        	lvl0  	lvl1  	lvl2  	lvl3  	lvl4  	lvl5  	lvl6  	lvl7  	lvl8  	lvl9  	lvl10 	lvl11 	lvl12 	lvl13 	lvl14 	lvl15 	lvl16 	lvl17 	lvl18 	lvl19 	lvl20 	lvl21 	lvl22 	lvl23 	lvl24 	lvl25 	lvl26 	lvl27 	lvl28 	lvl29 	lvl30 	lvl31 	lvl32 	lvl33 	lvl34 	lvl35 	lvl36 	lvl37 	lvl38 	lvl39 	lvl40 	lvl41 	lvl42 
100000   	0    	3.979600e-03	1     	2     	4     	8     	16    	32    	64    	124   	242   	448   	798   	1329  	2111  	3158  	4421  	5762  	7043  	8066  	8834  	9073  	8843  	8334  	7359  	6371  	5162  	4033  	3012  	2047  	1411  	893   	500   	275   	142   	56    	19    	5     	2     	nan   	nan   	nan   	nan   	nan   	nan   
100000   	1    	4.249500e-03	1     	2     	4     	8     	16    	32    	63    	124   	232   	388   	628   	989   	1508  	2190  	2986  	3956  	5000  	6144  	7145  	7883  	8273  	8156  	7667  	7049  	6241  	5241  	4247  	3394  	2659  	2061  	1582  	1220  	914   	718   	525   	338   	199   	110   	58    	26    	13    	8     	2     
100000   	2    	4.572200e-03	1     	2     	4     	8     	16    	32    	61    	115   	218   	378   	661   	1129  	1750  	2606  	3706  	4853  	6148  	7198  	7983  	8376  	8413  	8057  	7436  	6607  	5685  	4740  	3820  	2978  	2253  	1688  	1207  	767   	476   	309   	161   	93    	41    	16    	5     	2     	1     	nan   	nan   
100000   	3    	4.784500e-03	1     	2     	4     	8     	16    	32    	62    	110   	192   	322   	504   	796   	1232  	1865  	2676  	3760  	4872  	5983  	7028  	7658  	8168  	8352  	8234  	7728  	6884  	5835  	4889  	3866  	2962  	2062  	1429  	1000  	659   	394   	231   	110   	51    	19    	4     	nan   	nan   	nan   	nan   

