Criação das árvores ordenadas:
n_persons	index	time        
100000   	0    	5.277660e-02
100000   	1    	6.567620e-02
100000   	2    	5.684090e-02
100000   	3    	4.719110e-02

Procura de nós nas árvores:
n_persons	index	time        
100000   	0    	5.169750e-02
100000   	1    	5.850900e-02
100000   	2    	5.640450e-02
100000   	3    	4.878040e-02

Maior profundidade das árvores:
n_persons	index	time        	depth
100000   	0    	4.500000e-03	37   
100000   	1    	4.380400e-03	39   
100000   	2    	5.053900e-03	42   
100000   	3    	5.013900e-03	42   

Número de nós em cada nível:
n_persons	index	time        	lvl0  	lvl1  	lvl2  	lvl3  	lvl4  	lvl5  	lvl6  	lvl7  	lvl8  	lvl9  	lvl10 	lvl11 	lvl12 	lvl13 	lvl14 	lvl15 	lvl16 	lvl17 	lvl18 	lvl19 	lvl20 	lvl21 	lvl22 	lvl23 	lvl24 	lvl25 	lvl26 	lvl27 	lvl28 	lvl29 	lvl30 	lvl31 	lvl32 	lvl33 	lvl34 	lvl35 	lvl36 	lvl37 	lvl38 	lvl39 	lvl40 	lvl41 	lvl42 
100000   	0    	4.258000e-03	1     	2     	4     	8     	16    	32    	64    	128   	244   	461   	835   	1385  	2196  	3207  	4388  	5610  	6704  	7675  	8288  	8548  	8455  	7966  	7134  	6141  	5223  	4215  	3377  	2532  	1820  	1251  	866   	554   	314   	179   	106   	47    	20    	4     	nan   	nan   	nan   	nan   	nan   
100000   	1    	3.978100e-03	1     	2     	4     	8     	16    	32    	62    	118   	204   	349   	610   	1005  	1624  	2473  	3530  	4754  	6016  	7283  	8273  	8919  	9026  	8521  	7761  	6727  	5628  	4542  	3592  	2709  	2052  	1458  	1002  	676   	431   	280   	171   	78    	40    	17    	5     	1     	nan   	nan   	nan   
100000   	2    	4.821300e-03	1     	2     	4     	8     	16    	32    	62    	114   	205   	364   	636   	1066  	1664  	2479  	3517  	4616  	5674  	6638  	7475  	8007  	8165  	7954  	7525  	6824  	6039  	5258  	4343  	3446  	2604  	1913  	1265  	842   	519   	287   	165   	99    	65    	43    	30    	17    	11    	4     	2     
100000   	3    	4.484900e-03	1     	2     	4     	8     	16    	32    	64    	127   	243   	443   	739   	1233  	1952  	2874  	3983  	5227  	6441  	7561  	8437  	8987  	9046  	8591  	7860  	6792  	5537  	4325  	3123  	2179  	1456  	940   	587   	402   	254   	186   	126   	85    	56    	41    	22    	12    	3     	2     	1     

