Criação das árvores ordenadas:
n_persons	index	time        
100000   	0    	5.518870e-02
100000   	1    	7.239990e-02
100000   	2    	5.620710e-02
100000   	3    	7.075410e-02

Procura de nós nas árvores:
n_persons	index	time        
100000   	0    	5.786250e-02
100000   	1    	6.323610e-02
100000   	2    	5.599410e-02
100000   	3    	4.959010e-02

Maior profundidade das árvores:
n_persons	index	time        	depth
100000   	0    	4.382400e-03	40   
100000   	1    	4.798700e-03	35   
100000   	2    	4.988800e-03	38   
100000   	3    	5.116000e-03	40   

Número de nós em cada nível:
n_persons	index	time        	lvl0  	lvl1  	lvl2  	lvl3  	lvl4  	lvl5  	lvl6  	lvl7  	lvl8  	lvl9  	lvl10 	lvl11 	lvl12 	lvl13 	lvl14 	lvl15 	lvl16 	lvl17 	lvl18 	lvl19 	lvl20 	lvl21 	lvl22 	lvl23 	lvl24 	lvl25 	lvl26 	lvl27 	lvl28 	lvl29 	lvl30 	lvl31 	lvl32 	lvl33 	lvl34 	lvl35 	lvl36 	lvl37 	lvl38 	lvl39 	lvl40 
100000   	0    	3.863600e-03	1     	2     	4     	8     	16    	32    	63    	121   	234   	419   	737   	1249  	2005  	3019  	4212  	5547  	6800  	7790  	8551  	8932  	8873  	8377  	7498  	6285  	5052  	4035  	3086  	2311  	1636  	1150  	766   	489   	326   	181   	89    	57    	26    	10    	7     	3     	1     
100000   	1    	4.281100e-03	1     	2     	4     	8     	16    	32    	64    	127   	249   	475   	847   	1435  	2289  	3399  	4622  	5989  	7305  	8358  	9021  	9168  	8906  	8255  	7274  	6036  	4721  	3587  	2594  	1916  	1334  	886   	533   	291   	160   	71    	19    	6     	nan   	nan   	nan   	nan   	nan   
100000   	2    	4.361100e-03	1     	2     	4     	8     	16    	32    	62    	114   	212   	379   	645   	1062  	1683  	2533  	3615  	4883  	6253  	7528  	8489  	9088  	9282  	9063  	8338  	7232  	5670  	4373  	3149  	2178  	1492  	964   	660   	429   	263   	147   	81    	41    	20    	8     	1     	nan   	nan   
100000   	3    	4.360000e-03	1     	2     	4     	8     	16    	31    	60    	115   	210   	375   	609   	974   	1464  	2168  	3021  	4045  	5157  	6173  	7085  	8024  	8610  	8920  	8628  	8026  	6890  	5620  	4399  	3204  	2305  	1537  	981   	569   	323   	187   	106   	68    	45    	23    	9     	5     	3     

