Criação das árvores ordenadas:
n_persons	index	time        
100000   	0    	6.553200e-02
100000   	1    	7.404350e-02
100000   	2    	6.225830e-02
100000   	3    	5.558810e-02

Procura de nós nas árvores:
n_persons	index	time        
100000   	0    	5.845400e-02
100000   	1    	7.396090e-02
100000   	2    	6.055680e-02
100000   	3    	5.865750e-02

Maior profundidade das árvores:
n_persons	index	time        	depth
100000   	0    	4.617100e-03	39   
100000   	1    	4.573300e-03	36   
100000   	2    	5.298200e-03	38   
100000   	3    	5.050100e-03	38   

Número de nós em cada nível:
n_persons	index	time        	lvl0  	lvl1  	lvl2  	lvl3  	lvl4  	lvl5  	lvl6  	lvl7  	lvl8  	lvl9  	lvl10 	lvl11 	lvl12 	lvl13 	lvl14 	lvl15 	lvl16 	lvl17 	lvl18 	lvl19 	lvl20 	lvl21 	lvl22 	lvl23 	lvl24 	lvl25 	lvl26 	lvl27 	lvl28 	lvl29 	lvl30 	lvl31 	lvl32 	lvl33 	lvl34 	lvl35 	lvl36 	lvl37 	lvl38 	lvl39 
100000   	0    	4.015000e-03	1     	2     	4     	8     	16    	32    	63    	122   	226   	406   	712   	1183  	1856  	2740  	3748  	4961  	6167  	7255  	8072  	8698  	8833  	8476  	7697  	6804  	5692  	4598  	3601  	2697  	1955  	1380  	925   	515   	267   	136   	73    	45    	20    	7     	4     	3     
100000   	1    	4.460100e-03	1     	2     	4     	8     	16    	32    	59    	110   	192   	348   	620   	1041  	1666  	2541  	3720  	5054  	6421  	7766  	8781  	9570  	9734  	9230  	8394  	7069  	5614  	4247  	2965  	2001  	1265  	765   	410   	189   	90    	43    	17    	10    	5     	nan   	nan   	nan   
100000   	2    	4.723200e-03	1     	2     	4     	8     	16    	32    	63    	122   	227   	417   	724   	1209  	1948  	2913  	4059  	5431  	6782  	7987  	8733  	9214  	9142  	8416  	7343  	6205  	5093  	4087  	3082  	2207  	1565  	1091  	691   	451   	284   	191   	132   	77    	33    	13    	5     	nan   
100000   	3    	4.428500e-03	1     	2     	4     	8     	16    	32    	63    	122   	237   	451   	805   	1355  	2077  	3040  	4237  	5553  	6834  	7932  	8866  	9261  	9245  	8690  	7748  	6435  	5068  	3878  	2826  	1961  	1279  	835   	470   	282   	176   	101   	54    	24    	16    	11    	5     	nan   

