Criação das árvores ordenadas:
n_persons	index	time        
100000   	0    	5.250610e-02
100000   	1    	7.620010e-02
100000   	2    	7.169910e-02
100000   	3    	6.052260e-02

Procura de nós nas árvores:
n_persons	index	time        
100000   	0    	7.599610e-02
100000   	1    	6.346450e-02
100000   	2    	6.093460e-02
100000   	3    	4.923650e-02

Maior profundidade das árvores:
n_persons	index	time        	depth
100000   	0    	4.774000e-03	40   
100000   	1    	4.606200e-03	38   
100000   	2    	4.878800e-03	39   
100000   	3    	4.828700e-03	38   

Número de nós em cada nível:
n_persons	index	time        	lvl0  	lvl1  	lvl2  	lvl3  	lvl4  	lvl5  	lvl6  	lvl7  	lvl8  	lvl9  	lvl10 	lvl11 	lvl12 	lvl13 	lvl14 	lvl15 	lvl16 	lvl17 	lvl18 	lvl19 	lvl20 	lvl21 	lvl22 	lvl23 	lvl24 	lvl25 	lvl26 	lvl27 	lvl28 	lvl29 	lvl30 	lvl31 	lvl32 	lvl33 	lvl34 	lvl35 	lvl36 	lvl37 	lvl38 	lvl39 	lvl40 
100000   	0    	4.101600e-03	1     	2     	4     	8     	16    	32    	63    	120   	226   	407   	679   	1100  	1692  	2428  	3423  	4454  	5441  	6477  	7387  	8071  	8339  	8287  	7888  	7286  	6203  	5191  	4144  	3225  	2434  	1771  	1190  	793   	542   	319   	161   	90    	52    	28    	15    	8     	3     
100000   	1    	4.508200e-03	1     	2     	4     	8     	16    	32    	64    	126   	247   	471   	847   	1439  	2367  	3496  	4855  	6322  	7828  	8901  	9564  	9548  	8987  	8136  	6831  	5553  	4338  	3219  	2330  	1719  	1110  	719   	432   	246   	125   	78    	26    	6     	4     	2     	1     	nan   	nan   
100000   	2    	4.452100e-03	1     	2     	4     	8     	16    	32    	63    	124   	239   	432   	761   	1249  	1922  	2812  	3872  	5109  	6305  	7421  	8193  	8679  	8734  	8393  	7707  	6933  	5743  	4586  	3441  	2581  	1752  	1187  	736   	424   	253   	153   	67    	38    	18    	8     	1     	1     	nan   
100000   	3    	4.854900e-03	1     	2     	4     	8     	16    	32    	64    	118   	225   	391   	660   	1058  	1571  	2293  	3145  	4155  	5215  	6331  	7383  	8166  	8578  	8575  	8235  	7600  	6574  	5471  	4276  	3209  	2305  	1615  	1120  	687   	443   	248   	134   	61    	20    	10    	1     	nan   	nan   

