Criação das árvores ordenadas:
n_persons	index	time        
100000   	0    	7.620560e-02
100000   	1    	9.055970e-02
100000   	2    	1.396157e-01
100000   	3    	9.647370e-02

Procura de nós nas árvores:
n_persons	index	time        
100000   	0    	6.910660e-02
100000   	1    	6.825360e-02
100000   	2    	6.333870e-02
100000   	3    	6.212550e-02

Maior profundidade das árvores:
n_persons	index	time        	depth
100000   	0    	5.500600e-03	40   
100000   	1    	5.582200e-03	41   
100000   	2    	1.479470e-02	37   
100000   	3    	1.587770e-02	42   

Número de nós em cada nível:
n_persons	index	time        	lvl0  	lvl1  	lvl2  	lvl3  	lvl4  	lvl5  	lvl6  	lvl7  	lvl8  	lvl9  	lvl10 	lvl11 	lvl12 	lvl13 	lvl14 	lvl15 	lvl16 	lvl17 	lvl18 	lvl19 	lvl20 	lvl21 	lvl22 	lvl23 	lvl24 	lvl25 	lvl26 	lvl27 	lvl28 	lvl29 	lvl30 	lvl31 	lvl32 	lvl33 	lvl34 	lvl35 	lvl36 	lvl37 	lvl38 	lvl39 	lvl40 	lvl41 	lvl42 
100000   	0    	5.266400e-03	1     	2     	4     	6     	12    	20    	38    	65    	103   	162   	265   	443   	719   	1167  	1815  	2644  	3624  	4841  	6091  	7308  	8397  	9011  	9144  	8814  	8028  	6906  	5706  	4441  	3351  	2440  	1665  	1111  	665   	448   	260   	154   	67    	37    	16    	5     	4     	nan   	nan   
100000   	1    	5.791200e-03	1     	2     	4     	8     	15    	29    	55    	94    	174   	294   	530   	888   	1442  	2265  	3334  	4642  	5971  	7405  	8554  	9182  	9328  	9016  	8127  	7130  	5933  	4757  	3499  	2550  	1748  	1094  	696   	445   	289   	190   	122   	82    	44    	25    	20    	11    	4     	1     	nan   
100000   	2    	6.044700e-03	1     	2     	4     	8     	16    	31    	61    	118   	223   	385   	649   	1055  	1644  	2457  	3505  	4759  	6103  	7226  	8185  	8718  	8988  	8849  	8263  	7218  	5969  	4711  	3623  	2616  	1803  	1163  	710   	449   	255   	124   	57    	36    	13    	3     	nan   	nan   	nan   	nan   	nan   
100000   	3    	5.060200e-03	1     	2     	4     	8     	16    	32    	64    	125   	229   	421   	753   	1247  	1991  	2921  	4012  	5214  	6456  	7446  	8186  	8476  	8455  	8043  	7386  	6546  	5538  	4502  	3482  	2656  	1950  	1378  	926   	579   	361   	231   	135   	81    	49    	37    	25    	15    	14    	6     	1     

