Criação das árvores ordenadas:
n_persons	index	time        
100000   	0    	5.563080e-02
100000   	1    	6.884370e-02
100000   	2    	6.109280e-02
100000   	3    	4.854510e-02

Procura de nós nas árvores:
n_persons	index	time        
100000   	0    	5.792330e-02
100000   	1    	7.209790e-02
100000   	2    	6.074920e-02
100000   	3    	5.949320e-02

Maior profundidade das árvores:
n_persons	index	time        	depth
100000   	0    	5.865600e-03	36   
100000   	1    	5.037900e-03	40   
100000   	2    	5.177200e-03	42   
100000   	3    	5.846900e-03	37   

Número de nós em cada nível:
n_persons	index	time        	lvl0  	lvl1  	lvl2  	lvl3  	lvl4  	lvl5  	lvl6  	lvl7  	lvl8  	lvl9  	lvl10 	lvl11 	lvl12 	lvl13 	lvl14 	lvl15 	lvl16 	lvl17 	lvl18 	lvl19 	lvl20 	lvl21 	lvl22 	lvl23 	lvl24 	lvl25 	lvl26 	lvl27 	lvl28 	lvl29 	lvl30 	lvl31 	lvl32 	lvl33 	lvl34 	lvl35 	lvl36 	lvl37 	lvl38 	lvl39 	lvl40 	lvl41 	lvl42 
100000   	0    	5.018900e-03	1     	2     	4     	8     	16    	32    	64    	126   	244   	447   	788   	1295  	2002  	2994  	4108  	5301  	6620  	7856  	8858  	9341  	9346  	8769  	7833  	6589  	5304  	4065  	2923  	1995  	1273  	769   	488   	259   	145   	76    	35    	17    	7     	nan   	nan   	nan   	nan   	nan   	nan   
100000   	1    	5.002900e-03	1     	2     	4     	8     	16    	31    	57    	104   	195   	347   	604   	1000  	1582  	2430  	3514  	4745  	6119  	7474  	8690  	9417  	9615  	9039  	8099  	6863  	5563  	4346  	3274  	2366  	1643  	1150  	734   	452   	256   	134   	76    	32    	12    	2     	2     	1     	1     	nan   	nan   
100000   	2    	5.093300e-03	1     	2     	4     	8     	16    	32    	64    	124   	227   	419   	725   	1166  	1774  	2563  	3438  	4383  	5298  	6000  	6719  	7275  	7479  	7437  	7185  	6738  	6153  	5420  	4594  	3764  	3029  	2426  	1826  	1260  	892   	615   	420   	248   	128   	80    	37    	16    	10    	4     	1     
100000   	3    	4.983700e-03	1     	2     	4     	8     	16    	32    	64    	122   	226   	426   	739   	1245  	1944  	2842  	3889  	5076  	6261  	7307  	8174  	8768  	8809  	8466  	7889  	7034  	5947  	4657  	3446  	2495  	1691  	1080  	649   	358   	185   	82    	46    	14    	5     	1     	nan   	nan   	nan   	nan   	nan   

