Criação das árvores ordenadas:
n_persons	index	time        
100000   	0    	5.113200e-02
100000   	1    	6.547090e-02
100000   	2    	6.349110e-02
100000   	3    	5.457730e-02

Procura de nós nas árvores:
n_persons	index	time        
100000   	0    	5.455390e-02
100000   	1    	6.859860e-02
100000   	2    	5.635430e-02
100000   	3    	5.287990e-02

Maior profundidade das árvores:
n_persons	index	time        	depth
100000   	0    	4.754000e-03	36   
100000   	1    	4.249200e-03	35   
100000   	2    	4.952700e-03	41   
100000   	3    	5.280000e-03	38   

Número de nós em cada nível:
n_persons	index	time        	lvl0  	lvl1  	lvl2  	lvl3  	lvl4  	lvl5  	lvl6  	lvl7  	lvl8  	lvl9  	lvl10 	lvl11 	lvl12 	lvl13 	lvl14 	lvl15 	lvl16 	lvl17 	lvl18 	lvl19 	lvl20 	lvl21 	lvl22 	lvl23 	lvl24 	lvl25 	lvl26 	lvl27 	lvl28 	lvl29 	lvl30 	lvl31 	lvl32 	lvl33 	lvl34 	lvl35 	lvl36 	lvl37 	lvl38 	lvl39 	lvl40 	lvl41 
100000   	0    	3.903100e-03	1     	2     	4     	8     	15    	30    	60    	118   	225   	409   	725   	1247  	1951  	2898  	4124  	5456  	6878  	8048  	8921  	9331  	9209  	8659  	7666  	6491  	5186  	3991  	2935  	2008  	1354  	881   	529   	292   	175   	95    	49    	23    	6     	nan   	nan   	nan   	nan   	nan   
100000   	1    	3.745800e-03	1     	2     	4     	8     	16    	32    	61    	119   	222   	394   	661   	1096  	1726  	2634  	3804  	5102  	6634  	7990  	9060  	9733  	9636  	9230  	8253  	6986  	5456  	4013  	2762  	1875  	1145  	671   	346   	186   	90    	32    	17    	3     	nan   	nan   	nan   	nan   	nan   	nan   
100000   	2    	4.458100e-03	1     	2     	4     	8     	16    	31    	59    	104   	190   	341   	597   	1000  	1590  	2449  	3478  	4682  	5986  	7294  	8426  	9119  	9359  	9060  	8225  	7084  	5729  	4496  	3408  	2492  	1710  	1183  	780   	486   	264   	162   	73    	41    	29    	16    	10    	9     	5     	2     
100000   	3    	5.080100e-03	1     	2     	4     	8     	16    	32    	63    	121   	215   	389   	682   	1119  	1774  	2615  	3692  	4899  	6122  	7240  	8263  	8861  	9097  	8905  	8117  	7135  	5766  	4529  	3439  	2475  	1672  	1125  	721   	421   	227   	125   	71    	35    	16    	5     	1     	nan   	nan   	nan   

