Criação das árvores ordenadas:
n_persons	index	time        
100000   	0    	5.303790e-02
100000   	1    	6.319340e-02
100000   	2    	5.622390e-02
100000   	3    	4.857640e-02

Procura de nós nas árvores:
n_persons	index	time        
100000   	0    	5.392150e-02
100000   	1    	6.418130e-02
100000   	2    	5.666280e-02
100000   	3    	4.876590e-02

Maior profundidade das árvores:
n_persons	index	time        	depth
100000   	0    	4.305100e-03	41   
100000   	1    	4.273800e-03	37   
100000   	2    	4.825400e-03	38   
100000   	3    	5.043500e-03	39   

Número de nós em cada nível:
n_persons	index	time        	lvl0  	lvl1  	lvl2  	lvl3  	lvl4  	lvl5  	lvl6  	lvl7  	lvl8  	lvl9  	lvl10 	lvl11 	lvl12 	lvl13 	lvl14 	lvl15 	lvl16 	lvl17 	lvl18 	lvl19 	lvl20 	lvl21 	lvl22 	lvl23 	lvl24 	lvl25 	lvl26 	lvl27 	lvl28 	lvl29 	lvl30 	lvl31 	lvl32 	lvl33 	lvl34 	lvl35 	lvl36 	lvl37 	lvl38 	lvl39 	lvl40 	lvl41 
100000   	0    	4.030000e-03	1     	2     	4     	8     	16    	32    	64    	125   	241   	439   	759   	1230  	1932  	2791  	3811  	4976  	6162  	7069  	7698  	8216  	8364  	8165  	7577  	6859  	5833  	4699  	3656  	2716  	2011  	1461  	1012  	689   	483   	342   	242   	139   	96    	49    	19    	8     	3     	1     
100000   	1    	4.068000e-03	1     	2     	4     	8     	16    	32    	63    	122   	232   	443   	788   	1324  	2054  	2975  	4063  	5298  	6477  	7476  	8173  	8453  	8449  	8148  	7492  	6647  	5616  	4632  	3566  	2617  	1770  	1208  	797   	488   	284   	154   	78    	34    	14    	2     	nan   	nan   	nan   	nan   
100000   	2    	4.509600e-03	1     	2     	4     	8     	16    	32    	60    	115   	210   	372   	620   	1018  	1563  	2214  	3107  	4104  	5138  	6258  	7202  	8094  	8567  	8780  	8483  	7688  	6709  	5527  	4342  	3275  	2355  	1564  	1063  	655   	397   	237   	103   	62    	38    	15    	2     	nan   	nan   	nan   
100000   	3    	4.317000e-03	1     	2     	4     	8     	16    	32    	64    	118   	221   	399   	668   	1071  	1639  	2432  	3343  	4314  	5491  	6756  	7729  	8442  	8849  	8772  	8157  	7263  	6144  	5110  	3941  	2986  	2050  	1422  	975   	647   	412   	225   	139   	87    	40    	23    	7     	1     	nan   	nan   

