Criação das árvores ordenadas:
n_persons	index	time        
100000   	0    	5.090300e-02
100000   	1    	6.375280e-02
100000   	2    	5.543620e-02
100000   	3    	4.835470e-02

Procura de nós nas árvores:
n_persons	index	time        
100000   	0    	5.129490e-02
100000   	1    	5.945140e-02
100000   	2    	5.608080e-02
100000   	3    	4.922790e-02

Maior profundidade das árvores:
n_persons	index	time        	depth
100000   	0    	4.376900e-03	41   
100000   	1    	4.275200e-03	43   
100000   	2    	4.944600e-03	43   
100000   	3    	5.224100e-03	41   

Número de nós em cada nível:
n_persons	index	time        	lvl0  	lvl1  	lvl2  	lvl3  	lvl4  	lvl5  	lvl6  	lvl7  	lvl8  	lvl9  	lvl10 	lvl11 	lvl12 	lvl13 	lvl14 	lvl15 	lvl16 	lvl17 	lvl18 	lvl19 	lvl20 	lvl21 	lvl22 	lvl23 	lvl24 	lvl25 	lvl26 	lvl27 	lvl28 	lvl29 	lvl30 	lvl31 	lvl32 	lvl33 	lvl34 	lvl35 	lvl36 	lvl37 	lvl38 	lvl39 	lvl40 	lvl41 	lvl42 	lvl43 
100000   	0    	4.103400e-03	1     	2     	4     	8     	16    	32    	63    	122   	228   	425   	751   	1224  	1874  	2673  	3784  	5032  	6236  	7371  	8272  	8756  	8721  	8189  	7412  	6474  	5421  	4454  	3453  	2676  	2036  	1451  	1021  	709   	450   	263   	186   	115   	60    	21    	9     	3     	1     	1     	nan   	nan   
100000   	1    	4.092000e-03	1     	2     	4     	8     	16    	30    	57    	105   	192   	343   	588   	967   	1527  	2301  	3245  	4286  	5379  	6377  	7238  	7861  	8272  	8307  	8031  	7351  	6550  	5622  	4543  	3443  	2533  	1768  	1187  	768   	489   	281   	162   	92    	43    	22    	3     	1     	1     	2     	1     	1     
100000   	2    	4.574000e-03	1     	2     	4     	8     	16    	32    	64    	128   	242   	428   	732   	1194  	1806  	2665  	3631  	4641  	5600  	6464  	7040  	7523  	7743  	7895  	7516  	7031  	6340  	5353  	4282  	3327  	2522  	1827  	1290  	913   	646   	439   	279   	182   	97    	52    	22    	10    	6     	4     	2     	1     
100000   	3    	5.145200e-03	1     	2     	4     	8     	16    	32    	64    	125   	240   	428   	732   	1169  	1766  	2541  	3445  	4475  	5630  	6740  	7631  	8253  	8481  	8395  	7849  	6936  	5975  	4983  	3934  	3094  	2336  	1631  	1101  	765   	514   	319   	184   	106   	52    	23    	7     	7     	3     	3     	nan   	nan   

