Criação das árvores ordenadas:
n_persons	index	time        
100000   	0    	5.967630e-02
100000   	1    	6.799100e-02
100000   	2    	5.907050e-02
100000   	3    	5.386200e-02

Procura de nós nas árvores:
n_persons	index	time        
100000   	0    	6.450270e-02
100000   	1    	6.554650e-02
100000   	2    	5.764130e-02
100000   	3    	5.507810e-02

Maior profundidade das árvores:
n_persons	index	time        	depth
100000   	0    	4.708400e-03	40   
100000   	1    	4.357500e-03	41   
100000   	2    	4.859700e-03	37   
100000   	3    	5.248200e-03	38   

Número de nós em cada nível:
n_persons	index	time        	lvl0  	lvl1  	lvl2  	lvl3  	lvl4  	lvl5  	lvl6  	lvl7  	lvl8  	lvl9  	lvl10 	lvl11 	lvl12 	lvl13 	lvl14 	lvl15 	lvl16 	lvl17 	lvl18 	lvl19 	lvl20 	lvl21 	lvl22 	lvl23 	lvl24 	lvl25 	lvl26 	lvl27 	lvl28 	lvl29 	lvl30 	lvl31 	lvl32 	lvl33 	lvl34 	lvl35 	lvl36 	lvl37 	lvl38 	lvl39 	lvl40 	lvl41 
100000   	0    	4.063200e-03	1     	2     	4     	8     	16    	32    	64    	126   	233   	429   	748   	1243  	1937  	2824  	3846  	4972  	6040  	7059  	7796  	8349  	8384  	7926  	7393  	6596  	5669  	4616  	3610  	2853  	2106  	1611  	1167  	828   	586   	397   	248   	143   	72    	40    	20    	5     	1     	nan   
100000   	1    	3.982100e-03	1     	2     	4     	8     	16    	32    	61    	116   	211   	371   	624   	1014  	1572  	2375  	3385  	4580  	5825  	6976  	7889  	8605  	8792  	8615  	8060  	7069  	5897  	4761  	3784  	2847  	2144  	1488  	1001  	666   	447   	292   	194   	124   	73    	39    	25    	8     	4     	3     
100000   	2    	4.281300e-03	1     	2     	4     	8     	16    	32    	64    	126   	242   	454   	798   	1314  	1996  	2942  	4043  	5221  	6456  	7625  	8452  	8977  	9006  	8547  	7720  	6715  	5527  	4355  	3134  	2257  	1536  	991   	608   	359   	209   	121   	72    	40    	22    	8     	nan   	nan   	nan   	nan   
100000   	3    	4.955200e-03	1     	2     	4     	8     	16    	32    	64    	125   	235   	432   	752   	1247  	1952  	2923  	4071  	5364  	6708  	7980  	8913  	9317  	9317  	8731  	7642  	6504  	5154  	3930  	2869  	2042  	1402  	920   	583   	346   	194   	111   	63    	28    	13    	3     	2     	nan   	nan   	nan   

