Criação das árvores ordenadas:
n_persons	index	time        
100000   	0    	6.882690e-02
100000   	1    	6.510850e-02
100000   	2    	5.538110e-02
100000   	3    	4.746410e-02

Procura de nós nas árvores:
n_persons	index	time        
100000   	0    	5.293250e-02
100000   	1    	5.989490e-02
100000   	2    	6.034470e-02
100000   	3    	5.144190e-02

Maior profundidade das árvores:
n_persons	index	time        	depth
100000   	0    	5.058300e-03	39   
100000   	1    	4.879800e-03	40   
100000   	2    	5.491900e-03	39   
100000   	3    	5.751700e-03	40   

Número de nós em cada nível:
n_persons	index	time        	lvl0  	lvl1  	lvl2  	lvl3  	lvl4  	lvl5  	lvl6  	lvl7  	lvl8  	lvl9  	lvl10 	lvl11 	lvl12 	lvl13 	lvl14 	lvl15 	lvl16 	lvl17 	lvl18 	lvl19 	lvl20 	lvl21 	lvl22 	lvl23 	lvl24 	lvl25 	lvl26 	lvl27 	lvl28 	lvl29 	lvl30 	lvl31 	lvl32 	lvl33 	lvl34 	lvl35 	lvl36 	lvl37 	lvl38 	lvl39 	lvl40 
100000   	0    	4.332700e-03	1     	2     	4     	8     	16    	32    	64    	124   	237   	435   	742   	1194  	1831  	2682  	3801  	5003  	6263  	7471  	8500  	9025  	9137  	8713  	7780  	6740  	5606  	4559  	3437  	2443  	1645  	1047  	663   	337   	211   	117   	63    	38    	17    	8     	3     	1     	nan   
100000   	1    	4.262600e-03	1     	2     	4     	8     	16    	32    	61    	118   	217   	379   	632   	1010  	1578  	2341  	3320  	4402  	5452  	6373  	7206  	7803  	8203  	8282  	8015  	7457  	6570  	5512  	4496  	3412  	2487  	1782  	1167  	732   	452   	250   	131   	65    	17    	4     	4     	4     	3     
100000   	2    	4.684600e-03	1     	2     	4     	8     	16    	32    	62    	113   	211   	381   	656   	1079  	1651  	2421  	3404  	4447  	5666  	6862  	7951  	8799  	9213  	9125  	8536  	7469  	6191  	4913  	3596  	2569  	1684  	1102  	692   	433   	281   	179   	112   	75    	41    	16    	6     	1     	nan   
100000   	3    	4.838000e-03	1     	2     	4     	8     	16    	32    	62    	115   	217   	397   	700   	1184  	1909  	2922  	4169  	5575  	6988  	8132  	8954  	9224  	9057  	8409  	7485  	6364  	5166  	3999  	2987  	2056  	1400  	947   	627   	416   	249   	109   	53    	31    	15    	10    	5     	3     	1     

