Criação das árvores ordenadas:
n_persons	index	time        
100000   	0    	5.202610e-02
100000   	1    	6.280040e-02
100000   	2    	5.946250e-02
100000   	3    	4.822810e-02

Procura de nós nas árvores:
n_persons	index	time        
100000   	0    	5.227640e-02
100000   	1    	6.281650e-02
100000   	2    	5.966710e-02
100000   	3    	5.141480e-02

Maior profundidade das árvores:
n_persons	index	time        	depth
100000   	0    	4.826800e-03	40   
100000   	1    	4.515600e-03	41   
100000   	2    	4.854000e-03	40   
100000   	3    	4.913300e-03	37   

Número de nós em cada nível:
n_persons	index	time        	lvl0  	lvl1  	lvl2  	lvl3  	lvl4  	lvl5  	lvl6  	lvl7  	lvl8  	lvl9  	lvl10 	lvl11 	lvl12 	lvl13 	lvl14 	lvl15 	lvl16 	lvl17 	lvl18 	lvl19 	lvl20 	lvl21 	lvl22 	lvl23 	lvl24 	lvl25 	lvl26 	lvl27 	lvl28 	lvl29 	lvl30 	lvl31 	lvl32 	lvl33 	lvl34 	lvl35 	lvl36 	lvl37 	lvl38 	lvl39 	lvl40 	lvl41 
100000   	0    	4.338500e-03	1     	2     	4     	8     	16    	31    	60    	117   	220   	386   	674   	1114  	1678  	2532  	3559  	4767  	5942  	7096  	7982  	8615  	8804  	8497  	7952  	7159  	6062  	4846  	3749  	2740  	1920  	1298  	826   	537   	336   	214   	128   	66    	32    	14    	11    	4     	1     	nan   
100000   	1    	3.963000e-03	1     	2     	4     	8     	16    	32    	64    	126   	244   	450   	785   	1292  	2021  	2879  	3956  	5161  	6342  	7327  	8141  	8585  	8704  	8377  	7795  	6912  	5878  	4679  	3582  	2579  	1673  	1043  	625   	361   	196   	87    	35    	18    	8     	5     	4     	1     	1     	1     
100000   	2    	4.390700e-03	1     	2     	4     	8     	16    	32    	64    	124   	236   	430   	743   	1171  	1728  	2365  	3120  	3926  	4727  	5442  	6078  	6597  	6985  	7288  	7254  	7096  	6706  	6217  	5451  	4571  	3676  	2781  	2019  	1323  	845   	490   	264   	125   	55    	27    	9     	3     	1     	nan   
100000   	3    	4.357500e-03	1     	2     	4     	8     	16    	32    	63    	124   	234   	424   	745   	1241  	1954  	2905  	4106  	5459  	6731  	7676  	8421  	8784  	8821  	8466  	7609  	6629  	5487  	4255  	3232  	2304  	1638  	1039  	678   	410   	240   	132   	67    	40    	20    	3     	nan   	nan   	nan   	nan   

