Criação das árvores ordenadas:
n_persons	index	time        
100000   	0    	7.661100e-02
100000   	1    	6.400140e-02
100000   	2    	6.395950e-02
100000   	3    	5.386100e-02

Procura de nós nas árvores:
n_persons	index	time        
100000   	0    	5.710220e-02
100000   	1    	6.769890e-02
100000   	2    	6.035410e-02
100000   	3    	6.351930e-02

Maior profundidade das árvores:
n_persons	index	time        	depth
100000   	0    	5.370600e-03	39   
100000   	1    	5.684000e-03	40   
100000   	2    	6.081500e-03	41   
100000   	3    	6.089400e-03	37   

Número de nós em cada nível:
n_persons	index	time        	lvl0  	lvl1  	lvl2  	lvl3  	lvl4  	lvl5  	lvl6  	lvl7  	lvl8  	lvl9  	lvl10 	lvl11 	lvl12 	lvl13 	lvl14 	lvl15 	lvl16 	lvl17 	lvl18 	lvl19 	lvl20 	lvl21 	lvl22 	lvl23 	lvl24 	lvl25 	lvl26 	lvl27 	lvl28 	lvl29 	lvl30 	lvl31 	lvl32 	lvl33 	lvl34 	lvl35 	lvl36 	lvl37 	lvl38 	lvl39 	lvl40 	lvl41 
100000   	0    	4.967800e-03	1     	2     	4     	8     	16    	31    	57    	106   	198   	327   	529   	824   	1280  	1877  	2646  	3563  	4497  	5531  	6591  	7337  	7896  	8254  	8254  	7661  	6948  	6132  	5085  	4021  	3138  	2353  	1747  	1193  	791   	507   	315   	155   	82    	29    	9     	5     	nan   	nan   
100000   	1    	4.771400e-03	1     	2     	4     	8     	16    	32    	63    	121   	212   	372   	622   	1012  	1562  	2313  	3226  	4418  	5654  	6914  	8037  	8707  	8982  	8803  	8214  	7280  	6265  	5129  	3947  	3001  	2038  	1285  	774   	448   	251   	136   	64    	33    	22    	13    	7     	7     	5     	nan   
100000   	2    	6.381300e-03	1     	2     	4     	8     	16    	32    	63    	122   	226   	419   	722   	1189  	1878  	2781  	3924  	5277  	6585  	7817  	8676  	9219  	9170  	8686  	7765  	6653  	5359  	4264  	3161  	2247  	1477  	919   	608   	334   	151   	90    	62    	43    	24    	15    	7     	2     	1     	1     
100000   	3    	4.960400e-03	1     	2     	4     	8     	16    	32    	62    	118   	213   	365   	613   	981   	1521  	2256  	3091  	4141  	5297  	6537  	7529  	8467  	8978  	8894  	8500  	7781  	6808  	5524  	4167  	2913  	2018  	1336  	814   	482   	272   	155   	67    	24    	9     	4     	nan   	nan   	nan   	nan   

