Criação das árvores ordenadas:
n_persons	index	time        
100000   	0    	5.253540e-02
100000   	1    	6.180610e-02
100000   	2    	5.760690e-02
100000   	3    	5.056580e-02

Procura de nós nas árvores:
n_persons	index	time        
100000   	0    	5.361240e-02
100000   	1    	6.173360e-02
100000   	2    	5.635770e-02
100000   	3    	4.858190e-02

Maior profundidade das árvores:
n_persons	index	time        	depth
100000   	0    	4.655600e-03	39   
100000   	1    	5.132700e-03	40   
100000   	2    	5.071800e-03	38   
100000   	3    	4.921000e-03	39   

Número de nós em cada nível:
n_persons	index	time        	lvl0  	lvl1  	lvl2  	lvl3  	lvl4  	lvl5  	lvl6  	lvl7  	lvl8  	lvl9  	lvl10 	lvl11 	lvl12 	lvl13 	lvl14 	lvl15 	lvl16 	lvl17 	lvl18 	lvl19 	lvl20 	lvl21 	lvl22 	lvl23 	lvl24 	lvl25 	lvl26 	lvl27 	lvl28 	lvl29 	lvl30 	lvl31 	lvl32 	lvl33 	lvl34 	lvl35 	lvl36 	lvl37 	lvl38 	lvl39 	lvl40 
100000   	0    	3.906600e-03	1     	2     	4     	8     	16    	32    	64    	118   	213   	392   	676   	1160  	1845  	2690  	3771  	5103  	6438  	7639  	8502  	8881  	8823  	8452  	7620  	6772  	5690  	4537  	3474  	2556  	1768  	1145  	705   	393   	207   	130   	72    	50    	25    	14    	10    	2     	nan   
100000   	1    	4.271100e-03	1     	2     	4     	8     	16    	32    	64    	124   	237   	431   	727   	1153  	1781  	2517  	3442  	4589  	5747  	6779  	7695  	8342  	8671  	8511  	7959  	7136  	6073  	5054  	4000  	3012  	2158  	1501  	948   	591   	353   	181   	87    	33    	19    	14    	3     	3     	2     
100000   	2    	4.275800e-03	1     	2     	4     	8     	16    	32    	63    	122   	235   	446   	795   	1331  	2010  	2894  	4011  	5069  	6180  	7019  	7683  	8038  	8083  	7960  	7548  	6891  	5997  	5079  	4020  	3004  	2170  	1389  	829   	501   	288   	144   	74    	38    	17    	7     	2     	nan   	nan   
100000   	3    	4.447100e-03	1     	2     	4     	8     	16    	32    	64    	127   	246   	465   	809   	1333  	2049  	2997  	4166  	5547  	6892  	8017  	8905  	9384  	9313  	8707  	7677  	6528  	5217  	3930  	2770  	1865  	1192  	726   	436   	255   	134   	86    	52    	25    	11    	7     	4     	1     	nan   

