Criação das árvores ordenadas:
n_persons	index	time        
100000   	0    	5.627900e-02
100000   	1    	6.684350e-02
100000   	2    	6.295770e-02
100000   	3    	4.980870e-02

Procura de nós nas árvores:
n_persons	index	time        
100000   	0    	5.454540e-02
100000   	1    	6.962890e-02
100000   	2    	5.350080e-02
100000   	3    	5.716720e-02

Maior profundidade das árvores:
n_persons	index	time        	depth
100000   	0    	4.496500e-03	37   
100000   	1    	4.523100e-03	39   
100000   	2    	4.806600e-03	37   
100000   	3    	4.931200e-03	39   

Número de nós em cada nível:
n_persons	index	time        	lvl0  	lvl1  	lvl2  	lvl3  	lvl4  	lvl5  	lvl6  	lvl7  	lvl8  	lvl9  	lvl10 	lvl11 	lvl12 	lvl13 	lvl14 	lvl15 	lvl16 	lvl17 	lvl18 	lvl19 	lvl20 	lvl21 	lvl22 	lvl23 	lvl24 	lvl25 	lvl26 	lvl27 	lvl28 	lvl29 	lvl30 	lvl31 	lvl32 	lvl33 	lvl34 	lvl35 	lvl36 	lvl37 	lvl38 	lvl39 
100000   	0    	4.292400e-03	1     	2     	4     	8     	16    	32    	64    	125   	239   	432   	752   	1256  	1971  	2869  	3984  	5240  	6352  	7327  	7957  	8315  	8527  	8303  	7731  	6826  	5779  	4699  	3658  	2666  	1865  	1274  	768   	445   	266   	148   	69    	26    	3     	1     	nan   	nan   
100000   	1    	4.303200e-03	1     	2     	4     	8     	16    	32    	63    	118   	222   	408   	689   	1093  	1689  	2483  	3332  	4214  	5241  	6180  	7112  	7919  	8323  	8397  	8128  	7502  	6543  	5602  	4482  	3385  	2402  	1613  	1075  	691   	430   	269   	155   	86    	55    	26    	6     	4     
100000   	2    	4.944500e-03	1     	2     	4     	8     	15    	27    	48    	82    	146   	259   	463   	791   	1275  	2016  	3014  	4162  	5451  	6555  	7522  	8318  	8835  	8838  	8448  	7727  	6720  	5569  	4323  	3230  	2272  	1577  	1020  	583   	356   	196   	91    	37    	14    	5     	nan   	nan   
100000   	3    	4.752600e-03	1     	2     	4     	8     	16    	32    	63    	119   	210   	352   	563   	850   	1240  	1742  	2366  	3016  	3765  	4661  	5528  	6394  	7306  	7948  	8360  	8264  	8042  	7284  	6192  	4941  	3697  	2646  	1741  	1116  	708   	397   	228   	119   	45    	23    	10    	1     

