Criação das árvores ordenadas:
n_persons	index	time        
100000   	0    	5.072470e-02
100000   	1    	6.714500e-02
100000   	2    	5.426660e-02
100000   	3    	4.654520e-02

Procura de nós nas árvores:
n_persons	index	time        
100000   	0    	5.259990e-02
100000   	1    	6.179100e-02
100000   	2    	5.670120e-02
100000   	3    	4.880580e-02

Maior profundidade das árvores:
n_persons	index	time        	depth
100000   	0    	4.597200e-03	41   
100000   	1    	4.418600e-03	42   
100000   	2    	5.020600e-03	38   
100000   	3    	5.387200e-03	39   

Número de nós em cada nível:
n_persons	index	time        	lvl0  	lvl1  	lvl2  	lvl3  	lvl4  	lvl5  	lvl6  	lvl7  	lvl8  	lvl9  	lvl10 	lvl11 	lvl12 	lvl13 	lvl14 	lvl15 	lvl16 	lvl17 	lvl18 	lvl19 	lvl20 	lvl21 	lvl22 	lvl23 	lvl24 	lvl25 	lvl26 	lvl27 	lvl28 	lvl29 	lvl30 	lvl31 	lvl32 	lvl33 	lvl34 	lvl35 	lvl36 	lvl37 	lvl38 	lvl39 	lvl40 	lvl41 	lvl42 
100000   	0    	4.119000e-03	1     	2     	4     	8     	16    	32    	63    	125   	240   	445   	762   	1261  	1929  	2866  	4041  	5488  	6799  	7906  	8778  	9265  	9219  	8612  	7704  	6615  	5297  	3917  	2872  	2021  	1388  	909   	567   	355   	214   	116   	69    	44    	21    	9     	9     	8     	2     	1     	nan   
100000   	1    	3.901100e-03	1     	2     	4     	8     	16    	31    	62    	119   	229   	407   	727   	1208  	1898  	2844  	3978  	5049  	6208  	7359  	8148  	8609  	8548  	8233  	7574  	6757  	5768  	4669  	3743  	2811  	1956  	1269  	792   	435   	227   	132   	72    	36    	26    	14    	13    	8     	6     	3     	1     
100000   	2    	4.387000e-03	1     	2     	4     	8     	16    	32    	64    	124   	233   	434   	771   	1266  	1976  	2890  	3954  	5179  	6403  	7545  	8427  	9044  	9190  	8784  	7821  	6784  	5491  	4228  	3143  	2268  	1487  	1017  	614   	360   	214   	113   	57    	32    	13    	6     	5     	nan   	nan   	nan   	nan   
100000   	3    	4.610800e-03	1     	2     	4     	8     	16    	32    	64    	119   	230   	409   	708   	1158  	1756  	2657  	3776  	5004  	6201  	7184  	7970  	8368  	8416  	8127  	7591  	6673  	5820  	4858  	3876  	2859  	2081  	1453  	988   	670   	411   	245   	157   	67    	30    	8     	2     	1     	nan   	nan   	nan   

