Criação das árvores ordenadas:
n_persons	index	time        
100000   	0    	1.227544e-01
100000   	1    	1.829519e-01
100000   	2    	1.145510e-01
100000   	3    	1.109357e-01

Procura de nós nas árvores:
n_persons	index	time        
100000   	0    	1.862785e-01
100000   	1    	1.404083e-01
100000   	2    	1.006363e-01
100000   	3    	5.270950e-02

Maior profundidade das árvores:
n_persons	index	time        	depth
100000   	0    	4.658100e-03	39   
100000   	1    	4.611300e-03	40   
100000   	2    	5.248100e-03	39   
100000   	3    	5.209500e-03	38   

Número de nós em cada nível:
n_persons	index	time        	lvl0  	lvl1  	lvl2  	lvl3  	lvl4  	lvl5  	lvl6  	lvl7  	lvl8  	lvl9  	lvl10 	lvl11 	lvl12 	lvl13 	lvl14 	lvl15 	lvl16 	lvl17 	lvl18 	lvl19 	lvl20 	lvl21 	lvl22 	lvl23 	lvl24 	lvl25 	lvl26 	lvl27 	lvl28 	lvl29 	lvl30 	lvl31 	lvl32 	lvl33 	lvl34 	lvl35 	lvl36 	lvl37 	lvl38 	lvl39 	lvl40 
100000   	0    	4.184300e-03	1     	2     	4     	8     	16    	32    	62    	122   	233   	439   	791   	1320  	2095  	3125  	4347  	5688  	7039  	8270  	8815  	9076  	8818  	8340  	7296  	6102  	4981  	3835  	2917  	2153  	1518  	986   	612   	368   	251   	164   	88    	45    	22    	14    	4     	1     	nan   
100000   	1    	4.281600e-03	1     	2     	4     	8     	16    	32    	62    	118   	223   	417   	756   	1295  	2097  	3097  	4343  	5802  	7201  	8388  	9219  	9407  	9245  	8515  	7357  	6014  	4795  	3638  	2749  	1847  	1266  	851   	512   	347   	190   	90    	38    	24    	17    	6     	6     	4     	1     
100000   	2    	4.695800e-03	1     	2     	4     	8     	16    	32    	63    	122   	227   	405   	691   	1103  	1670  	2388  	3243  	4218  	5321  	6329  	7258  	7890  	8153  	8101  	7761  	7140  	6343  	5434  	4567  	3577  	2679  	1917  	1320  	868   	510   	282   	175   	101   	48    	24    	7     	2     	nan   
100000   	3    	4.382500e-03	1     	2     	4     	8     	16    	32    	62    	119   	226   	402   	694   	1182  	1866  	2742  	3810  	5036  	6278  	7254  	8098  	8595  	8681  	8485  	7853  	6829  	5825  	4742  	3667  	2707  	1834  	1170  	774   	472   	254   	137   	78    	39    	19    	5     	2     	nan   	nan   

