Criação das árvores ordenadas:
n_persons	index	time        
100000   	0    	5.499540e-02
100000   	1    	6.565880e-02
100000   	2    	5.859590e-02
100000   	3    	5.026730e-02

Procura de nós nas árvores:
n_persons	index	time        
100000   	0    	5.234040e-02
100000   	1    	6.553350e-02
100000   	2    	5.720860e-02
100000   	3    	5.094930e-02

Maior profundidade das árvores:
n_persons	index	time        	depth
100000   	0    	4.797500e-03	42   
100000   	1    	4.730400e-03	43   
100000   	2    	5.549300e-03	41   
100000   	3    	4.848000e-03	40   

Número de nós em cada nível:
n_persons	index	time        	lvl0  	lvl1  	lvl2  	lvl3  	lvl4  	lvl5  	lvl6  	lvl7  	lvl8  	lvl9  	lvl10 	lvl11 	lvl12 	lvl13 	lvl14 	lvl15 	lvl16 	lvl17 	lvl18 	lvl19 	lvl20 	lvl21 	lvl22 	lvl23 	lvl24 	lvl25 	lvl26 	lvl27 	lvl28 	lvl29 	lvl30 	lvl31 	lvl32 	lvl33 	lvl34 	lvl35 	lvl36 	lvl37 	lvl38 	lvl39 	lvl40 	lvl41 	lvl42 	lvl43 
100000   	0    	3.955700e-03	1     	2     	4     	7     	13    	26    	51    	97    	178   	327   	564   	918   	1441  	2193  	3170  	4246  	5471  	6539  	7583  	8344  	8655  	8551  	8133  	7235  	6211  	5151  	4100  	3123  	2312  	1668  	1211  	816   	587   	411   	255   	156   	86    	65    	41    	26    	16    	10    	6     	nan   
100000   	1    	3.973200e-03	1     	2     	4     	8     	15    	29    	52    	93    	172   	304   	514   	826   	1247  	1843  	2579  	3479  	4475  	5586  	6498  	7283  	7794  	7902  	7729  	7296  	6672  	5865  	5118  	4276  	3547  	2795  	2024  	1455  	970   	653   	411   	226   	131   	65    	36    	15    	5     	3     	1     	1     
100000   	2    	4.680000e-03	1     	2     	4     	8     	16    	32    	62    	116   	206   	350   	557   	856   	1313  	1906  	2638  	3481  	4536  	5646  	6765  	7601  	8261  	8613  	8412  	7868  	7084  	6041  	4987  	3895  	2899  	2048  	1427  	933   	585   	351   	212   	130   	76    	40    	23    	12    	5     	2     	nan   	nan   
100000   	3    	4.510200e-03	1     	2     	4     	8     	16    	32    	64    	124   	236   	419   	719   	1201  	1881  	2830  	3895  	5140  	6395  	7455  	8168  	8714  	8728  	8354  	7617  	6737  	5705  	4571  	3551  	2648  	1880  	1240  	747   	404   	224   	123   	73    	43    	26    	15    	7     	2     	1     	nan   	nan   	nan   

