Criação das árvores ordenadas:
n_persons	index	time        
100000   	0    	5.655110e-02
100000   	1    	6.537450e-02
100000   	2    	5.316460e-02
100000   	3    	4.725790e-02

Procura de nós nas árvores:
n_persons	index	time        
100000   	0    	7.505470e-02
100000   	1    	1.002792e-01
100000   	2    	8.899450e-02
100000   	3    	5.779010e-02

Maior profundidade das árvores:
n_persons	index	time        	depth
100000   	0    	4.319100e-03	40   
100000   	1    	4.335900e-03	36   
100000   	2    	5.339600e-03	44   
100000   	3    	6.362300e-03	41   

Número de nós em cada nível:
n_persons	index	time        	lvl0  	lvl1  	lvl2  	lvl3  	lvl4  	lvl5  	lvl6  	lvl7  	lvl8  	lvl9  	lvl10 	lvl11 	lvl12 	lvl13 	lvl14 	lvl15 	lvl16 	lvl17 	lvl18 	lvl19 	lvl20 	lvl21 	lvl22 	lvl23 	lvl24 	lvl25 	lvl26 	lvl27 	lvl28 	lvl29 	lvl30 	lvl31 	lvl32 	lvl33 	lvl34 	lvl35 	lvl36 	lvl37 	lvl38 	lvl39 	lvl40 	lvl41 	lvl42 	lvl43 	lvl44 
100000   	0    	4.021600e-03	1     	2     	4     	8     	16    	32    	63    	124   	242   	452   	768   	1232  	1915  	2724  	3748  	4925  	6121  	7112  	7791  	8224  	8509  	8309  	7712  	6957  	6076  	4938  	3862  	2836  	2046  	1335  	822   	495   	291   	160   	81    	39    	17    	6     	2     	2     	1     	nan   	nan   	nan   	nan   
100000   	1    	3.863000e-03	1     	2     	4     	8     	16    	32    	63    	124   	230   	414   	711   	1148  	1791  	2654  	3755  	5018  	6288  	7398  	8392  	8959  	9139  	8964  	8283  	7083  	5775  	4407  	3262  	2336  	1547  	970   	559   	334   	176   	90    	37    	22    	8     	nan   	nan   	nan   	nan   	nan   	nan   	nan   	nan   
100000   	2    	4.351300e-03	1     	2     	4     	8     	16    	31    	61    	112   	205   	363   	619   	987   	1498  	2144  	2902  	3854  	4758  	5729  	6598  	7432  	7763  	7921  	7729  	7265  	6612  	5864  	4952  	4191  	3339  	2468  	1664  	1115  	732   	430   	254   	140   	90    	53    	33    	24    	15    	10    	7     	4     	1     
100000   	3    	5.155000e-03	1     	2     	4     	8     	16    	32    	64    	126   	247   	464   	826   	1421  	2302  	3417  	4793  	6270  	7690  	8939  	9662  	9835  	9330  	8449  	7204  	5818  	4386  	3121  	2191  	1394  	869   	516   	258   	138   	72    	40    	28    	21    	17    	13    	8     	5     	2     	1     	nan   	nan   	nan   

