Criação das árvores ordenadas:
n_persons	index	time        
100000   	0    	5.832820e-02
100000   	1    	6.961470e-02
100000   	2    	5.993300e-02
100000   	3    	5.219850e-02

Procura de nós nas árvores:
n_persons	index	time        
100000   	0    	5.848250e-02
100000   	1    	6.838110e-02
100000   	2    	5.815560e-02
100000   	3    	1.183221e-01

Maior profundidade das árvores:
n_persons	index	time        	depth
100000   	0    	6.794900e-03	38   
100000   	1    	5.918700e-03	41   
100000   	2    	1.094390e-02	41   
100000   	3    	6.338100e-03	36   

Número de nós em cada nível:
n_persons	index	time        	lvl0  	lvl1  	lvl2  	lvl3  	lvl4  	lvl5  	lvl6  	lvl7  	lvl8  	lvl9  	lvl10 	lvl11 	lvl12 	lvl13 	lvl14 	lvl15 	lvl16 	lvl17 	lvl18 	lvl19 	lvl20 	lvl21 	lvl22 	lvl23 	lvl24 	lvl25 	lvl26 	lvl27 	lvl28 	lvl29 	lvl30 	lvl31 	lvl32 	lvl33 	lvl34 	lvl35 	lvl36 	lvl37 	lvl38 	lvl39 	lvl40 	lvl41 
100000   	0    	4.749000e-03	1     	2     	4     	8     	16    	32    	64    	122   	229   	408   	724   	1218  	1862  	2722  	3622  	4652  	5675  	6701  	7494  	8204  	8541  	8562  	8250  	7471  	6554  	5194  	3903  	2771  	1938  	1239  	780   	427   	243   	146   	101   	63    	34    	17    	6     	nan   	nan   	nan   
100000   	1    	5.530900e-03	1     	2     	4     	8     	16    	32    	63    	118   	218   	395   	683   	1117  	1752  	2594  	3606  	4805  	5972  	7018  	7865  	8557  	8661  	8521  	7968  	7122  	6095  	4807  	3722  	2721  	1884  	1319  	890   	590   	375   	220   	145   	70    	31    	15    	9     	6     	1     	2     
100000   	2    	5.351400e-03	1     	2     	4     	8     	16    	32    	62    	119   	207   	356   	585   	883   	1287  	1787  	2395  	3102  	3748  	4395  	4953  	5679  	6327  	6891  	7415  	7655  	7555  	7104  	6388  	5494  	4388  	3521  	2723  	1879  	1288  	805   	450   	262   	128   	64    	27    	11    	2     	2     
100000   	3    	5.290900e-03	1     	2     	4     	8     	16    	32    	62    	112   	203   	359   	645   	1114  	1813  	2775  	3916  	5297  	6675  	7792  	8723  	9238  	9143  	8723  	7972  	6743  	5481  	4232  	3079  	2176  	1464  	922   	573   	358   	188   	92    	44    	16    	7     	nan   	nan   	nan   	nan   	nan   

