Criação das árvores ordenadas:
n_persons	index	time        
100000   	0    	5.035440e-02
100000   	1    	6.344340e-02
100000   	2    	5.387550e-02
100000   	3    	4.623780e-02

Procura de nós nas árvores:
n_persons	index	time        
100000   	0    	5.325560e-02
100000   	1    	6.429350e-02
100000   	2    	1.126052e-01
100000   	3    	6.670550e-02

Maior profundidade das árvores:
n_persons	index	time        	depth
100000   	0    	4.635900e-03	37   
100000   	1    	4.655700e-03	42   
100000   	2    	4.878300e-03	38   
100000   	3    	5.121600e-03	40   

Número de nós em cada nível:
n_persons	index	time        	lvl0  	lvl1  	lvl2  	lvl3  	lvl4  	lvl5  	lvl6  	lvl7  	lvl8  	lvl9  	lvl10 	lvl11 	lvl12 	lvl13 	lvl14 	lvl15 	lvl16 	lvl17 	lvl18 	lvl19 	lvl20 	lvl21 	lvl22 	lvl23 	lvl24 	lvl25 	lvl26 	lvl27 	lvl28 	lvl29 	lvl30 	lvl31 	lvl32 	lvl33 	lvl34 	lvl35 	lvl36 	lvl37 	lvl38 	lvl39 	lvl40 	lvl41 	lvl42 
100000   	0    	4.252400e-03	1     	2     	4     	8     	16    	32    	63    	121   	228   	399   	662   	1074  	1678  	2492  	3560  	4808  	6152  	7462  	8692  	9346  	9446  	9035  	8213  	7034  	5810  	4504  	3236  	2257  	1453  	918   	570   	349   	211   	107   	40    	12    	3     	2     	nan   	nan   	nan   	nan   	nan   
100000   	1    	3.867500e-03	1     	2     	4     	8     	16    	24    	46    	88    	156   	283   	499   	837   	1326  	1988  	2753  	3668  	4669  	5670  	6733  	7809  	8407  	8672  	8622  	8054  	7056  	6037  	4982  	3789  	2753  	1891  	1257  	808   	485   	301   	155   	84    	38    	13    	8     	3     	3     	1     	1     
100000   	2    	5.062000e-03	1     	2     	4     	8     	16    	32    	62    	120   	229   	423   	743   	1232  	1928  	2870  	4048  	5416  	6787  	7866  	8655  	9052  	8955  	8520  	7643  	6554  	5305  	4089  	3006  	2187  	1499  	1011  	684   	422   	261   	159   	96    	58    	36    	17    	4     	nan   	nan   	nan   	nan   
100000   	3    	4.787300e-03	1     	2     	4     	8     	16    	32    	64    	122   	222   	408   	711   	1187  	1866  	2826  	3884  	5040  	6269  	7362  	8262  	8774  	8832  	8652  	8081  	6977  	5786  	4556  	3422  	2384  	1631  	1067  	673   	403   	230   	118   	64    	29    	19    	9     	3     	2     	2     	nan   	nan   

