Criação das árvores ordenadas:
n_persons	index	time        
100000   	0    	5.250000e-02
100000   	1    	6.198860e-02
100000   	2    	1.150094e-01
100000   	3    	6.641770e-02

Procura de nós nas árvores:
n_persons	index	time        
100000   	0    	5.565460e-02
100000   	1    	6.260300e-02
100000   	2    	5.767850e-02
100000   	3    	5.077280e-02

Maior profundidade das árvores:
n_persons	index	time        	depth
100000   	0    	4.330900e-03	36   
100000   	1    	4.363000e-03	40   
100000   	2    	4.912700e-03	37   
100000   	3    	4.863500e-03	40   

Número de nós em cada nível:
n_persons	index	time        	lvl0  	lvl1  	lvl2  	lvl3  	lvl4  	lvl5  	lvl6  	lvl7  	lvl8  	lvl9  	lvl10 	lvl11 	lvl12 	lvl13 	lvl14 	lvl15 	lvl16 	lvl17 	lvl18 	lvl19 	lvl20 	lvl21 	lvl22 	lvl23 	lvl24 	lvl25 	lvl26 	lvl27 	lvl28 	lvl29 	lvl30 	lvl31 	lvl32 	lvl33 	lvl34 	lvl35 	lvl36 	lvl37 	lvl38 	lvl39 	lvl40 
100000   	0    	3.882700e-03	1     	2     	4     	8     	16    	32    	63    	121   	233   	440   	788   	1340  	2160  	3275  	4637  	6074  	7455  	8472  	9020  	9044  	8852  	8236  	7368  	6252  	4994  	3820  	2701  	1796  	1179  	763   	418   	226   	104   	61    	30    	13    	2     	nan   	nan   	nan   	nan   
100000   	1    	4.170100e-03	1     	2     	4     	8     	16    	32    	64    	122   	225   	423   	728   	1222  	1928  	2904  	4072  	5394  	6687  	7839  	8728  	9231  	9194  	8670  	7793  	6500  	5211  	4031  	3005  	2130  	1486  	971   	588   	364   	200   	97    	48    	31    	20    	11    	12    	7     	1     
100000   	2    	4.647100e-03	1     	2     	4     	8     	16    	32    	64    	127   	244   	445   	791   	1310  	2090  	3146  	4388  	5716  	6988  	8118  	8775  	9038  	8712  	8234  	7376  	6207  	5112  	3973  	2958  	2147  	1496  	1006  	667   	379   	238   	107   	57    	21    	6     	1     	nan   	nan   	nan   
100000   	3    	4.482200e-03	1     	2     	4     	8     	16    	31    	60    	114   	212   	363   	647   	1061  	1645  	2421  	3413  	4599  	5775  	6950  	7898  	8577  	8756  	8506  	7923  	6950  	5881  	4824  	3950  	2987  	2156  	1537  	1064  	687   	449   	264   	139   	62    	31    	18    	11    	5     	3     

