Criação das árvores ordenadas:
n_persons	index	time        
100000   	0    	5.321340e-02
100000   	1    	6.949830e-02
100000   	2    	5.534550e-02
100000   	3    	5.398490e-02

Procura de nós nas árvores:
n_persons	index	time        
100000   	0    	5.365980e-02
100000   	1    	6.235240e-02
100000   	2    	5.800630e-02
100000   	3    	4.951240e-02

Maior profundidade das árvores:
n_persons	index	time        	depth
100000   	0    	4.656900e-03	42   
100000   	1    	5.013800e-03	39   
100000   	2    	5.070100e-03	37   
100000   	3    	5.398400e-03	44   

Número de nós em cada nível:
n_persons	index	time        	lvl0  	lvl1  	lvl2  	lvl3  	lvl4  	lvl5  	lvl6  	lvl7  	lvl8  	lvl9  	lvl10 	lvl11 	lvl12 	lvl13 	lvl14 	lvl15 	lvl16 	lvl17 	lvl18 	lvl19 	lvl20 	lvl21 	lvl22 	lvl23 	lvl24 	lvl25 	lvl26 	lvl27 	lvl28 	lvl29 	lvl30 	lvl31 	lvl32 	lvl33 	lvl34 	lvl35 	lvl36 	lvl37 	lvl38 	lvl39 	lvl40 	lvl41 	lvl42 	lvl43 	lvl44 
100000   	0    	4.101300e-03	1     	2     	4     	8     	16    	32    	63    	122   	220   	384   	644   	1008  	1505  	2182  	2972  	3883  	4738  	5444  	6109  	6719  	7192  	7425  	7443  	7243  	6708  	6115  	5356  	4492  	3546  	2666  	1953  	1419  	888   	603   	394   	239   	126   	63    	39    	20    	8     	3     	3     	nan   	nan   
100000   	1    	4.170300e-03	1     	2     	4     	8     	16    	32    	63    	117   	214   	368   	609   	972   	1428  	2050  	2837  	3843  	4872  	6069  	7164  	8035  	8634  	8746  	8407  	7755  	6747  	5599  	4495  	3479  	2592  	1775  	1205  	758   	490   	300   	164   	81    	47    	15    	6     	1     	nan   	nan   	nan   	nan   	nan   
100000   	2    	4.239800e-03	1     	2     	4     	8     	16    	32    	64    	125   	231   	415   	722   	1218  	1919  	2884  	4016  	5341  	6628  	7842  	8719  	9284  	9308  	8754  	7918  	6758  	5476  	4135  	3023  	2096  	1318  	792   	473   	254   	127   	58    	24    	9     	5     	1     	nan   	nan   	nan   	nan   	nan   	nan   	nan   
100000   	3    	4.626000e-03	1     	2     	4     	8     	16    	32    	60    	118   	213   	380   	636   	1016  	1553  	2240  	3114  	4123  	5153  	6057  	6750  	7285  	7666  	7720  	7418  	7023  	6364  	5524  	4785  	3910  	3018  	2363  	1741  	1297  	892   	594   	362   	221   	139   	81    	47    	25    	17    	13    	12    	6     	1     

