Criação das árvores ordenadas:
n_persons	index	time        
100000   	0    	6.162320e-02
100000   	1    	6.730210e-02
100000   	2    	6.546000e-02
100000   	3    	5.564590e-02

Procura de nós nas árvores:
n_persons	index	time        
100000   	0    	5.705680e-02
100000   	1    	6.543490e-02
100000   	2    	6.401340e-02
100000   	3    	5.450630e-02

Maior profundidade das árvores:
n_persons	index	time        	depth
100000   	0    	5.027400e-03	38   
100000   	1    	4.959800e-03	37   
100000   	2    	5.089800e-03	39   
100000   	3    	5.112700e-03	43   

Número de nós em cada nível:
n_persons	index	time        	lvl0  	lvl1  	lvl2  	lvl3  	lvl4  	lvl5  	lvl6  	lvl7  	lvl8  	lvl9  	lvl10 	lvl11 	lvl12 	lvl13 	lvl14 	lvl15 	lvl16 	lvl17 	lvl18 	lvl19 	lvl20 	lvl21 	lvl22 	lvl23 	lvl24 	lvl25 	lvl26 	lvl27 	lvl28 	lvl29 	lvl30 	lvl31 	lvl32 	lvl33 	lvl34 	lvl35 	lvl36 	lvl37 	lvl38 	lvl39 	lvl40 	lvl41 	lvl42 	lvl43 
100000   	0    	4.704100e-03	1     	2     	4     	8     	16    	32    	64    	128   	245   	447   	772   	1232  	1823  	2631  	3547  	4622  	5734  	6774  	7509  	8037  	8295  	8215  	7845  	7132  	6253  	5242  	4121  	3180  	2339  	1551  	973   	582   	324   	167   	73    	43    	19    	13    	5     	nan   	nan   	nan   	nan   	nan   
100000   	1    	4.467400e-03	1     	2     	4     	8     	16    	32    	62    	122   	234   	423   	751   	1254  	1963  	2894  	4042  	5186  	6365  	7407  	8228  	8601  	8674  	8292  	7737  	6710  	5689  	4492  	3502  	2535  	1880  	1218  	749   	439   	259   	122   	67    	30    	9     	1     	nan   	nan   	nan   	nan   	nan   	nan   
100000   	2    	4.397900e-03	1     	2     	4     	8     	16    	32    	63    	123   	231   	413   	723   	1181  	1836  	2675  	3664  	4635  	5789  	6745  	7509  	7926  	8211  	8157  	7592  	6968  	6113  	5237  	4196  	3280  	2393  	1664  	1113  	698   	413   	219   	93    	44    	24    	5     	3     	1     	nan   	nan   	nan   	nan   
100000   	3    	4.687500e-03	1     	2     	4     	8     	16    	32    	61    	120   	212   	354   	570   	901   	1323  	1893  	2611  	3545  	4549  	5552  	6551  	7337  	7897  	8004  	7839  	7349  	6694  	5971  	4971  	4105  	3226  	2466  	1912  	1410  	1018  	638   	409   	226   	109   	51    	30    	18    	7     	4     	2     	2     

