Criação das árvores ordenadas:
n_persons	index	time        
100000   	0    	5.151670e-02
100000   	1    	6.261870e-02
100000   	2    	5.934180e-02
100000   	3    	1.001935e-01

Procura de nós nas árvores:
n_persons	index	time        
100000   	0    	7.258280e-02
100000   	1    	6.719220e-02
100000   	2    	5.850500e-02
100000   	3    	5.138510e-02

Maior profundidade das árvores:
n_persons	index	time        	depth
100000   	0    	4.738200e-03	40   
100000   	1    	4.670200e-03	42   
100000   	2    	5.912300e-03	44   
100000   	3    	5.303300e-03	38   

Número de nós em cada nível:
n_persons	index	time        	lvl0  	lvl1  	lvl2  	lvl3  	lvl4  	lvl5  	lvl6  	lvl7  	lvl8  	lvl9  	lvl10 	lvl11 	lvl12 	lvl13 	lvl14 	lvl15 	lvl16 	lvl17 	lvl18 	lvl19 	lvl20 	lvl21 	lvl22 	lvl23 	lvl24 	lvl25 	lvl26 	lvl27 	lvl28 	lvl29 	lvl30 	lvl31 	lvl32 	lvl33 	lvl34 	lvl35 	lvl36 	lvl37 	lvl38 	lvl39 	lvl40 	lvl41 	lvl42 	lvl43 	lvl44 
100000   	0    	3.896000e-03	1     	2     	4     	8     	16    	32    	64    	128   	235   	435   	765   	1282  	2032  	3006  	4222  	5563  	6816  	7879  	8550  	8788  	8442  	7962  	7330  	6414  	5362  	4304  	3271  	2372  	1695  	1145  	740   	488   	288   	178   	87    	45    	24    	11    	7     	6     	1     	nan   	nan   	nan   	nan   
100000   	1    	4.042200e-03	1     	2     	4     	8     	16    	32    	61    	120   	228   	411   	704   	1161  	1783  	2542  	3437  	4551  	5730  	6950  	7980  	8617  	8932  	8885  	8389  	7320  	6021  	4714  	3557  	2518  	1787  	1248  	858   	501   	317   	233   	169   	99    	58    	30    	16    	5     	2     	2     	1     	nan   	nan   
100000   	2    	4.872900e-03	1     	2     	4     	8     	16    	32    	64    	122   	226   	409   	708   	1205  	1855  	2712  	3813  	5132  	6524  	7806  	8762  	9351  	9225  	8664  	7837  	6701  	5475  	4243  	3133  	2248  	1495  	980   	612   	318   	162   	86    	35    	13    	9     	3     	2     	1     	2     	1     	1     	1     	1     
100000   	3    	4.590500e-03	1     	2     	4     	8     	16    	32    	64    	118   	210   	370   	632   	1060  	1669  	2510  	3618  	4824  	6113  	7332  	8360  	9011  	9056  	8618  	7907  	7072  	6040  	4808  	3494  	2532  	1721  	1139  	708   	430   	255   	140   	74    	36    	9     	5     	2     	nan   	nan   	nan   	nan   	nan   	nan   

