Criação das árvores ordenadas:
n_persons	index	time        
100000   	0    	5.605870e-02
100000   	1    	6.484120e-02
100000   	2    	5.625550e-02
100000   	3    	4.714500e-02

Procura de nós nas árvores:
n_persons	index	time        
100000   	0    	5.184170e-02
100000   	1    	6.325610e-02
100000   	2    	5.608370e-02
100000   	3    	4.750980e-02

Maior profundidade das árvores:
n_persons	index	time        	depth
100000   	0    	4.923900e-03	40   
100000   	1    	4.618000e-03	43   
100000   	2    	4.938600e-03	38   
100000   	3    	5.350400e-03	38   

Número de nós em cada nível:
n_persons	index	time        	lvl0  	lvl1  	lvl2  	lvl3  	lvl4  	lvl5  	lvl6  	lvl7  	lvl8  	lvl9  	lvl10 	lvl11 	lvl12 	lvl13 	lvl14 	lvl15 	lvl16 	lvl17 	lvl18 	lvl19 	lvl20 	lvl21 	lvl22 	lvl23 	lvl24 	lvl25 	lvl26 	lvl27 	lvl28 	lvl29 	lvl30 	lvl31 	lvl32 	lvl33 	lvl34 	lvl35 	lvl36 	lvl37 	lvl38 	lvl39 	lvl40 	lvl41 	lvl42 	lvl43 
100000   	0    	4.192400e-03	1     	2     	4     	8     	16    	30    	60    	114   	207   	380   	666   	1118  	1738  	2587  	3610  	4909  	6218  	7350  	8290  	8805  	8881  	8496  	7809  	6837  	5739  	4672  	3628  	2584  	1801  	1246  	853   	573   	357   	213   	101   	48    	27    	13    	6     	2     	1     	nan   	nan   	nan   
100000   	1    	3.844900e-03	1     	2     	4     	8     	16    	32    	62    	121   	228   	402   	670   	1080  	1574  	2262  	3104  	4060  	5018  	5943  	6768  	7279  	7553  	7521  	7325  	6898  	6326  	5613  	4801  	4072  	3342  	2596  	1858  	1286  	872   	551   	346   	173   	107   	55    	38    	16    	12    	2     	2     	1     
100000   	2    	4.324800e-03	1     	2     	4     	8     	16    	32    	64    	126   	244   	441   	782   	1294  	2001  	2905  	3993  	5133  	6202  	7226  	8052  	8617  	8858  	8436  	7832  	6865  	5800  	4627  	3528  	2569  	1740  	1164  	685   	365   	205   	103   	45    	24    	8     	2     	1     	nan   	nan   	nan   	nan   	nan   
100000   	3    	4.399400e-03	1     	2     	4     	8     	16    	32    	57    	111   	202   	346   	557   	892   	1355  	1984  	2828  	3883  	5066  	6408  	7645  	8772  	9308  	9453  	8999  	8075  	6803  	5287  	3965  	2827  	1961  	1283  	801   	508   	292   	151   	70    	28    	15    	4     	1     	nan   	nan   	nan   	nan   	nan   

