Criação das árvores ordenadas:
n_persons	index	time        
100000   	0    	6.389710e-02
100000   	1    	6.530040e-02
100000   	2    	5.529390e-02
100000   	3    	4.882310e-02

Procura de nós nas árvores:
n_persons	index	time        
100000   	0    	5.747880e-02
100000   	1    	1.220919e-01
100000   	2    	8.519840e-02
100000   	3    	7.188680e-02

Maior profundidade das árvores:
n_persons	index	time        	depth
100000   	0    	4.979500e-03	40   
100000   	1    	4.856100e-03	40   
100000   	2    	4.995100e-03	39   
100000   	3    	5.433400e-03	45   

Número de nós em cada nível:
n_persons	index	time        	lvl0  	lvl1  	lvl2  	lvl3  	lvl4  	lvl5  	lvl6  	lvl7  	lvl8  	lvl9  	lvl10 	lvl11 	lvl12 	lvl13 	lvl14 	lvl15 	lvl16 	lvl17 	lvl18 	lvl19 	lvl20 	lvl21 	lvl22 	lvl23 	lvl24 	lvl25 	lvl26 	lvl27 	lvl28 	lvl29 	lvl30 	lvl31 	lvl32 	lvl33 	lvl34 	lvl35 	lvl36 	lvl37 	lvl38 	lvl39 	lvl40 	lvl41 	lvl42 	lvl43 	lvl44 	lvl45 
100000   	0    	4.706100e-03	1     	2     	4     	8     	16    	31    	59    	109   	200   	357   	616   	992   	1570  	2427  	3423  	4618  	5837  	6938  	7771  	8499  	8667  	8389  	7681  	6844  	5815  	4827  	3896  	3068  	2368  	1752  	1234  	829   	516   	293   	171   	92    	38    	26    	11    	4     	1     	nan   	nan   	nan   	nan   	nan   
100000   	1    	4.213700e-03	1     	2     	4     	8     	16    	32    	63    	122   	232   	418   	707   	1166  	1848  	2810  	3895  	5132  	6478  	7547  	8369  	8866  	8927  	8542  	7963  	6809  	5419  	4149  	3125  	2256  	1664  	1171  	812   	549   	376   	225   	142   	83    	34    	17    	11    	7     	3     	nan   	nan   	nan   	nan   	nan   
100000   	2    	4.601400e-03	1     	2     	4     	8     	16    	32    	63    	123   	228   	408   	702   	1148  	1771  	2565  	3579  	4720  	5962  	7000  	7800  	8463  	8549  	8293  	7744  	6865  	5781  	4668  	3741  	2827  	2145  	1602  	1168  	778   	501   	336   	197   	102   	65    	26    	14    	3     	nan   	nan   	nan   	nan   	nan   	nan   
100000   	3    	4.880700e-03	1     	2     	4     	8     	16    	32    	61    	111   	191   	304   	510   	781   	1225  	1807  	2596  	3533  	4572  	5573  	6482  	7248  	7691  	7648  	7441  	7118  	6538  	5749  	4983  	4186  	3474  	2789  	2135  	1630  	1227  	839   	558   	374   	236   	136   	78    	48    	30    	13    	10    	7     	4     	1     

