Criação das árvores ordenadas:
n_persons	index	time        
100000   	0    	5.018650e-02
100000   	1    	6.173410e-02
100000   	2    	5.542990e-02
100000   	3    	4.734420e-02

Procura de nós nas árvores:
n_persons	index	time        
100000   	0    	5.360110e-02
100000   	1    	6.249350e-02
100000   	2    	5.801540e-02
100000   	3    	4.941240e-02

Maior profundidade das árvores:
n_persons	index	time        	depth
100000   	0    	4.523700e-03	38   
100000   	1    	4.451800e-03	39   
100000   	2    	5.031700e-03	41   
100000   	3    	5.651300e-03	42   

Número de nós em cada nível:
n_persons	index	time        	lvl0  	lvl1  	lvl2  	lvl3  	lvl4  	lvl5  	lvl6  	lvl7  	lvl8  	lvl9  	lvl10 	lvl11 	lvl12 	lvl13 	lvl14 	lvl15 	lvl16 	lvl17 	lvl18 	lvl19 	lvl20 	lvl21 	lvl22 	lvl23 	lvl24 	lvl25 	lvl26 	lvl27 	lvl28 	lvl29 	lvl30 	lvl31 	lvl32 	lvl33 	lvl34 	lvl35 	lvl36 	lvl37 	lvl38 	lvl39 	lvl40 	lvl41 	lvl42 
100000   	0    	5.509600e-03	1     	2     	4     	8     	16    	32    	63    	126   	233   	424   	743   	1220  	1895  	2787  	3901  	5112  	6359  	7576  	8516  	8956  	9136  	8660  	7787  	6678  	5439  	4247  	3280  	2420  	1643  	1115  	708   	405   	233   	137   	81    	39    	12    	5     	1     	nan   	nan   	nan   	nan   
100000   	1    	1.404470e-02	1     	2     	4     	8     	16    	32    	63    	122   	231   	432   	759   	1281  	2027  	3083  	4406  	5804  	7179  	8405  	9285  	9586  	9192  	8269  	7049  	5836  	4690  	3565  	2747  	1996  	1437  	948   	606   	397   	240   	128   	83    	53    	24    	9     	4     	1     	nan   	nan   	nan   
100000   	2    	5.324400e-03	1     	2     	4     	8     	16    	32    	63    	124   	239   	417   	702   	1141  	1774  	2659  	3756  	4863  	6036  	7051  	8012  	8533  	8685  	8440  	7869  	6850  	5819  	4743  	3682  	2733  	1950  	1366  	894   	607   	373   	223   	130   	84    	52    	32    	20    	8     	4     	3     	nan   
100000   	3    	7.519400e-03	1     	2     	4     	8     	16    	32    	64    	125   	231   	422   	741   	1220  	1904  	2773  	3800  	4921  	6023  	7029  	7703  	8223  	8489  	8179  	7725  	7023  	5994  	4878  	3779  	2796  	1993  	1369  	914   	588   	427   	268   	154   	97    	38    	21    	9     	6     	4     	3     	4     

