Criação das árvores ordenadas:
n_persons	index	time        
100000   	0    	5.154610e-02
100000   	1    	6.199130e-02
100000   	2    	5.344780e-02
100000   	3    	4.899380e-02

Procura de nós nas árvores:
n_persons	index	time        
100000   	0    	5.150740e-02
100000   	1    	5.817160e-02
100000   	2    	5.554820e-02
100000   	3    	4.953860e-02

Maior profundidade das árvores:
n_persons	index	time        	depth
100000   	0    	4.248100e-03	38   
100000   	1    	4.483500e-03	38   
100000   	2    	5.106700e-03	38   
100000   	3    	4.951000e-03	40   

Número de nós em cada nível:
n_persons	index	time        	lvl0  	lvl1  	lvl2  	lvl3  	lvl4  	lvl5  	lvl6  	lvl7  	lvl8  	lvl9  	lvl10 	lvl11 	lvl12 	lvl13 	lvl14 	lvl15 	lvl16 	lvl17 	lvl18 	lvl19 	lvl20 	lvl21 	lvl22 	lvl23 	lvl24 	lvl25 	lvl26 	lvl27 	lvl28 	lvl29 	lvl30 	lvl31 	lvl32 	lvl33 	lvl34 	lvl35 	lvl36 	lvl37 	lvl38 	lvl39 	lvl40 
100000   	0    	3.974400e-03	1     	2     	4     	8     	15    	30    	54    	99    	177   	314   	535   	887   	1391  	2106  	2995  	4081  	5321  	6511  	7637  	8398  	8717  	8733  	8318  	7672  	6698  	5554  	4461  	3234  	2235  	1508  	968   	607   	364   	193   	98    	48    	19    	6     	1     	nan   	nan   
100000   	1    	3.834000e-03	1     	2     	4     	8     	16    	32    	64    	127   	242   	423   	733   	1240  	2018  	3004  	4240  	5727  	7246  	8491  	9415  	9655  	9320  	8635  	7457  	6153  	4838  	3629  	2574  	1774  	1211  	752   	423   	254   	143   	88    	33    	17    	6     	4     	1     	nan   	nan   
100000   	2    	4.673700e-03	1     	2     	4     	8     	16    	32    	64    	126   	234   	407   	676   	1083  	1663  	2401  	3326  	4400  	5571  	6739  	7679  	8425  	8926  	8910  	8402  	7500  	6365  	5053  	3859  	2792  	1959  	1317  	849   	534   	321   	176   	101   	51    	20    	6     	2     	nan   	nan   
100000   	3    	4.597600e-03	1     	2     	4     	8     	16    	32    	61    	115   	209   	370   	628   	979   	1487  	2132  	2932  	3966  	5071  	6228  	7373  	8176  	8732  	8882  	8492  	7683  	6534  	5424  	4251  	3320  	2436  	1706  	1136  	692   	436   	250   	140   	60    	22    	9     	2     	2     	1     

