Criação das árvores ordenadas:
n_persons	index	time        
100000   	0    	5.398320e-02
100000   	1    	6.199640e-02
100000   	2    	5.524750e-02
100000   	3    	4.681160e-02

Procura de nós nas árvores:
n_persons	index	time        
100000   	0    	5.312210e-02
100000   	1    	7.278910e-02
100000   	2    	5.832840e-02
100000   	3    	5.045560e-02

Maior profundidade das árvores:
n_persons	index	time        	depth
100000   	0    	4.637100e-03	45   
100000   	1    	4.502600e-03	39   
100000   	2    	5.584700e-03	44   
100000   	3    	5.142900e-03	39   

Número de nós em cada nível:
n_persons	index	time        	lvl0  	lvl1  	lvl2  	lvl3  	lvl4  	lvl5  	lvl6  	lvl7  	lvl8  	lvl9  	lvl10 	lvl11 	lvl12 	lvl13 	lvl14 	lvl15 	lvl16 	lvl17 	lvl18 	lvl19 	lvl20 	lvl21 	lvl22 	lvl23 	lvl24 	lvl25 	lvl26 	lvl27 	lvl28 	lvl29 	lvl30 	lvl31 	lvl32 	lvl33 	lvl34 	lvl35 	lvl36 	lvl37 	lvl38 	lvl39 	lvl40 	lvl41 	lvl42 	lvl43 	lvl44 	lvl45 
100000   	0    	4.121600e-03	1     	2     	4     	8     	16    	32    	64    	128   	239   	425   	699   	1102  	1677  	2439  	3271  	4244  	5237  	6172  	7098  	7701  	8056  	7997  	7575  	6841  	5998  	5074  	4230  	3392  	2627  	1991  	1530  	1204  	923   	678   	486   	310   	199   	134   	87    	51    	28    	14    	9     	4     	2     	1     
100000   	1    	4.021100e-03	1     	2     	4     	8     	16    	32    	63    	119   	208   	366   	623   	1036  	1652  	2491  	3484  	4486  	5593  	6506  	7248  	7880  	8175  	8177  	7812  	7180  	6501  	5405  	4305  	3364  	2497  	1766  	1163  	778   	475   	261   	155   	89    	47    	24    	6     	2     	nan   	nan   	nan   	nan   	nan   	nan   
100000   	2    	4.623700e-03	1     	2     	4     	8     	16    	32    	64    	120   	212   	369   	600   	898   	1301  	1850  	2531  	3306  	4179  	5149  	6192  	7074  	7710  	8011  	7891  	7583  	6899  	5955  	4994  	4124  	3271  	2622  	2021  	1534  	1145  	823   	575   	400   	246   	144   	69    	37    	17    	10    	6     	4     	1     	nan   
100000   	3    	4.542400e-03	1     	2     	4     	8     	16    	30    	54    	99    	192   	357   	640   	1090  	1798  	2714  	3890  	5141  	6579  	7807  	8773  	9269  	9317  	8818  	7990  	6926  	5618  	4321  	3147  	2152  	1398  	824   	490   	248   	145   	81    	34    	15    	5     	3     	3     	1     	nan   	nan   	nan   	nan   	nan   	nan   

