Criação das árvores ordenadas:
n_persons	index	time        
100000   	0    	5.150840e-02
100000   	1    	6.182730e-02
100000   	2    	6.233340e-02
100000   	3    	4.912320e-02

Procura de nós nas árvores:
n_persons	index	time        
100000   	0    	5.617210e-02
100000   	1    	7.018540e-02
100000   	2    	6.361300e-02
100000   	3    	5.492670e-02

Maior profundidade das árvores:
n_persons	index	time        	depth
100000   	0    	4.341500e-03	41   
100000   	1    	4.357200e-03	38   
100000   	2    	5.219800e-03	39   
100000   	3    	4.969200e-03	37   

Número de nós em cada nível:
n_persons	index	time        	lvl0  	lvl1  	lvl2  	lvl3  	lvl4  	lvl5  	lvl6  	lvl7  	lvl8  	lvl9  	lvl10 	lvl11 	lvl12 	lvl13 	lvl14 	lvl15 	lvl16 	lvl17 	lvl18 	lvl19 	lvl20 	lvl21 	lvl22 	lvl23 	lvl24 	lvl25 	lvl26 	lvl27 	lvl28 	lvl29 	lvl30 	lvl31 	lvl32 	lvl33 	lvl34 	lvl35 	lvl36 	lvl37 	lvl38 	lvl39 	lvl40 	lvl41 
100000   	0    	4.281700e-03	1     	2     	4     	8     	16    	32    	64    	120   	218   	362   	590   	922   	1360  	1985  	2745  	3672  	4679  	5793  	6793  	7727  	8323  	8596  	8442  	7912  	7053  	5979  	4929  	3790  	2766  	1967  	1292  	771   	467   	284   	181   	91    	37    	17    	4     	3     	2     	1     
100000   	1    	4.062000e-03	1     	2     	4     	8     	16    	31    	60    	109   	193   	338   	564   	919   	1475  	2311  	3413  	4714  	6160  	7351  	8450  	9173  	9341  	9137  	8299  	7154  	5846  	4598  	3415  	2478  	1672  	1088  	667   	398   	261   	153   	96    	58    	31    	11    	5     	nan   	nan   	nan   
100000   	2    	4.388200e-03	1     	2     	4     	8     	16    	32    	64    	128   	249   	454   	780   	1290  	1977  	2929  	4090  	5359  	6605  	7705  	8379  	8602  	8439  	7928  	7121  	6172  	5172  	4271  	3351  	2555  	1936  	1439  	1048  	726   	491   	301   	181   	98    	59    	29    	8     	1     	nan   	nan   
100000   	3    	5.223900e-03	1     	2     	4     	8     	16    	31    	62    	117   	222   	406   	700   	1146  	1808  	2717  	3847  	5089  	6343  	7624  	8700  	9334  	9262  	8713  	7790  	6636  	5352  	4226  	3219  	2383  	1667  	1084  	663   	394   	212   	114   	58    	33    	15    	2     	nan   	nan   	nan   	nan   

