Criação das árvores ordenadas:
n_persons	index	time        
100000   	0    	5.294800e-02
100000   	1    	6.552810e-02
100000   	2    	5.498160e-02
100000   	3    	5.231270e-02

Procura de nós nas árvores:
n_persons	index	time        
100000   	0    	6.190760e-02
100000   	1    	7.089450e-02
100000   	2    	5.941310e-02
100000   	3    	5.026300e-02

Maior profundidade das árvores:
n_persons	index	time        	depth
100000   	0    	4.433800e-03	39   
100000   	1    	4.606100e-03	44   
100000   	2    	5.510000e-03	40   
100000   	3    	5.113600e-03	35   

Número de nós em cada nível:
n_persons	index	time        	lvl0  	lvl1  	lvl2  	lvl3  	lvl4  	lvl5  	lvl6  	lvl7  	lvl8  	lvl9  	lvl10 	lvl11 	lvl12 	lvl13 	lvl14 	lvl15 	lvl16 	lvl17 	lvl18 	lvl19 	lvl20 	lvl21 	lvl22 	lvl23 	lvl24 	lvl25 	lvl26 	lvl27 	lvl28 	lvl29 	lvl30 	lvl31 	lvl32 	lvl33 	lvl34 	lvl35 	lvl36 	lvl37 	lvl38 	lvl39 	lvl40 	lvl41 	lvl42 	lvl43 	lvl44 
100000   	0    	4.142900e-03	1     	2     	4     	8     	16    	32    	60    	109   	211   	377   	671   	1135  	1796  	2668  	3829  	5171  	6483  	7568  	8565  	9102  	9228  	8953  	8176  	7030  	5754  	4454  	3162  	2150  	1404  	875   	484   	270   	143   	60    	25    	10    	6     	3     	3     	2     	nan   	nan   	nan   	nan   	nan   
100000   	1    	4.295400e-03	1     	2     	4     	8     	16    	32    	61    	111   	210   	355   	590   	977   	1520  	2231  	3182  	4324  	5487  	6573  	7529  	8268  	8523  	8459  	7928  	7189  	6150  	5109  	4089  	3173  	2357  	1752  	1297  	896   	604   	374   	254   	164   	89    	47    	28    	16    	11    	5     	2     	1     	2     
100000   	2    	4.979300e-03	1     	2     	4     	8     	16    	31    	58    	106   	197   	334   	582   	974   	1513  	2312  	3272  	4515  	5837  	7197  	8442  	9267  	9514  	9245  	8503  	7323  	5943  	4672  	3447  	2389  	1638  	1085  	665   	409   	229   	132   	70    	30    	17    	8     	8     	3     	2     	nan   	nan   	nan   	nan   
100000   	3    	4.853200e-03	1     	2     	4     	8     	16    	32    	63    	123   	235   	407   	719   	1158  	1756  	2578  	3517  	4673  	5842  	7062  	8112  	8808  	9056  	8854  	8260  	7282  	6097  	4863  	3684  	2634  	1785  	1120  	638   	336   	162   	78    	28    	7     	nan   	nan   	nan   	nan   	nan   	nan   	nan   	nan   	nan   

