Criação das árvores ordenadas:
n_persons	index	time        
100000   	0    	5.155310e-02
100000   	1    	6.189090e-02
100000   	2    	5.877510e-02
100000   	3    	4.767250e-02

Procura de nós nas árvores:
n_persons	index	time        
100000   	0    	5.261220e-02
100000   	1    	7.321960e-02
100000   	2    	1.099812e-01
100000   	3    	7.251720e-02

Maior profundidade das árvores:
n_persons	index	time        	depth
100000   	0    	5.361200e-03	37   
100000   	1    	4.979300e-03	42   
100000   	2    	5.131200e-03	38   
100000   	3    	5.107500e-03	40   

Número de nós em cada nível:
n_persons	index	time        	lvl0  	lvl1  	lvl2  	lvl3  	lvl4  	lvl5  	lvl6  	lvl7  	lvl8  	lvl9  	lvl10 	lvl11 	lvl12 	lvl13 	lvl14 	lvl15 	lvl16 	lvl17 	lvl18 	lvl19 	lvl20 	lvl21 	lvl22 	lvl23 	lvl24 	lvl25 	lvl26 	lvl27 	lvl28 	lvl29 	lvl30 	lvl31 	lvl32 	lvl33 	lvl34 	lvl35 	lvl36 	lvl37 	lvl38 	lvl39 	lvl40 	lvl41 	lvl42 
100000   	0    	4.255000e-03	1     	2     	4     	8     	16    	32    	63    	125   	226   	415   	714   	1208  	1912  	2825  	3992  	5210  	6481  	7671  	8444  	8958  	9058  	8670  	7796  	6540  	5443  	4241  	3248  	2358  	1628  	1101  	683   	413   	249   	132   	78    	36    	16    	3     	nan   	nan   	nan   	nan   	nan   
100000   	1    	4.103300e-03	1     	2     	4     	8     	16    	32    	59    	109   	174   	290   	480   	754   	1126  	1631  	2269  	3052  	4052  	5062  	6233  	7198  	8016  	8485  	8547  	8210  	7477  	6487  	5421  	4429  	3407  	2462  	1650  	1107  	715   	426   	258   	136   	83    	61    	34    	17    	11    	8     	1     
100000   	2    	4.842200e-03	1     	2     	4     	8     	16    	32    	62    	123   	234   	424   	727   	1179  	1870  	2755  	3837  	5155  	6359  	7518  	8342  	8815  	8922  	8494  	7841  	6790  	5735  	4539  	3331  	2434  	1721  	1135  	736   	408   	222   	112   	60    	31    	20    	5     	1     	nan   	nan   	nan   	nan   
100000   	3    	4.528800e-03	1     	2     	4     	8     	16    	32    	63    	125   	242   	443   	779   	1325  	2084  	3121  	4361  	5596  	6902  	8088  	8813  	9032  	8847  	8177  	7266  	6205  	5083  	4086  	3095  	2187  	1518  	994   	638   	371   	223   	113   	65    	41    	22    	15    	12    	3     	2     	nan   	nan   

