Criação das árvores ordenadas:
n_persons	index	time        
100000   	0    	5.353530e-02
100000   	1    	6.578810e-02
100000   	2    	5.709730e-02
100000   	3    	4.804790e-02

Procura de nós nas árvores:
n_persons	index	time        
100000   	0    	5.807340e-02
100000   	1    	6.872270e-02
100000   	2    	5.628630e-02
100000   	3    	5.259700e-02

Maior profundidade das árvores:
n_persons	index	time        	depth
100000   	0    	4.751200e-03	43   
100000   	1    	4.667400e-03	42   
100000   	2    	5.251600e-03	41   
100000   	3    	5.284700e-03	41   

Número de nós em cada nível:
n_persons	index	time        	lvl0  	lvl1  	lvl2  	lvl3  	lvl4  	lvl5  	lvl6  	lvl7  	lvl8  	lvl9  	lvl10 	lvl11 	lvl12 	lvl13 	lvl14 	lvl15 	lvl16 	lvl17 	lvl18 	lvl19 	lvl20 	lvl21 	lvl22 	lvl23 	lvl24 	lvl25 	lvl26 	lvl27 	lvl28 	lvl29 	lvl30 	lvl31 	lvl32 	lvl33 	lvl34 	lvl35 	lvl36 	lvl37 	lvl38 	lvl39 	lvl40 	lvl41 	lvl42 	lvl43 
100000   	0    	3.936200e-03	1     	2     	4     	8     	16    	30    	60    	115   	207   	360   	590   	927   	1360  	1919  	2560  	3310  	4093  	4830  	5576  	6326  	7006  	7718  	7929  	7915  	7475  	6701  	5823  	4742  	3723  	2845  	2012  	1394  	926   	572   	382   	231   	135   	86    	45    	23    	14    	7     	1     	1     
100000   	1    	4.063700e-03	1     	2     	4     	8     	16    	32    	62    	123   	237   	441   	766   	1254  	1933  	2735  	3568  	4349  	5102  	5898  	6653  	7258  	7683  	7715  	7674  	7176  	6563  	5630  	4633  	3661  	2735  	2057  	1435  	1027  	670   	414   	231   	116   	67    	38    	17    	9     	4     	2     	1     	nan   
100000   	2    	4.342100e-03	1     	2     	4     	8     	16    	31    	62    	122   	235   	436   	760   	1209  	1838  	2639  	3534  	4559  	5537  	6416  	7173  	7684  	7925  	7846  	7460  	6897  	6191  	5403  	4445  	3568  	2688  	1919  	1313  	850   	503   	287   	165   	114   	81    	44    	19    	7     	7     	2     	nan   	nan   
100000   	3    	4.751900e-03	1     	2     	4     	8     	16    	32    	64    	126   	244   	446   	810   	1351  	2090  	3106  	4296  	5669  	6873  	7851  	8649  	9042  	8945  	8502  	7652  	6523  	5248  	3994  	2885  	1961  	1357  	929   	602   	341   	159   	91    	48    	26    	27    	18    	6     	2     	3     	1     	nan   	nan   

