Criação das árvores ordenadas:
n_persons	index	time        
100000   	0    	5.187660e-02
100000   	1    	6.634940e-02
100000   	2    	5.784670e-02
100000   	3    	4.638660e-02

Procura de nós nas árvores:
n_persons	index	time        
100000   	0    	5.359990e-02
100000   	1    	6.352950e-02
100000   	2    	5.593470e-02
100000   	3    	4.877510e-02

Maior profundidade das árvores:
n_persons	index	time        	depth
100000   	0    	4.489900e-03	37   
100000   	1    	4.386600e-03	40   
100000   	2    	4.798700e-03	39   
100000   	3    	5.216800e-03	38   

Número de nós em cada nível:
n_persons	index	time        	lvl0  	lvl1  	lvl2  	lvl3  	lvl4  	lvl5  	lvl6  	lvl7  	lvl8  	lvl9  	lvl10 	lvl11 	lvl12 	lvl13 	lvl14 	lvl15 	lvl16 	lvl17 	lvl18 	lvl19 	lvl20 	lvl21 	lvl22 	lvl23 	lvl24 	lvl25 	lvl26 	lvl27 	lvl28 	lvl29 	lvl30 	lvl31 	lvl32 	lvl33 	lvl34 	lvl35 	lvl36 	lvl37 	lvl38 	lvl39 	lvl40 
100000   	0    	3.945200e-03	1     	2     	4     	8     	16    	32    	64    	122   	229   	422   	773   	1299  	2023  	2991  	4149  	5512  	6756  	7869  	8696  	8950  	8800  	8293  	7597  	6534  	5472  	4322  	3218  	2268  	1503  	964   	546   	281   	156   	77    	28    	13    	7     	3     	nan   	nan   	nan   
100000   	1    	3.986000e-03	1     	2     	4     	8     	16    	31    	62    	120   	228   	419   	716   	1187  	1823  	2612  	3546  	4523  	5629  	6510  	7359  	7809  	8014  	7690  	7287  	6806  	6109  	5206  	4268  	3478  	2665  	1937  	1416  	948   	647   	422   	248   	137   	68    	31    	11    	6     	1     
100000   	2    	4.370400e-03	1     	2     	4     	8     	16    	32    	63    	119   	216   	375   	630   	1017  	1527  	2224  	3099  	4126  	5281  	6382  	7358  	8089  	8406  	8521  	8128  	7314  	6474  	5408  	4304  	3329  	2592  	1845  	1239  	809   	485   	285   	155   	75    	38    	17    	6     	1     	nan   
100000   	3    	4.593700e-03	1     	2     	4     	8     	16    	32    	64    	126   	235   	420   	732   	1205  	1830  	2643  	3568  	4624  	5707  	6634  	7311  	7939  	8067  	8101  	7774  	7165  	6388  	5371  	4261  	3265  	2344  	1642  	1094  	679   	408   	211   	81    	31    	11    	4     	2     	nan   	nan   

