Criação das árvores ordenadas:
n_persons	index	time        
100000   	0    	5.258950e-02
100000   	1    	6.313900e-02
100000   	2    	5.519230e-02
100000   	3    	4.678660e-02

Procura de nós nas árvores:
n_persons	index	time        
100000   	0    	5.369190e-02
100000   	1    	9.528940e-02
100000   	2    	9.058830e-02
100000   	3    	5.658050e-02

Maior profundidade das árvores:
n_persons	index	time        	depth
100000   	0    	4.486600e-03	37   
100000   	1    	4.617000e-03	37   
100000   	2    	5.271400e-03	39   
100000   	3    	4.975900e-03	38   

Número de nós em cada nível:
n_persons	index	time        	lvl0  	lvl1  	lvl2  	lvl3  	lvl4  	lvl5  	lvl6  	lvl7  	lvl8  	lvl9  	lvl10 	lvl11 	lvl12 	lvl13 	lvl14 	lvl15 	lvl16 	lvl17 	lvl18 	lvl19 	lvl20 	lvl21 	lvl22 	lvl23 	lvl24 	lvl25 	lvl26 	lvl27 	lvl28 	lvl29 	lvl30 	lvl31 	lvl32 	lvl33 	lvl34 	lvl35 	lvl36 	lvl37 	lvl38 	lvl39 
100000   	0    	4.108700e-03	1     	2     	4     	8     	16    	32    	64    	128   	233   	423   	725   	1194  	1875  	2804  	3935  	5176  	6493  	7770  	8778  	9316  	9322  	8723  	7759  	6612  	5412  	4233  	3006  	2182  	1511  	964   	596   	345   	205   	96    	40    	10    	6     	1     	nan   	nan   
100000   	1    	4.048100e-03	1     	2     	4     	8     	16    	32    	64    	123   	232   	427   	737   	1216  	1898  	2780  	3821  	5058  	6278  	7537  	8509  	8946  	8969  	8592  	7823  	6694  	5588  	4427  	3378  	2433  	1663  	1118  	683   	432   	251   	149   	79    	26    	5     	1     	nan   	nan   
100000   	2    	4.333300e-03	1     	2     	4     	8     	16    	31    	62    	119   	227   	410   	729   	1230  	1949  	2853  	4011  	5223  	6368  	7360  	8029  	8359  	8384  	8075  	7499  	6593  	5593  	4532  	3604  	2754  	1988  	1365  	957   	632   	421   	252   	149   	101   	56    	28    	18    	8     
100000   	3    	4.385400e-03	1     	2     	4     	8     	16    	32    	64    	127   	248   	463   	841   	1442  	2321  	3436  	4735  	6142  	7493  	8488  	9315  	9479  	8961  	8172  	7069  	5849  	4623  	3463  	2553  	1787  	1150  	712   	443   	269   	148   	75    	44    	18    	5     	1     	1     	nan   

