Criação das árvores ordenadas:
n_persons	index	time        
100000   	0    	5.583280e-02
100000   	1    	6.951000e-02
100000   	2    	5.907700e-02
100000   	3    	4.819140e-02

Procura de nós nas árvores:
n_persons	index	time        
100000   	0    	6.578880e-02
100000   	1    	6.914420e-02
100000   	2    	6.312780e-02
100000   	3    	5.301930e-02

Maior profundidade das árvores:
n_persons	index	time        	depth
100000   	0    	4.379500e-03	40   
100000   	1    	4.701800e-03	40   
100000   	2    	5.257700e-03	41   
100000   	3    	5.203700e-03	41   

Número de nós em cada nível:
n_persons	index	time        	lvl0  	lvl1  	lvl2  	lvl3  	lvl4  	lvl5  	lvl6  	lvl7  	lvl8  	lvl9  	lvl10 	lvl11 	lvl12 	lvl13 	lvl14 	lvl15 	lvl16 	lvl17 	lvl18 	lvl19 	lvl20 	lvl21 	lvl22 	lvl23 	lvl24 	lvl25 	lvl26 	lvl27 	lvl28 	lvl29 	lvl30 	lvl31 	lvl32 	lvl33 	lvl34 	lvl35 	lvl36 	lvl37 	lvl38 	lvl39 	lvl40 	lvl41 
100000   	0    	4.641300e-03	1     	2     	4     	8     	15    	29    	56    	103   	194   	334   	578   	957   	1486  	2134  	2967  	3822  	4770  	5666  	6347  	6863  	7149  	7309  	7458  	7049  	6403  	5922  	5360  	4550  	3627  	2769  	2076  	1506  	1018  	637   	411   	224   	122   	45    	23    	5     	1     	nan   
100000   	1    	5.471300e-03	1     	2     	4     	8     	16    	29    	51    	94    	167   	284   	481   	761   	1204  	1798  	2648  	3598  	4693  	5840  	6906  	7813  	8488  	8931  	8786  	8302  	7212  	5975  	4700  	3511  	2591  	1809  	1244  	811   	496   	315   	197   	120   	63    	32    	14    	3     	2     	nan   
100000   	2    	4.991200e-03	1     	2     	4     	8     	16    	31    	59    	112   	203   	380   	652   	1068  	1714  	2512  	3434  	4506  	5500  	6485  	7224  	7702  	7838  	7818  	7427  	6808  	6070  	5193  	4375  	3514  	2747  	2043  	1474  	1063  	705   	505   	317   	216   	131   	76    	39    	20    	5     	3     
100000   	3    	4.444100e-03	1     	2     	4     	8     	16    	32    	64    	126   	240   	425   	714   	1163  	1813  	2574  	3513  	4494  	5550  	6549  	7445  	7969  	8316  	8234  	7922  	7146  	6300  	5278  	4214  	3185  	2274  	1623  	1072  	690   	443   	272   	156   	92    	44    	21    	9     	4     	2     	1     

