Criação das árvores ordenadas:
n_persons	index	time        
100000   	0    	5.196800e-02
100000   	1    	6.669860e-02
100000   	2    	5.664230e-02
100000   	3    	4.920220e-02

Procura de nós nas árvores:
n_persons	index	time        
100000   	0    	5.322190e-02
100000   	1    	6.385230e-02
100000   	2    	5.797320e-02
100000   	3    	4.911630e-02

Maior profundidade das árvores:
n_persons	index	time        	depth
100000   	0    	4.699100e-03	39   
100000   	1    	4.706900e-03	40   
100000   	2    	4.937600e-03	39   
100000   	3    	5.157900e-03	40   

Número de nós em cada nível:
n_persons	index	time        	lvl0  	lvl1  	lvl2  	lvl3  	lvl4  	lvl5  	lvl6  	lvl7  	lvl8  	lvl9  	lvl10 	lvl11 	lvl12 	lvl13 	lvl14 	lvl15 	lvl16 	lvl17 	lvl18 	lvl19 	lvl20 	lvl21 	lvl22 	lvl23 	lvl24 	lvl25 	lvl26 	lvl27 	lvl28 	lvl29 	lvl30 	lvl31 	lvl32 	lvl33 	lvl34 	lvl35 	lvl36 	lvl37 	lvl38 	lvl39 	lvl40 
100000   	0    	4.107400e-03	1     	2     	4     	8     	16    	32    	63    	125   	230   	424   	718   	1141  	1716  	2507  	3470  	4557  	5690  	6720  	7674  	8346  	8683  	8544  	8045  	7319  	6274  	5081  	3992  	2955  	2095  	1411  	921   	553   	330   	175   	97    	48    	19    	8     	5     	1     	nan   
100000   	1    	4.093400e-03	1     	2     	4     	8     	16    	32    	61    	120   	232   	417   	719   	1159  	1820  	2682  	3777  	5010  	6279  	7319  	8246  	8740  	8816  	8431  	7531  	6713  	5624  	4570  	3609  	2691  	1906  	1310  	854   	533   	325   	202   	114   	56    	33    	22    	9     	4     	3     
100000   	2    	4.930600e-03	1     	2     	4     	8     	15    	30    	59    	102   	183   	292   	455   	717   	1065  	1584  	2308  	3303  	4497  	5819  	7130  	8271  	9073  	9446  	9332  	8596  	7342  	6110  	4697  	3445  	2372  	1496  	947   	577   	329   	196   	102   	55    	24    	9     	4     	3     	nan   
100000   	3    	4.921500e-03	1     	2     	4     	8     	16    	32    	64    	126   	243   	455   	800   	1346  	2104  	3106  	4308  	5589  	6869  	7968  	8817  	9116  	9024  	8453  	7740  	6588  	5316  	4030  	2860  	1965  	1241  	761   	470   	283   	157   	74    	36    	14    	5     	2     	4     	2     	1     

