Criação das árvores ordenadas:
n_persons	index	time        
100000   	0    	5.276920e-02
100000   	1    	1.085619e-01
100000   	2    	7.345410e-02
100000   	3    	4.841320e-02

Procura de nós nas árvores:
n_persons	index	time        
100000   	0    	5.176330e-02
100000   	1    	5.781040e-02
100000   	2    	5.471650e-02
100000   	3    	5.025930e-02

Maior profundidade das árvores:
n_persons	index	time        	depth
100000   	0    	4.574000e-03	39   
100000   	1    	4.368200e-03	39   
100000   	2    	5.070800e-03	42   
100000   	3    	5.151000e-03	44   

Número de nós em cada nível:
n_persons	index	time        	lvl0  	lvl1  	lvl2  	lvl3  	lvl4  	lvl5  	lvl6  	lvl7  	lvl8  	lvl9  	lvl10 	lvl11 	lvl12 	lvl13 	lvl14 	lvl15 	lvl16 	lvl17 	lvl18 	lvl19 	lvl20 	lvl21 	lvl22 	lvl23 	lvl24 	lvl25 	lvl26 	lvl27 	lvl28 	lvl29 	lvl30 	lvl31 	lvl32 	lvl33 	lvl34 	lvl35 	lvl36 	lvl37 	lvl38 	lvl39 	lvl40 	lvl41 	lvl42 	lvl43 	lvl44 
100000   	0    	3.927000e-03	1     	2     	4     	8     	16    	30    	57    	109   	192   	309   	525   	859   	1317  	1998  	2835  	3868  	5003  	6155  	7339  	8313  	8933  	9141  	8908  	8005  	6988  	5719  	4370  	3233  	2232  	1453  	880   	553   	302   	147   	89    	51    	34    	15    	5     	2     	nan   	nan   	nan   	nan   	nan   
100000   	1    	3.847800e-03	1     	2     	4     	8     	16    	32    	64    	122   	228   	430   	773   	1331  	2163  	3234  	4560  	6032  	7411  	8622  	9397  	9816  	9413  	8487  	7300  	5982  	4487  	3290  	2331  	1631  	1067  	687   	434   	290   	174   	92    	45    	18    	11    	11    	3     	1     	nan   	nan   	nan   	nan   	nan   
100000   	2    	4.226000e-03	1     	2     	4     	8     	16    	32    	63    	119   	208   	370   	650   	1095  	1713  	2576  	3726  	5053  	6466  	7781  	8867  	9485  	9464  	9033  	8007  	6720  	5325  	4087  	3001  	2122  	1422  	920   	577   	362   	245   	162   	116   	84    	60    	30    	16    	6     	4     	1     	1     	nan   	nan   
100000   	3    	4.591200e-03	1     	2     	4     	8     	16    	31    	61    	120   	218   	391   	660   	1060  	1635  	2322  	3182  	4115  	5152  	6069  	6937  	7692  	8065  	8008  	7737  	7064  	6454  	5480  	4579  	3697  	2809  	2108  	1495  	1053  	698   	436   	267   	157   	87    	54    	38    	20    	10    	2     	3     	2     	1     

