Criação das árvores ordenadas:
n_persons	index	time        
100000   	0    	5.206700e-02
100000   	1    	6.678800e-02
100000   	2    	5.580500e-02
100000   	3    	4.905970e-02

Procura de nós nas árvores:
n_persons	index	time        
100000   	0    	5.228980e-02
100000   	1    	6.229670e-02
100000   	2    	5.772300e-02
100000   	3    	4.779490e-02

Maior profundidade das árvores:
n_persons	index	time        	depth
100000   	0    	4.445600e-03	37   
100000   	1    	5.773800e-03	42   
100000   	2    	4.907300e-03	43   
100000   	3    	5.025700e-03	37   

Número de nós em cada nível:
n_persons	index	time        	lvl0  	lvl1  	lvl2  	lvl3  	lvl4  	lvl5  	lvl6  	lvl7  	lvl8  	lvl9  	lvl10 	lvl11 	lvl12 	lvl13 	lvl14 	lvl15 	lvl16 	lvl17 	lvl18 	lvl19 	lvl20 	lvl21 	lvl22 	lvl23 	lvl24 	lvl25 	lvl26 	lvl27 	lvl28 	lvl29 	lvl30 	lvl31 	lvl32 	lvl33 	lvl34 	lvl35 	lvl36 	lvl37 	lvl38 	lvl39 	lvl40 	lvl41 	lvl42 	lvl43 
100000   	0    	3.974500e-03	1     	2     	4     	8     	16    	32    	62    	120   	228   	420   	725   	1177  	1807  	2647  	3664  	4785  	6032  	7311  	8350  	9078  	9351  	8917  	7931  	6917  	5600  	4483  	3384  	2452  	1712  	1116  	726   	459   	265   	136   	55    	16    	7     	4     	nan   	nan   	nan   	nan   	nan   	nan   
100000   	1    	3.792000e-03	1     	2     	4     	8     	16    	32    	64    	124   	233   	402   	664   	1027  	1412  	1884  	2449  	3101  	3764  	4455  	5194  	5908  	6714  	7249  	7550  	7529  	7270  	6697  	5885  	4980  	4078  	3218  	2415  	1803  	1332  	923   	631   	400   	263   	161   	83    	47    	19    	7     	2     	nan   
100000   	2    	4.371700e-03	1     	2     	4     	8     	16    	32    	62    	118   	225   	411   	697   	1100  	1693  	2548  	3607  	4828  	6135  	7302  	8132  	8704  	8765  	8366  	7669  	6658  	5649  	4533  	3635  	2747  	2059  	1510  	1066  	699   	439   	258   	147   	79    	43    	25    	13    	7     	4     	2     	1     	1     
100000   	3    	4.525600e-03	1     	2     	4     	8     	16    	32    	61    	118   	221   	417   	753   	1295  	2088  	3168  	4511  	5955  	7422  	8738  	9476  	9649  	9352  	8470  	7429  	6113  	4825  	3522  	2503  	1572  	943   	588   	315   	196   	107   	72    	35    	17    	5     	1     	nan   	nan   	nan   	nan   	nan   	nan   

