Criação das árvores ordenadas:
n_persons	index	time        
100000   	0    	5.176300e-02
100000   	1    	6.295180e-02
100000   	2    	5.481560e-02
100000   	3    	4.661780e-02

Procura de nós nas árvores:
n_persons	index	time        
100000   	0    	5.519580e-02
100000   	1    	7.065460e-02
100000   	2    	5.715010e-02
100000   	3    	4.898750e-02

Maior profundidade das árvores:
n_persons	index	time        	depth
100000   	0    	4.395700e-03	40   
100000   	1    	4.173400e-03	39   
100000   	2    	4.933700e-03	42   
100000   	3    	5.040800e-03	43   

Número de nós em cada nível:
n_persons	index	time        	lvl0  	lvl1  	lvl2  	lvl3  	lvl4  	lvl5  	lvl6  	lvl7  	lvl8  	lvl9  	lvl10 	lvl11 	lvl12 	lvl13 	lvl14 	lvl15 	lvl16 	lvl17 	lvl18 	lvl19 	lvl20 	lvl21 	lvl22 	lvl23 	lvl24 	lvl25 	lvl26 	lvl27 	lvl28 	lvl29 	lvl30 	lvl31 	lvl32 	lvl33 	lvl34 	lvl35 	lvl36 	lvl37 	lvl38 	lvl39 	lvl40 	lvl41 	lvl42 	lvl43 
100000   	0    	4.774700e-03	1     	2     	4     	8     	16    	31    	62    	121   	232   	427   	738   	1193  	1838  	2639  	3653  	4718  	5788  	6784  	7571  	7893  	7942  	7641  	7299  	6616  	5910  	5098  	4209  	3351  	2529  	1911  	1379  	929   	572   	377   	221   	133   	82    	46    	22    	10    	4     	nan   	nan   	nan   
100000   	1    	4.855400e-03	1     	2     	4     	8     	16    	32    	63    	121   	229   	394   	641   	1015  	1551  	2297  	3231  	4306  	5400  	6498  	7537  	8430  	8782  	8766  	8304  	7453  	6355  	5173  	4025  	3008  	2146  	1539  	1049  	670   	415   	256   	156   	73    	32    	15    	6     	1     	nan   	nan   	nan   	nan   
100000   	2    	5.827300e-03	1     	2     	4     	8     	16    	32    	63    	119   	212   	366   	588   	923   	1374  	1963  	2693  	3450  	4212  	4986  	5474  	6048  	6456  	6717  	6940  	6923  	6750  	6389  	5800  	5080  	4288  	3486  	2710  	2046  	1474  	979   	618   	371   	195   	115   	67    	32    	18    	9     	3     	nan   
100000   	3    	6.298000e-03	1     	2     	4     	8     	16    	32    	64    	120   	229   	431   	777   	1299  	2062  	3068  	4228  	5403  	6532  	7478  	8236  	8629  	8626  	8301  	7659  	6591  	5391  	4256  	3240  	2393  	1726  	1214  	784   	474   	304   	159   	94    	60    	37    	26    	15    	13    	8     	5     	2     	3     

