Criação das árvores ordenadas:
n_persons	index	time        
100000   	0    	6.293650e-02
100000   	1    	9.408680e-02
100000   	2    	5.791600e-02
100000   	3    	5.446300e-02

Procura de nós nas árvores:
n_persons	index	time        
100000   	0    	7.377220e-02
100000   	1    	8.957210e-02
100000   	2    	6.563390e-02
100000   	3    	7.361980e-02

Maior profundidade das árvores:
n_persons	index	time        	depth
100000   	0    	5.607800e-03	39   
100000   	1    	5.830300e-03	44   
100000   	2    	7.261100e-03	43   
100000   	3    	5.902200e-03	39   

Número de nós em cada nível:
n_persons	index	time        	lvl0  	lvl1  	lvl2  	lvl3  	lvl4  	lvl5  	lvl6  	lvl7  	lvl8  	lvl9  	lvl10 	lvl11 	lvl12 	lvl13 	lvl14 	lvl15 	lvl16 	lvl17 	lvl18 	lvl19 	lvl20 	lvl21 	lvl22 	lvl23 	lvl24 	lvl25 	lvl26 	lvl27 	lvl28 	lvl29 	lvl30 	lvl31 	lvl32 	lvl33 	lvl34 	lvl35 	lvl36 	lvl37 	lvl38 	lvl39 	lvl40 	lvl41 	lvl42 	lvl43 	lvl44 
100000   	0    	5.572700e-03	1     	2     	4     	8     	16    	32    	62    	112   	207   	366   	618   	989   	1537  	2298  	3297  	4460  	5593  	6679  	7690  	8419  	8535  	8439  	7801  	6830  	5832  	4761  	3796  	3079  	2431  	1926  	1406  	999   	662   	458   	294   	171   	108   	56    	21    	5     	nan   	nan   	nan   	nan   	nan   
100000   	1    	1.082610e-02	1     	2     	4     	8     	16    	32    	64    	126   	235   	433   	739   	1202  	1831  	2688  	3682  	4819  	5924  	6897  	7543  	7826  	7696  	7382  	6790  	6088  	5304  	4732  	4054  	3411  	2791  	2218  	1677  	1227  	852   	622   	423   	291   	179   	91    	42    	24    	18    	8     	5     	2     	1     
100000   	2    	4.949700e-03	1     	2     	4     	8     	16    	32    	64    	122   	234   	421   	732   	1180  	1875  	2779  	3843  	5017  	6087  	7079  	7842  	8251  	8295  	8101  	7524  	6692  	5694  	4746  	3801  	2988  	2214  	1599  	1028  	628   	410   	244   	169   	106   	64    	47    	22    	16    	11    	6     	4     	2     	nan   
100000   	3    	5.244300e-03	1     	2     	4     	8     	16    	32    	63    	124   	237   	438   	764   	1215  	1854  	2720  	3765  	4928  	6142  	7246  	8059  	8624  	8805  	8683  	8039  	7027  	5840  	4667  	3520  	2499  	1720  	1205  	743   	434   	244   	144   	81    	50    	34    	14    	5     	4     	nan   	nan   	nan   	nan   	nan   

