Criação das árvores ordenadas:
n_persons	index	time        
100000   	0    	5.979270e-02
100000   	1    	7.049390e-02
100000   	2    	6.426500e-02
100000   	3    	5.578680e-02

Procura de nós nas árvores:
n_persons	index	time        
100000   	0    	6.271470e-02
100000   	1    	7.404000e-02
100000   	2    	6.563250e-02
100000   	3    	6.054480e-02

Maior profundidade das árvores:
n_persons	index	time        	depth
100000   	0    	5.318400e-03	39   
100000   	1    	5.508400e-03	39   
100000   	2    	5.872900e-03	37   
100000   	3    	5.757900e-03	38   

Número de nós em cada nível:
n_persons	index	time        	lvl0  	lvl1  	lvl2  	lvl3  	lvl4  	lvl5  	lvl6  	lvl7  	lvl8  	lvl9  	lvl10 	lvl11 	lvl12 	lvl13 	lvl14 	lvl15 	lvl16 	lvl17 	lvl18 	lvl19 	lvl20 	lvl21 	lvl22 	lvl23 	lvl24 	lvl25 	lvl26 	lvl27 	lvl28 	lvl29 	lvl30 	lvl31 	lvl32 	lvl33 	lvl34 	lvl35 	lvl36 	lvl37 	lvl38 	lvl39 
100000   	0    	4.715600e-03	1     	2     	4     	8     	16    	32    	64    	125   	234   	432   	738   	1204  	1837  	2632  	3631  	4816  	5992  	7017  	7845  	8468  	8660  	8639  	8087  	7279  	6013  	4839  	3733  	2693  	1921  	1219  	800   	463   	243   	144   	85    	52    	18    	8     	5     	1     
100000   	1    	4.537200e-03	1     	2     	4     	8     	16    	32    	64    	126   	246   	451   	813   	1361  	2125  	3144  	4359  	5645  	6901  	8122  	8932  	9212  	8974  	8275  	7396  	6359  	5090  	4001  	2943  	2091  	1373  	857   	528   	276   	139   	67    	37    	17    	8     	3     	1     	1     
100000   	2    	4.955500e-03	1     	2     	4     	8     	16    	32    	64    	124   	239   	433   	757   	1244  	1950  	2900  	4071  	5399  	6762  	7869  	8748  	9246  	9190  	8724  	7773  	6487  	5354  	4123  	3042  	2075  	1377  	858   	523   	292   	165   	82    	37    	20    	7     	2     	nan   	nan   
100000   	3    	4.944000e-03	1     	2     	4     	8     	16    	31    	61    	119   	220   	389   	679   	1144  	1885  	2774  	3955  	5217  	6431  	7634  	8432  	9048  	9065  	8811  	8091  	6858  	5539  	4301  	3133  	2315  	1517  	947   	567   	317   	202   	123   	82    	54    	19    	7     	2     	nan   

