Criação das árvores ordenadas:
n_persons	index	time        
100000   	0    	5.269750e-02
100000   	1    	7.224270e-02
100000   	2    	5.602650e-02
100000   	3    	4.760830e-02

Procura de nós nas árvores:
n_persons	index	time        
100000   	0    	8.366580e-02
100000   	1    	9.175740e-02
100000   	2    	5.972260e-02
100000   	3    	5.089900e-02

Maior profundidade das árvores:
n_persons	index	time        	depth
100000   	0    	4.737900e-03	38   
100000   	1    	4.980400e-03	43   
100000   	2    	4.958100e-03	40   
100000   	3    	5.063600e-03	40   

Número de nós em cada nível:
n_persons	index	time        	lvl0  	lvl1  	lvl2  	lvl3  	lvl4  	lvl5  	lvl6  	lvl7  	lvl8  	lvl9  	lvl10 	lvl11 	lvl12 	lvl13 	lvl14 	lvl15 	lvl16 	lvl17 	lvl18 	lvl19 	lvl20 	lvl21 	lvl22 	lvl23 	lvl24 	lvl25 	lvl26 	lvl27 	lvl28 	lvl29 	lvl30 	lvl31 	lvl32 	lvl33 	lvl34 	lvl35 	lvl36 	lvl37 	lvl38 	lvl39 	lvl40 	lvl41 	lvl42 	lvl43 
100000   	0    	4.163000e-03	1     	2     	4     	8     	16    	32    	64    	121   	226   	416   	717   	1175  	1871  	2829  	3991  	5384  	6907  	8336  	9309  	9692  	9454  	8678  	7476  	6314  	4967  	3851  	2879  	2061  	1382  	849   	491   	280   	132   	52    	21    	6     	4     	1     	1     	nan   	nan   	nan   	nan   	nan   
100000   	1    	4.376500e-03	1     	2     	4     	8     	16    	32    	62    	120   	220   	387   	658   	1037  	1592  	2232  	3031  	3893  	4902  	5918  	6869  	7723  	8121  	8140  	7821  	7332  	6494  	5571  	4530  	3611  	2872  	2129  	1553  	1136  	730   	500   	311   	182   	103   	66    	41    	22    	18    	7     	2     	1     
100000   	2    	5.430700e-03	1     	2     	4     	8     	16    	32    	63    	119   	221   	394   	695   	1148  	1833  	2780  	3933  	5357  	6741  	7830  	8628  	9188  	9306  	8879  	8087  	6841  	5418  	4107  	2912  	1948  	1335  	883   	567   	346   	197   	95    	42    	22    	13    	6     	1     	1     	1     	nan   	nan   	nan   
100000   	3    	4.559900e-03	1     	2     	4     	8     	16    	32    	64    	128   	240   	435   	717   	1140  	1719  	2528  	3469  	4608  	5868  	7008  	7870  	8432  	8568  	8412  	7657  	6731  	5727  	4695  	3737  	2889  	2156  	1603  	1176  	856   	615   	407   	260   	136   	56    	20    	6     	3     	1     	nan   	nan   	nan   

