Criação das árvores ordenadas:
n_persons	index	time        
100000   	0    	6.568110e-02
100000   	1    	6.271030e-02
100000   	2    	5.590750e-02
100000   	3    	4.931150e-02

Procura de nós nas árvores:
n_persons	index	time        
100000   	0    	6.160930e-02
100000   	1    	5.984850e-02
100000   	2    	5.778990e-02
100000   	3    	4.800400e-02

Maior profundidade das árvores:
n_persons	index	time        	depth
100000   	0    	4.401000e-03	40   
100000   	1    	4.202300e-03	39   
100000   	2    	4.709600e-03	39   
100000   	3    	4.794900e-03	45   

Número de nós em cada nível:
n_persons	index	time        	lvl0  	lvl1  	lvl2  	lvl3  	lvl4  	lvl5  	lvl6  	lvl7  	lvl8  	lvl9  	lvl10 	lvl11 	lvl12 	lvl13 	lvl14 	lvl15 	lvl16 	lvl17 	lvl18 	lvl19 	lvl20 	lvl21 	lvl22 	lvl23 	lvl24 	lvl25 	lvl26 	lvl27 	lvl28 	lvl29 	lvl30 	lvl31 	lvl32 	lvl33 	lvl34 	lvl35 	lvl36 	lvl37 	lvl38 	lvl39 	lvl40 	lvl41 	lvl42 	lvl43 	lvl44 	lvl45 
100000   	0    	4.080300e-03	1     	2     	4     	8     	16    	32    	62    	122   	232   	418   	726   	1168  	1815  	2571  	3508  	4602  	5694  	6665  	7542  	8294  	8554  	8364  	7792  	7053  	6031  	5048  	4001  	3138  	2269  	1600  	1033  	663   	411   	249   	141   	78    	44    	27    	14    	6     	2     	nan   	nan   	nan   	nan   	nan   
100000   	1    	3.688700e-03	1     	2     	4     	8     	16    	32    	64    	125   	226   	412   	747   	1282  	2022  	3004  	4287  	5642  	7025  	8269  	9129  	9426  	9217  	8591  	7572  	6427  	5116  	3791  	2712  	1938  	1252  	750   	445   	228   	106   	50    	38    	23    	11    	6     	2     	2     	nan   	nan   	nan   	nan   	nan   	nan   
100000   	2    	4.181000e-03	1     	2     	4     	8     	16    	32    	64    	125   	232   	399   	643   	971   	1461  	2103  	2943  	3925  	4963  	6082  	7028  	7693  	8054  	8155  	7989  	7417  	6880  	5984  	4934  	3846  	2797  	1943  	1260  	842   	534   	320   	183   	100   	41    	15    	10    	1     	nan   	nan   	nan   	nan   	nan   	nan   
100000   	3    	4.247500e-03	1     	2     	4     	8     	16    	32    	64    	127   	246   	451   	774   	1246  	1911  	2776  	3730  	4734  	5826  	6772  	7485  	7863  	8100  	7936  	7469  	6775  	5764  	4814  	3826  	3029  	2282  	1683  	1219  	892   	660   	450   	319   	230   	165   	108   	74    	43    	30    	18    	16    	18    	9     	3     

