Criação das árvores ordenadas:
n_persons	index	time        
100000   	0    	5.230980e-02
100000   	1    	6.288690e-02
100000   	2    	5.462650e-02
100000   	3    	4.644870e-02

Procura de nós nas árvores:
n_persons	index	time        
100000   	0    	5.311930e-02
100000   	1    	6.469760e-02
100000   	2    	5.669380e-02
100000   	3    	4.876270e-02

Maior profundidade das árvores:
n_persons	index	time        	depth
100000   	0    	5.165600e-03	44   
100000   	1    	4.614900e-03	40   
100000   	2    	5.158500e-03	43   
100000   	3    	5.325500e-03	42   

Número de nós em cada nível:
n_persons	index	time        	lvl0  	lvl1  	lvl2  	lvl3  	lvl4  	lvl5  	lvl6  	lvl7  	lvl8  	lvl9  	lvl10 	lvl11 	lvl12 	lvl13 	lvl14 	lvl15 	lvl16 	lvl17 	lvl18 	lvl19 	lvl20 	lvl21 	lvl22 	lvl23 	lvl24 	lvl25 	lvl26 	lvl27 	lvl28 	lvl29 	lvl30 	lvl31 	lvl32 	lvl33 	lvl34 	lvl35 	lvl36 	lvl37 	lvl38 	lvl39 	lvl40 	lvl41 	lvl42 	lvl43 	lvl44 
100000   	0    	4.667900e-03	1     	2     	4     	8     	16    	32    	64    	126   	247   	451   	800   	1329  	2064  	2980  	4056  	5198  	6306  	7078  	7386  	7470  	7294  	6844  	6231  	5545  	4863  	4310  	3863  	3370  	2933  	2518  	2079  	1613  	1159  	766   	496   	268   	124   	59    	20    	13    	6     	4     	2     	1     	1     
100000   	1    	4.345300e-03	1     	2     	4     	8     	16    	32    	63    	120   	227   	414   	708   	1173  	1809  	2613  	3524  	4576  	5540  	6423  	7114  	7509  	7896  	7780  	7560  	7161  	6492  	5491  	4578  	3479  	2610  	1871  	1299  	838   	491   	278   	151   	77    	39    	21    	9     	2     	1     	nan   	nan   	nan   	nan   
100000   	2    	4.820700e-03	1     	2     	4     	8     	16    	32    	64    	122   	220   	395   	673   	1102  	1697  	2429  	3349  	4377  	5314  	6014  	6664  	7169  	7367  	7399  	7227  	6860  	6152  	5381  	4626  	3836  	3093  	2395  	1831  	1317  	948   	648   	420   	270   	201   	142   	100   	63    	39    	22    	8     	3     	nan   
100000   	3    	5.014900e-03	1     	2     	4     	8     	16    	32    	64    	125   	235   	426   	731   	1213  	1904  	2800  	3872  	5085  	6315  	7438  	8297  	8869  	8856  	8697  	8040  	7066  	5879  	4532  	3165  	2203  	1524  	987   	621   	370   	237   	136   	87    	64    	38    	27    	20    	8     	3     	2     	1     	nan   	nan   

