Criação das árvores ordenadas:
n_persons	index	time        
100000   	0    	5.421710e-02
100000   	1    	7.028130e-02
100000   	2    	6.196980e-02
100000   	3    	6.278280e-02

Procura de nós nas árvores:
n_persons	index	time        
100000   	0    	6.178490e-02
100000   	1    	6.104350e-02
100000   	2    	5.818840e-02
100000   	3    	5.094170e-02

Maior profundidade das árvores:
n_persons	index	time        	depth
100000   	0    	4.674800e-03	42   
100000   	1    	4.451800e-03	44   
100000   	2    	4.959500e-03	39   
100000   	3    	5.533900e-03	38   

Número de nós em cada nível:
n_persons	index	time        	lvl0  	lvl1  	lvl2  	lvl3  	lvl4  	lvl5  	lvl6  	lvl7  	lvl8  	lvl9  	lvl10 	lvl11 	lvl12 	lvl13 	lvl14 	lvl15 	lvl16 	lvl17 	lvl18 	lvl19 	lvl20 	lvl21 	lvl22 	lvl23 	lvl24 	lvl25 	lvl26 	lvl27 	lvl28 	lvl29 	lvl30 	lvl31 	lvl32 	lvl33 	lvl34 	lvl35 	lvl36 	lvl37 	lvl38 	lvl39 	lvl40 	lvl41 	lvl42 	lvl43 	lvl44 
100000   	0    	3.961800e-03	1     	2     	4     	8     	16    	32    	64    	119   	208   	366   	646   	1071  	1680  	2447  	3385  	4442  	5490  	6430  	7343  	7922  	8273  	8317  	7969  	7203  	6168  	5175  	4034  	3201  	2393  	1814  	1325  	932   	619   	399   	238   	138   	68    	29    	14    	10    	2     	2     	1     	nan   	nan   
100000   	1    	4.445500e-03	1     	2     	4     	8     	16    	32    	63    	124   	239   	424   	722   	1185  	1849  	2742  	3840  	5044  	6218  	7171  	7796  	8047  	7949  	7603  	6997  	6135  	5234  	4338  	3613  	3002  	2445  	1950  	1458  	1081  	790   	615   	432   	311   	194   	130   	87    	58    	31    	12    	5     	2     	1     
100000   	2    	5.646700e-03	1     	2     	4     	8     	16    	32    	64    	124   	241   	454   	794   	1333  	2102  	3112  	4351  	5730  	7129  	8293  	9209  	9544  	9287  	8568  	7473  	6164  	4938  	3737  	2662  	1818  	1190  	761   	442   	222   	100   	55    	24    	5     	4     	3     	3     	1     	nan   	nan   	nan   	nan   	nan   
100000   	3    	4.659400e-03	1     	2     	4     	8     	16    	32    	64    	127   	239   	443   	768   	1263  	1996  	2981  	4136  	5452  	6740  	7968  	8687  	8986  	9075  	8417  	7645  	6575  	5435  	4200  	3024  	2095  	1357  	894   	569   	356   	188   	124   	65    	40    	19    	7     	2     	nan   	nan   	nan   	nan   	nan   	nan   

