Criação das árvores ordenadas:
n_persons	index	time        
100000   	0    	5.043210e-02
100000   	1    	6.300990e-02
100000   	2    	5.508380e-02
100000   	3    	4.983000e-02

Procura de nós nas árvores:
n_persons	index	time        
100000   	0    	5.428170e-02
100000   	1    	6.807110e-02
100000   	2    	5.687520e-02
100000   	3    	5.382760e-02

Maior profundidade das árvores:
n_persons	index	time        	depth
100000   	0    	4.294600e-03	40   
100000   	1    	4.887500e-03	38   
100000   	2    	5.094200e-03	37   
100000   	3    	4.834700e-03	41   

Número de nós em cada nível:
n_persons	index	time        	lvl0  	lvl1  	lvl2  	lvl3  	lvl4  	lvl5  	lvl6  	lvl7  	lvl8  	lvl9  	lvl10 	lvl11 	lvl12 	lvl13 	lvl14 	lvl15 	lvl16 	lvl17 	lvl18 	lvl19 	lvl20 	lvl21 	lvl22 	lvl23 	lvl24 	lvl25 	lvl26 	lvl27 	lvl28 	lvl29 	lvl30 	lvl31 	lvl32 	lvl33 	lvl34 	lvl35 	lvl36 	lvl37 	lvl38 	lvl39 	lvl40 	lvl41 
100000   	0    	3.813600e-03	1     	2     	4     	8     	16    	32    	64    	125   	236   	435   	775   	1270  	1962  	2904  	3966  	5204  	6376  	7274  	8084  	8543  	8588  	8123  	7398  	6252  	5371  	4415  	3588  	2775  	2054  	1441  	1001  	637   	426   	277   	176   	94    	49    	29    	14    	6     	5     	nan   
100000   	1    	4.078000e-03	1     	2     	4     	8     	16    	32    	64    	126   	224   	391   	665   	1080  	1678  	2426  	3300  	4338  	5492  	6602  	7574  	8296  	8732  	8794  	8326  	7456  	6235  	5035  	3941  	2900  	2114  	1511  	1004  	650   	443   	269   	153   	69    	37    	11    	1     	nan   	nan   	nan   
100000   	2    	4.355200e-03	1     	2     	4     	8     	16    	32    	63    	115   	216   	393   	686   	1132  	1795  	2648  	3709  	5040  	6348  	7643  	8815  	9613  	9676  	9139  	8181  	7015  	5539  	4115  	2961  	1955  	1292  	822   	482   	260   	140   	74    	45    	19    	5     	1     	nan   	nan   	nan   	nan   
100000   	3    	4.373700e-03	1     	2     	4     	8     	16    	32    	64    	125   	231   	420   	709   	1103  	1591  	2196  	2960  	3833  	4735  	5685  	6601  	7269  	7646  	7680  	7506  	7026  	6484  	5716  	4949  	4143  	3302  	2526  	1891  	1308  	863   	571   	351   	207   	123   	72    	35    	10    	5     	1     

