Criação das árvores ordenadas:
n_persons	index	time        
100000   	0    	5.261910e-02
100000   	1    	6.133300e-02
100000   	2    	5.426240e-02
100000   	3    	4.575870e-02

Procura de nós nas árvores:
n_persons	index	time        
100000   	0    	5.517450e-02
100000   	1    	6.736450e-02
100000   	2    	5.836140e-02
100000   	3    	5.047990e-02

Maior profundidade das árvores:
n_persons	index	time        	depth
100000   	0    	4.370800e-03	39   
100000   	1    	4.540700e-03	40   
100000   	2    	4.936900e-03	38   
100000   	3    	4.997900e-03	38   

Número de nós em cada nível:
n_persons	index	time        	lvl0  	lvl1  	lvl2  	lvl3  	lvl4  	lvl5  	lvl6  	lvl7  	lvl8  	lvl9  	lvl10 	lvl11 	lvl12 	lvl13 	lvl14 	lvl15 	lvl16 	lvl17 	lvl18 	lvl19 	lvl20 	lvl21 	lvl22 	lvl23 	lvl24 	lvl25 	lvl26 	lvl27 	lvl28 	lvl29 	lvl30 	lvl31 	lvl32 	lvl33 	lvl34 	lvl35 	lvl36 	lvl37 	lvl38 	lvl39 	lvl40 
100000   	0    	3.811900e-03	1     	2     	4     	8     	16    	32    	64    	127   	235   	436   	767   	1285  	2039  	3096  	4324  	5678  	6975  	8020  	8689  	9061  	8922  	8431  	7510  	6272  	5076  	3849  	2834  	2009  	1387  	1031  	678   	455   	272   	187   	115   	68    	32    	8     	4     	1     	nan   
100000   	1    	3.859000e-03	1     	2     	4     	8     	16    	32    	62    	114   	211   	388   	651   	1056  	1649  	2435  	3418  	4591  	5809  	7121  	8246  	8907  	9094  	8956  	8432  	7291  	5925  	4757  	3673  	2582  	1762  	1151  	722   	428   	220   	114   	74    	45    	32    	14    	4     	2     	1     
100000   	2    	4.588400e-03	1     	2     	4     	8     	16    	32    	63    	126   	223   	381   	599   	963   	1504  	2221  	3192  	4345  	5607  	6794  	7748  	8409  	8689  	8634  	8190  	7557  	6493  	5216  	4116  	3071  	2175  	1462  	943   	569   	327   	186   	74    	41    	13    	5     	1     	nan   	nan   
100000   	3    	4.478100e-03	1     	2     	4     	8     	16    	32    	63    	126   	235   	438   	760   	1273  	1974  	2915  	4085  	5440  	6761  	7993  	8873  	9317  	9262  	8685  	7716  	6670  	5377  	4059  	2901  	1991  	1339  	798   	430   	229   	102   	60    	32    	18    	9     	4     	2     	nan   	nan   

