Criação das árvores ordenadas:
n_persons	index	time        
100000   	0    	5.164250e-02
100000   	1    	6.236400e-02
100000   	2    	5.435180e-02
100000   	3    	4.713920e-02

Procura de nós nas árvores:
n_persons	index	time        
100000   	0    	5.275520e-02
100000   	1    	6.066090e-02
100000   	2    	5.542650e-02
100000   	3    	4.788590e-02

Maior profundidade das árvores:
n_persons	index	time        	depth
100000   	0    	4.521000e-03	42   
100000   	1    	4.298200e-03	38   
100000   	2    	5.494100e-03	37   
100000   	3    	5.225900e-03	42   

Número de nós em cada nível:
n_persons	index	time        	lvl0  	lvl1  	lvl2  	lvl3  	lvl4  	lvl5  	lvl6  	lvl7  	lvl8  	lvl9  	lvl10 	lvl11 	lvl12 	lvl13 	lvl14 	lvl15 	lvl16 	lvl17 	lvl18 	lvl19 	lvl20 	lvl21 	lvl22 	lvl23 	lvl24 	lvl25 	lvl26 	lvl27 	lvl28 	lvl29 	lvl30 	lvl31 	lvl32 	lvl33 	lvl34 	lvl35 	lvl36 	lvl37 	lvl38 	lvl39 	lvl40 	lvl41 	lvl42 
100000   	0    	3.867800e-03	1     	2     	4     	8     	16    	32    	64    	128   	248   	467   	832   	1382  	2187  	3159  	4328  	5606  	6753  	7669  	8127  	8212  	7852  	7212  	6523  	5758  	5031  	4318  	3673  	2921  	2265  	1688  	1199  	849   	562   	379   	199   	129   	88    	56    	35    	22    	12    	3     	1     
100000   	1    	4.027700e-03	1     	2     	4     	8     	16    	32    	60    	113   	202   	342   	586   	951   	1475  	2166  	3067  	4136  	5266  	6370  	7469  	8306  	8784  	8808  	8627  	7737  	6675  	5388  	4153  	3050  	2170  	1450  	980   	634   	403   	254   	158   	85    	49    	17    	6     	nan   	nan   	nan   	nan   
100000   	2    	4.385500e-03	1     	2     	4     	8     	16    	32    	64    	126   	236   	409   	681   	1102  	1723  	2571  	3621  	4919  	6218  	7401  	8371  	9032  	9166  	8903  	8206  	7088  	5899  	4639  	3401  	2390  	1548  	977   	556   	332   	186   	88    	49    	23    	9     	3     	nan   	nan   	nan   	nan   	nan   
100000   	3    	4.599900e-03	1     	2     	4     	8     	16    	32    	64    	125   	233   	411   	686   	1116  	1743  	2580  	3621  	4812  	6223  	7317  	8345  	8969  	8866  	8249  	7449  	6493  	5616  	4558  	3673  	2789  	2046  	1401  	957   	598   	374   	241   	160   	104   	57    	33    	15    	8     	2     	1     	2     

