Criação das árvores ordenadas:
n_persons	index	time        
100000   	0    	5.495170e-02
100000   	1    	7.056840e-02
100000   	2    	5.513520e-02
100000   	3    	4.768450e-02

Procura de nós nas árvores:
n_persons	index	time        
100000   	0    	6.400950e-02
100000   	1    	6.700240e-02
100000   	2    	5.618180e-02
100000   	3    	5.347870e-02

Maior profundidade das árvores:
n_persons	index	time        	depth
100000   	0    	5.117600e-03	42   
100000   	1    	4.821000e-03	37   
100000   	2    	4.941600e-03	40   
100000   	3    	4.967300e-03	37   

Número de nós em cada nível:
n_persons	index	time        	lvl0  	lvl1  	lvl2  	lvl3  	lvl4  	lvl5  	lvl6  	lvl7  	lvl8  	lvl9  	lvl10 	lvl11 	lvl12 	lvl13 	lvl14 	lvl15 	lvl16 	lvl17 	lvl18 	lvl19 	lvl20 	lvl21 	lvl22 	lvl23 	lvl24 	lvl25 	lvl26 	lvl27 	lvl28 	lvl29 	lvl30 	lvl31 	lvl32 	lvl33 	lvl34 	lvl35 	lvl36 	lvl37 	lvl38 	lvl39 	lvl40 	lvl41 	lvl42 
100000   	0    	4.267200e-03	1     	2     	4     	8     	16    	32    	64    	128   	242   	434   	734   	1203  	1870  	2698  	3582  	4511  	5520  	6303  	6988  	7299  	7447  	7331  	7012  	6568  	6005  	5401  	4602  	3890  	3094  	2326  	1602  	1135  	742   	471   	304   	184   	105   	60    	44    	21    	10    	6     	1     
100000   	1    	4.508900e-03	1     	2     	4     	8     	16    	32    	63    	125   	240   	447   	781   	1289  	2023  	2946  	3983  	5042  	6099  	7061  	7876  	8345  	8471  	8263  	7704  	6803  	5706  	4578  	3667  	2692  	1985  	1420  	965   	596   	353   	212   	112   	58    	24    	8     	nan   	nan   	nan   	nan   	nan   
100000   	2    	4.554600e-03	1     	2     	4     	8     	16    	32    	63    	117   	202   	339   	542   	833   	1319  	1968  	2794  	3782  	5031  	6194  	7172  	8059  	8520  	8667  	8500  	7736  	6756  	5636  	4566  	3463  	2639  	1822  	1244  	787   	491   	300   	174   	101   	57    	43    	14    	4     	2     	nan   	nan   
100000   	3    	4.591900e-03	1     	2     	4     	8     	16    	32    	64    	127   	246   	449   	772   	1306  	2027  	2956  	4131  	5339  	6644  	7801  	8662  	9144  	8977  	8310  	7528  	6472  	5327  	4176  	3133  	2208  	1487  	971   	679   	447   	251   	167   	86    	38    	11    	1     	nan   	nan   	nan   	nan   	nan   

