Criação das árvores ordenadas:
n_persons	index	time        
100000   	0    	5.205550e-02
100000   	1    	6.155480e-02
100000   	2    	5.485280e-02
100000   	3    	4.644540e-02

Procura de nós nas árvores:
n_persons	index	time        
100000   	0    	5.545220e-02
100000   	1    	6.863210e-02
100000   	2    	5.864490e-02
100000   	3    	5.274000e-02

Maior profundidade das árvores:
n_persons	index	time        	depth
100000   	0    	4.660600e-03	37   
100000   	1    	4.548000e-03	38   
100000   	2    	4.973500e-03	38   
100000   	3    	5.210200e-03	39   

Número de nós em cada nível:
n_persons	index	time        	lvl0  	lvl1  	lvl2  	lvl3  	lvl4  	lvl5  	lvl6  	lvl7  	lvl8  	lvl9  	lvl10 	lvl11 	lvl12 	lvl13 	lvl14 	lvl15 	lvl16 	lvl17 	lvl18 	lvl19 	lvl20 	lvl21 	lvl22 	lvl23 	lvl24 	lvl25 	lvl26 	lvl27 	lvl28 	lvl29 	lvl30 	lvl31 	lvl32 	lvl33 	lvl34 	lvl35 	lvl36 	lvl37 	lvl38 	lvl39 
100000   	0    	4.313900e-03	1     	2     	4     	8     	16    	32    	64    	124   	233   	431   	761   	1237  	1984  	2953  	4173  	5523  	6805  	8128  	8999  	9506  	9275  	8625  	7752  	6450  	5077  	3865  	2883  	1945  	1246  	784   	499   	288   	178   	85    	33    	17    	11    	3     	nan   	nan   
100000   	1    	4.733800e-03	1     	2     	4     	8     	16    	31    	61    	115   	214   	381   	648   	1074  	1731  	2592  	3638  	4852  	6063  	7151  	8031  	8533  	8518  	8227  	7505  	6621  	5850  	4887  	3918  	2939  	2178  	1519  	1103  	676   	386   	253   	145   	72    	35    	17    	5     	nan   
100000   	2    	4.718800e-03	1     	2     	4     	8     	16    	31    	61    	113   	215   	385   	670   	1122  	1794  	2710  	3788  	4871  	5959  	6861  	7596  	7961  	8247  	8093  	7621  	6983  	6187  	5123  	4041  	3157  	2331  	1626  	1058  	639   	346   	190   	105   	49    	29    	6     	1     	nan   
100000   	3    	4.823600e-03	1     	2     	4     	8     	16    	32    	64    	122   	230   	424   	728   	1149  	1788  	2602  	3538  	4741  	6010  	7083  	7966  	8409  	8346  	7986  	7344  	6557  	5685  	4787  	3895  	3081  	2352  	1742  	1264  	848   	535   	334   	168   	86    	42    	20    	9     	2     

