Criação das árvores ordenadas:
n_persons	index	time        
100000   	0    	5.169220e-02
100000   	1    	6.906990e-02
100000   	2    	5.591980e-02
100000   	3    	4.727090e-02

Procura de nós nas árvores:
n_persons	index	time        
100000   	0    	5.331240e-02
100000   	1    	6.224120e-02
100000   	2    	5.692660e-02
100000   	3    	5.766180e-02

Maior profundidade das árvores:
n_persons	index	time        	depth
100000   	0    	4.485700e-03	40   
100000   	1    	4.621000e-03	38   
100000   	2    	4.841300e-03	44   
100000   	3    	5.114700e-03	41   

Número de nós em cada nível:
n_persons	index	time        	lvl0  	lvl1  	lvl2  	lvl3  	lvl4  	lvl5  	lvl6  	lvl7  	lvl8  	lvl9  	lvl10 	lvl11 	lvl12 	lvl13 	lvl14 	lvl15 	lvl16 	lvl17 	lvl18 	lvl19 	lvl20 	lvl21 	lvl22 	lvl23 	lvl24 	lvl25 	lvl26 	lvl27 	lvl28 	lvl29 	lvl30 	lvl31 	lvl32 	lvl33 	lvl34 	lvl35 	lvl36 	lvl37 	lvl38 	lvl39 	lvl40 	lvl41 	lvl42 	lvl43 	lvl44 
100000   	0    	3.927900e-03	1     	2     	4     	8     	16    	30    	59    	113   	215   	384   	659   	1071  	1658  	2399  	3291  	4248  	5364  	6398  	7266  	8034  	8465  	8462  	8236  	7582  	6675  	5558  	4396  	3297  	2276  	1491  	946   	608   	380   	206   	105   	45    	29    	12    	6     	4     	1     	nan   	nan   	nan   	nan   
100000   	1    	4.181400e-03	1     	2     	4     	8     	16    	31    	62    	124   	226   	414   	707   	1145  	1768  	2543  	3574  	4738  	6060  	7291  	8388  	9030  	9185  	8973  	8271  	7171  	5919  	4487  	3342  	2384  	1627  	1044  	649   	373   	225   	129   	57    	20    	8     	3     	1     	nan   	nan   	nan   	nan   	nan   	nan   
100000   	2    	4.441500e-03	1     	2     	4     	8     	16    	31    	60    	118   	218   	358   	555   	855   	1286  	1809  	2374  	2916  	3479  	4138  	4838  	5438  	5881  	6373  	6683  	6851  	6805  	6578  	6096  	5479  	4826  	4029  	3154  	2478  	1876  	1389  	989   	721   	476   	325   	206   	136   	73    	46    	17    	8     	1     
100000   	3    	4.470600e-03	1     	2     	4     	8     	16    	31    	61    	117   	213   	372   	630   	1023  	1586  	2342  	3255  	4267  	5301  	6299  	7069  	7659  	7979  	7968  	7631  	6925  	6190  	5372  	4383  	3609  	2866  	2203  	1577  	1109  	772   	494   	304   	187   	92    	48    	20    	11    	3     	1     	nan   	nan   	nan   

