Criação das árvores ordenadas:
n_persons	index	time        
100000   	0    	6.122400e-02
100000   	1    	7.256920e-02
100000   	2    	6.327170e-02
100000   	3    	4.667440e-02

Procura de nós nas árvores:
n_persons	index	time        
100000   	0    	5.933040e-02
100000   	1    	7.962170e-02
100000   	2    	5.882650e-02
100000   	3    	5.729230e-02

Maior profundidade das árvores:
n_persons	index	time        	depth
100000   	0    	4.649600e-03	38   
100000   	1    	4.543800e-03	39   
100000   	2    	4.975200e-03	39   
100000   	3    	5.138700e-03	36   

Número de nós em cada nível:
n_persons	index	time        	lvl0  	lvl1  	lvl2  	lvl3  	lvl4  	lvl5  	lvl6  	lvl7  	lvl8  	lvl9  	lvl10 	lvl11 	lvl12 	lvl13 	lvl14 	lvl15 	lvl16 	lvl17 	lvl18 	lvl19 	lvl20 	lvl21 	lvl22 	lvl23 	lvl24 	lvl25 	lvl26 	lvl27 	lvl28 	lvl29 	lvl30 	lvl31 	lvl32 	lvl33 	lvl34 	lvl35 	lvl36 	lvl37 	lvl38 	lvl39 
100000   	0    	4.113100e-03	1     	2     	4     	8     	16    	32    	64    	125   	238   	437   	788   	1337  	2163  	3276  	4655  	6157  	7584  	8829  	9548  	9480  	9147  	8239  	7236  	5949  	4581  	3363  	2354  	1598  	1099  	714   	450   	240   	147   	75    	35    	16    	9     	3     	1     	nan   
100000   	1    	4.185200e-03	1     	2     	4     	8     	16    	32    	62    	122   	223   	399   	675   	1106  	1680  	2448  	3392  	4371  	5558  	6706  	7777  	8549  	8860  	8887  	8372  	7524  	6301  	5001  	3874  	2764  	1920  	1297  	816   	505   	325   	214   	112   	56    	23    	13    	4     	1     
100000   	2    	4.778600e-03	1     	2     	4     	8     	16    	32    	62    	120   	227   	406   	700   	1177  	1872  	2757  	3821  	4953  	6080  	7074  	7902  	8478  	8585  	8322  	7805  	7008  	5998  	4877  	3774  	2761  	1925  	1237  	773   	468   	312   	193   	106   	66    	49    	35    	10    	4     
100000   	3    	5.155200e-03	1     	2     	4     	8     	16    	32    	64    	127   	244   	462   	837   	1438  	2314  	3429  	4708  	6179  	7528  	8670  	9431  	9706  	9386  	8579  	7375  	6027  	4657  	3314  	2240  	1366  	810   	487   	288   	138   	75    	37    	12    	6     	3     	nan   	nan   	nan   

