Criação das árvores ordenadas:
n_persons	index	time        
100000   	0    	5.048210e-02
100000   	1    	6.164620e-02
100000   	2    	5.684820e-02
100000   	3    	4.738560e-02

Procura de nós nas árvores:
n_persons	index	time        
100000   	0    	5.293670e-02
100000   	1    	6.262150e-02
100000   	2    	5.754930e-02
100000   	3    	5.050510e-02

Maior profundidade das árvores:
n_persons	index	time        	depth
100000   	0    	4.702700e-03	35   
100000   	1    	4.490800e-03	37   
100000   	2    	5.065200e-03	38   
100000   	3    	4.870600e-03	42   

Número de nós em cada nível:
n_persons	index	time        	lvl0  	lvl1  	lvl2  	lvl3  	lvl4  	lvl5  	lvl6  	lvl7  	lvl8  	lvl9  	lvl10 	lvl11 	lvl12 	lvl13 	lvl14 	lvl15 	lvl16 	lvl17 	lvl18 	lvl19 	lvl20 	lvl21 	lvl22 	lvl23 	lvl24 	lvl25 	lvl26 	lvl27 	lvl28 	lvl29 	lvl30 	lvl31 	lvl32 	lvl33 	lvl34 	lvl35 	lvl36 	lvl37 	lvl38 	lvl39 	lvl40 	lvl41 	lvl42 
100000   	0    	3.844300e-03	1     	2     	4     	8     	16    	32    	64    	118   	231   	437   	774   	1338  	2130  	3188  	4499  	5855  	7297  	8466  	9183  	9567  	9344  	8625  	7605  	6241  	4989  	3656  	2503  	1666  	1047  	577   	318   	131   	60    	19    	6     	3     	nan   	nan   	nan   	nan   	nan   	nan   	nan   
100000   	1    	3.939800e-03	1     	2     	4     	8     	16    	32    	64    	126   	246   	454   	804   	1365  	2051  	2974  	4042  	5142  	6265  	7233  	8061  	8367  	8426  	8174  	7429  	6661  	5784  	4736  	3650  	2762  	1968  	1333  	837   	497   	261   	137   	56    	21    	9     	2     	nan   	nan   	nan   	nan   	nan   
100000   	2    	4.622400e-03	1     	2     	4     	8     	15    	29    	53    	99    	172   	308   	501   	771   	1133  	1631  	2234  	3063  	4133  	5329  	6373  	7408  	8127  	8749  	8931  	8661  	7892  	6761  	5352  	4187  	3011  	2062  	1257  	787   	452   	244   	127   	72    	39    	16    	6     	nan   	nan   	nan   	nan   
100000   	3    	4.633200e-03	1     	2     	4     	8     	16    	32    	60    	112   	208   	370   	642   	1086  	1671  	2496  	3541  	4620  	5763  	6798  	7734  	8438  	8656  	8513  	7962  	7095  	6094  	4951  	3885  	3025  	2141  	1476  	978   	641   	399   	218   	151   	98    	59    	32    	12    	4     	3     	4     	1     

