Criação das árvores ordenadas:
n_persons	index	time        
100000   	0    	5.149760e-02
100000   	1    	6.301820e-02
100000   	2    	5.581090e-02
100000   	3    	4.856640e-02

Procura de nós nas árvores:
n_persons	index	time        
100000   	0    	5.575580e-02
100000   	1    	6.551300e-02
100000   	2    	5.928520e-02
100000   	3    	5.125640e-02

Maior profundidade das árvores:
n_persons	index	time        	depth
100000   	0    	4.319400e-03	41   
100000   	1    	4.501800e-03	36   
100000   	2    	4.893100e-03	40   
100000   	3    	4.948200e-03	39   

Número de nós em cada nível:
n_persons	index	time        	lvl0  	lvl1  	lvl2  	lvl3  	lvl4  	lvl5  	lvl6  	lvl7  	lvl8  	lvl9  	lvl10 	lvl11 	lvl12 	lvl13 	lvl14 	lvl15 	lvl16 	lvl17 	lvl18 	lvl19 	lvl20 	lvl21 	lvl22 	lvl23 	lvl24 	lvl25 	lvl26 	lvl27 	lvl28 	lvl29 	lvl30 	lvl31 	lvl32 	lvl33 	lvl34 	lvl35 	lvl36 	lvl37 	lvl38 	lvl39 	lvl40 	lvl41 
100000   	0    	4.143800e-03	1     	2     	4     	8     	16    	32    	64    	121   	233   	428   	747   	1253  	1940  	2823  	3848  	5015  	6126  	6963  	7655  	8069  	8161  	7911  	7356  	6431  	5519  	4676  	3844  	3021  	2354  	1692  	1206  	862   	591   	407   	284   	175   	91    	37    	16    	11    	5     	2     
100000   	1    	3.849100e-03	1     	2     	4     	8     	16    	32    	62    	110   	203   	361   	613   	1011  	1575  	2327  	3310  	4432  	5656  	6804  	7796  	8511  	8839  	8781  	8326  	7426  	6296  	5064  	4005  	3040  	2100  	1426  	887   	497   	267   	133   	55    	19    	5     	nan   	nan   	nan   	nan   	nan   
100000   	2    	4.320800e-03	1     	2     	4     	8     	16    	32    	64    	126   	241   	439   	760   	1206  	1834  	2653  	3602  	4716  	5945  	7024  	7871  	8245  	8417  	8173  	7621  	6824  	5754  	4749  	3897  	3176  	2307  	1616  	1085  	670   	408   	257   	120   	74    	38    	14    	7     	3     	1     	nan   
100000   	3    	4.379500e-03	1     	2     	4     	8     	16    	32    	63    	122   	230   	413   	708   	1147  	1769  	2610  	3603  	4829  	6137  	7333  	8216  	8922  	9016  	8861  	8364  	7190  	5964  	4662  	3472  	2391  	1550  	999   	612   	346   	184   	106   	56    	33    	16    	8     	3     	2     	nan   	nan   

