Criação das árvores ordenadas:
n_persons	index	time        
100000   	0    	5.790370e-02
100000   	1    	6.183280e-02
100000   	2    	5.634680e-02
100000   	3    	4.677370e-02

Procura de nós nas árvores:
n_persons	index	time        
100000   	0    	5.563850e-02
100000   	1    	7.644740e-02
100000   	2    	6.079800e-02
100000   	3    	9.239330e-02

Maior profundidade das árvores:
n_persons	index	time        	depth
100000   	0    	6.076700e-03	42   
100000   	1    	5.846300e-03	36   
100000   	2    	8.792200e-03	40   
100000   	3    	6.367200e-03	36   

Número de nós em cada nível:
n_persons	index	time        	lvl0  	lvl1  	lvl2  	lvl3  	lvl4  	lvl5  	lvl6  	lvl7  	lvl8  	lvl9  	lvl10 	lvl11 	lvl12 	lvl13 	lvl14 	lvl15 	lvl16 	lvl17 	lvl18 	lvl19 	lvl20 	lvl21 	lvl22 	lvl23 	lvl24 	lvl25 	lvl26 	lvl27 	lvl28 	lvl29 	lvl30 	lvl31 	lvl32 	lvl33 	lvl34 	lvl35 	lvl36 	lvl37 	lvl38 	lvl39 	lvl40 	lvl41 	lvl42 
100000   	0    	5.424700e-03	1     	2     	4     	8     	16    	32    	64    	127   	239   	437   	777   	1293  	1947  	2766  	3635  	4612  	5444  	6140  	6864  	7278  	7634  	7685  	7526  	7119  	6380  	5417  	4516  	3552  	2760  	1935  	1386  	921   	576   	369   	240   	145   	81    	35    	19    	11    	5     	1     	1     
100000   	1    	4.967600e-03	1     	2     	4     	8     	16    	32    	64    	126   	235   	419   	724   	1172  	1811  	2758  	3929  	5241  	6599  	7891  	8965  	9615  	9616  	9118  	8068  	6665  	5166  	3848  	2738  	1874  	1349  	821   	503   	300   	176   	86    	41    	15    	4     	nan   	nan   	nan   	nan   	nan   	nan   
100000   	2    	5.199900e-03	1     	2     	4     	8     	16    	32    	58    	106   	189   	327   	539   	840   	1209  	1660  	2231  	2940  	3749  	4615  	5623  	6539  	7278  	7806  	7949  	7831  	7385  	6636  	5719  	4783  	3797  	2977  	2301  	1660  	1223  	857   	515   	310   	156   	78    	34    	16    	1     	nan   	nan   
100000   	3    	5.851900e-03	1     	2     	4     	8     	16    	32    	64    	124   	238   	425   	737   	1216  	1901  	2749  	3796  	5076  	6320  	7422  	8332  	8924  	9141  	8841  	7990  	6995  	5690  	4503  	3366  	2316  	1593  	1012  	565   	329   	167   	65    	29    	9     	2     	nan   	nan   	nan   	nan   	nan   	nan   

