Criação das árvores ordenadas:
n_persons	index	time        
100000   	0    	5.723220e-02
100000   	1    	9.169570e-02
100000   	2    	1.424826e-01
100000   	3    	6.930770e-02

Procura de nós nas árvores:
n_persons	index	time        
100000   	0    	6.751760e-02
100000   	1    	8.544780e-02
100000   	2    	6.736110e-02
100000   	3    	5.915490e-02

Maior profundidade das árvores:
n_persons	index	time        	depth
100000   	0    	4.703600e-03	37   
100000   	1    	7.605700e-03	39   
100000   	2    	7.794600e-03	39   
100000   	3    	6.118200e-03	39   

Número de nós em cada nível:
n_persons	index	time        	lvl0  	lvl1  	lvl2  	lvl3  	lvl4  	lvl5  	lvl6  	lvl7  	lvl8  	lvl9  	lvl10 	lvl11 	lvl12 	lvl13 	lvl14 	lvl15 	lvl16 	lvl17 	lvl18 	lvl19 	lvl20 	lvl21 	lvl22 	lvl23 	lvl24 	lvl25 	lvl26 	lvl27 	lvl28 	lvl29 	lvl30 	lvl31 	lvl32 	lvl33 	lvl34 	lvl35 	lvl36 	lvl37 	lvl38 	lvl39 
100000   	0    	5.086400e-03	1     	2     	4     	8     	16    	30    	58    	112   	213   	384   	634   	976   	1502  	2191  	3103  	4231  	5628  	6973  	8062  	8891  	9218  	9034  	8429  	7380  	6133  	4943  	3803  	2888  	2011  	1393  	809   	470   	241   	128   	57    	29    	11    	4     	nan   	nan   
100000   	1    	5.332300e-03	1     	2     	4     	8     	16    	32    	56    	106   	182   	316   	515   	853   	1368  	2088  	3025  	4197  	5537  	6855  	7776  	8651  	9072  	9090  	8566  	7691  	6326  	5093  	3951  	2946  	2106  	1409  	940   	572   	330   	172   	78    	45    	16    	7     	1     	1     
100000   	2    	5.167000e-03	1     	2     	4     	8     	16    	32    	59    	105   	191   	337   	567   	925   	1466  	2234  	3266  	4487  	5819  	7156  	8197  	8855  	9061  	8881  	8166  	7377  	6131  	4988  	3725  	2710  	1927  	1282  	822   	502   	307   	181   	109   	58    	25    	15    	4     	2     
100000   	3    	6.108200e-03	1     	2     	4     	8     	16    	31    	61    	114   	205   	338   	560   	914   	1392  	2022  	2881  	3927  	5004  	6133  	7224  	8065  	8782  	8928  	8774  	8137  	7027  	5814  	4440  	3242  	2261  	1508  	971   	584   	323   	167   	70    	38    	20    	9     	2     	1     

