Criação das árvores ordenadas:
n_persons	index	time        
100000   	0    	5.993530e-02
100000   	1    	6.319410e-02
100000   	2    	5.618520e-02
100000   	3    	4.633110e-02

Procura de nós nas árvores:
n_persons	index	time        
100000   	0    	6.085590e-02
100000   	1    	6.415390e-02
100000   	2    	5.710300e-02
100000   	3    	4.919780e-02

Maior profundidade das árvores:
n_persons	index	time        	depth
100000   	0    	4.530100e-03	40   
100000   	1    	4.611700e-03	39   
100000   	2    	5.004200e-03	40   
100000   	3    	5.029300e-03	40   

Número de nós em cada nível:
n_persons	index	time        	lvl0  	lvl1  	lvl2  	lvl3  	lvl4  	lvl5  	lvl6  	lvl7  	lvl8  	lvl9  	lvl10 	lvl11 	lvl12 	lvl13 	lvl14 	lvl15 	lvl16 	lvl17 	lvl18 	lvl19 	lvl20 	lvl21 	lvl22 	lvl23 	lvl24 	lvl25 	lvl26 	lvl27 	lvl28 	lvl29 	lvl30 	lvl31 	lvl32 	lvl33 	lvl34 	lvl35 	lvl36 	lvl37 	lvl38 	lvl39 	lvl40 
100000   	0    	4.426400e-03	1     	2     	4     	8     	16    	32    	62    	120   	224   	404   	688   	1109  	1648  	2306  	3214  	4116  	5126  	6355  	7322  	8146  	8397  	8388  	8088  	7332  	6349  	5320  	4318  	3408  	2587  	1860  	1266  	794   	459   	292   	129   	55    	22    	13    	11    	7     	2     
100000   	1    	5.342400e-03	1     	2     	4     	8     	16    	32    	63    	117   	221   	392   	663   	1036  	1552  	2320  	3226  	4372  	5697  	6970  	8062  	8916  	9180  	9054  	8382  	7301  	6026  	4791  	3613  	2639  	1893  	1312  	877   	562   	344   	179   	96    	45    	17    	9     	8     	2     	nan   
100000   	2    	4.648800e-03	1     	2     	4     	8     	16    	32    	62    	119   	215   	376   	650   	1061  	1620  	2348  	3324  	4454  	5598  	6681  	7609  	8226  	8720  	8626  	8113  	7212  	6118  	5006  	3932  	2997  	2162  	1555  	1106  	762   	505   	314   	196   	127   	78    	42    	17    	5     	1     
100000   	3    	4.810000e-03	1     	2     	4     	8     	16    	32    	64    	125   	230   	420   	710   	1144  	1791  	2620  	3635  	4838  	6088  	7177  	7995  	8543  	8635  	8470  	7782  	6925  	5863  	4742  	3682  	2799  	2035  	1403  	934   	553   	316   	199   	125   	62    	20    	7     	2     	2     	1     

