Criação das árvores ordenadas:
n_persons	index	time        
100000   	0    	5.546930e-02
100000   	1    	7.971840e-02
100000   	2    	8.318610e-02
100000   	3    	6.677970e-02

Procura de nós nas árvores:
n_persons	index	time        
100000   	0    	5.646930e-02
100000   	1    	6.311830e-02
100000   	2    	5.821400e-02
100000   	3    	5.322090e-02

Maior profundidade das árvores:
n_persons	index	time        	depth
100000   	0    	4.770800e-03	41   
100000   	1    	5.266600e-03	36   
100000   	2    	5.832100e-03	40   
100000   	3    	5.539500e-03	37   

Número de nós em cada nível:
n_persons	index	time        	lvl0  	lvl1  	lvl2  	lvl3  	lvl4  	lvl5  	lvl6  	lvl7  	lvl8  	lvl9  	lvl10 	lvl11 	lvl12 	lvl13 	lvl14 	lvl15 	lvl16 	lvl17 	lvl18 	lvl19 	lvl20 	lvl21 	lvl22 	lvl23 	lvl24 	lvl25 	lvl26 	lvl27 	lvl28 	lvl29 	lvl30 	lvl31 	lvl32 	lvl33 	lvl34 	lvl35 	lvl36 	lvl37 	lvl38 	lvl39 	lvl40 	lvl41 
100000   	0    	4.339800e-03	1     	2     	4     	8     	15    	29    	58    	106   	189   	331   	538   	859   	1299  	1948  	2841  	3817  	4930  	5968  	7000  	7951  	8436  	8494  	8089  	7280  	6362  	5220  	4317  	3464  	2742  	2138  	1685  	1299  	904   	635   	439   	281   	169   	95    	39    	10    	6     	2     
100000   	1    	4.197700e-03	1     	2     	4     	8     	16    	32    	63    	123   	238   	446   	784   	1305  	2067  	3127  	4429  	5854  	7260  	8510  	9282  	9502  	9134  	8438  	7371  	6142  	4722  	3520  	2529  	1862  	1295  	848   	521   	287   	138   	80    	35    	19    	6     	nan   	nan   	nan   	nan   	nan   
100000   	2    	4.944700e-03	1     	2     	4     	8     	16    	32    	62    	118   	219   	391   	677   	1103  	1723  	2608  	3749  	5167  	6713  	8076  	9027  	9603  	9470  	8847  	7791  	6385  	5041  	3893  	2887  	2084  	1446  	987   	649   	459   	298   	188   	126   	77    	40    	21    	7     	4     	1     	nan   
100000   	3    	5.624600e-03	1     	2     	4     	8     	16    	32    	64    	128   	250   	479   	872   	1466  	2303  	3384  	4731  	6153  	7522  	8545  	9062  	9277  	9087  	8168  	6970  	5686  	4620  	3559  	2640  	1828  	1233  	768   	495   	293   	175   	98    	51    	23    	5     	2     	nan   	nan   	nan   	nan   

