Criação das árvores ordenadas:
n_persons	index	time        
100000   	0    	5.248490e-02
100000   	1    	6.972510e-02
100000   	2    	5.868160e-02
100000   	3    	4.813410e-02

Procura de nós nas árvores:
n_persons	index	time        
100000   	0    	5.369550e-02
100000   	1    	6.958900e-02
100000   	2    	5.761360e-02
100000   	3    	7.047560e-02

Maior profundidade das árvores:
n_persons	index	time        	depth
100000   	0    	7.556100e-03	39   
100000   	1    	5.610100e-03	42   
100000   	2    	1.258780e-02	40   
100000   	3    	7.071100e-03	43   

Número de nós em cada nível:
n_persons	index	time        	lvl0  	lvl1  	lvl2  	lvl3  	lvl4  	lvl5  	lvl6  	lvl7  	lvl8  	lvl9  	lvl10 	lvl11 	lvl12 	lvl13 	lvl14 	lvl15 	lvl16 	lvl17 	lvl18 	lvl19 	lvl20 	lvl21 	lvl22 	lvl23 	lvl24 	lvl25 	lvl26 	lvl27 	lvl28 	lvl29 	lvl30 	lvl31 	lvl32 	lvl33 	lvl34 	lvl35 	lvl36 	lvl37 	lvl38 	lvl39 	lvl40 	lvl41 	lvl42 	lvl43 
100000   	0    	7.804000e-03	1     	2     	4     	8     	16    	32    	64    	125   	239   	449   	780   	1295  	2056  	2995  	4124  	5327  	6563  	7807  	8768  	9001  	8901  	8481  	7574  	6362  	5287  	4165  	3105  	2278  	1538  	999   	634   	416   	263   	160   	93    	50    	25    	9     	3     	1     	nan   	nan   	nan   	nan   
100000   	1    	4.946800e-03	1     	2     	4     	8     	16    	31    	61    	113   	207   	362   	618   	980   	1476  	2126  	2869  	3644  	4385  	5190  	5920  	6416  	6804  	6965  	7012  	6754  	6531  	6030  	5388  	4682  	3940  	3198  	2540  	1872  	1355  	927   	611   	417   	230   	142   	81    	51    	29    	9     	3     	nan   
100000   	2    	5.369100e-03	1     	2     	4     	8     	16    	32    	64    	125   	237   	438   	762   	1266  	1906  	2777  	3929  	5198  	6478  	7659  	8478  	8841  	8698  	8254  	7462  	6556  	5495  	4348  	3294  	2529  	1799  	1257  	845   	542   	318   	181   	91    	53    	25    	16    	8     	6     	2     	nan   	nan   	nan   
100000   	3    	6.417400e-03	1     	2     	4     	8     	16    	32    	62    	119   	215   	377   	617   	983   	1513  	2146  	3037  	3995  	5006  	6011  	6802  	7421  	7807  	7868  	7770  	7265  	6521  	5833  	4885  	3938  	3005  	2258  	1651  	1113  	682   	403   	262   	147   	93    	62    	34    	19    	11    	3     	2     	1     

