Criação das árvores ordenadas:
n_persons	index	time        
100000   	0    	5.357560e-02
100000   	1    	6.392500e-02
100000   	2    	5.810520e-02
100000   	3    	4.902090e-02

Procura de nós nas árvores:
n_persons	index	time        
100000   	0    	6.497430e-02
100000   	1    	7.183500e-02
100000   	2    	5.860530e-02
100000   	3    	5.426240e-02

Maior profundidade das árvores:
n_persons	index	time        	depth
100000   	0    	4.915800e-03	41   
100000   	1    	4.595100e-03	37   
100000   	2    	5.014300e-03	40   
100000   	3    	5.276500e-03	46   

Número de nós em cada nível:
n_persons	index	time        	lvl0  	lvl1  	lvl2  	lvl3  	lvl4  	lvl5  	lvl6  	lvl7  	lvl8  	lvl9  	lvl10 	lvl11 	lvl12 	lvl13 	lvl14 	lvl15 	lvl16 	lvl17 	lvl18 	lvl19 	lvl20 	lvl21 	lvl22 	lvl23 	lvl24 	lvl25 	lvl26 	lvl27 	lvl28 	lvl29 	lvl30 	lvl31 	lvl32 	lvl33 	lvl34 	lvl35 	lvl36 	lvl37 	lvl38 	lvl39 	lvl40 	lvl41 	lvl42 	lvl43 	lvl44 	lvl45 	lvl46 
100000   	0    	4.091600e-03	1     	2     	4     	8     	16    	32    	64    	121   	227   	411   	711   	1154  	1786  	2484  	3363  	4365  	5492  	6586  	7465  	8065  	8342  	8351  	7938  	7129  	6252  	5269  	4227  	3193  	2239  	1555  	1038  	678   	499   	352   	242   	166   	90    	46    	23    	9     	3     	2     	nan   	nan   	nan   	nan   	nan   
100000   	1    	4.025200e-03	1     	2     	4     	8     	16    	32    	61    	121   	231   	418   	713   	1152  	1813  	2641  	3649  	4768  	5974  	6975  	7814  	8247  	8301  	8142  	7631  	7031  	6193  	5042  	3940  	2958  	2210  	1519  	1010  	631   	373   	212   	102   	49    	13    	3     	nan   	nan   	nan   	nan   	nan   	nan   	nan   	nan   	nan   
100000   	2    	4.293400e-03	1     	2     	4     	8     	16    	32    	64    	122   	223   	401   	693   	1133  	1754  	2561  	3609  	4947  	6282  	7366  	8176  	8773  	8800  	8519  	7822  	6854  	5788  	4704  	3540  	2638  	1900  	1287  	806   	501   	341   	180   	81    	38    	21    	6     	3     	3     	1     	nan   	nan   	nan   	nan   	nan   	nan   
100000   	3    	5.111100e-03	1     	2     	4     	8     	16    	32    	57    	100   	157   	268   	406   	623   	958   	1467  	2130  	3049  	4141  	5368  	6627  	7680  	8336  	8478  	8262  	7752  	6867  	5929  	5056  	4079  	3325  	2570  	2001  	1445  	1028  	672   	422   	260   	166   	105   	66    	33    	20    	15    	11    	4     	2     	1     	1     

