Criação das árvores ordenadas:
n_persons	index	time        
100000   	0    	1.013144e-01
100000   	1    	9.949280e-02
100000   	2    	8.063910e-02
100000   	3    	6.257090e-02

Procura de nós nas árvores:
n_persons	index	time        
100000   	0    	6.376970e-02
100000   	1    	9.031720e-02
100000   	2    	7.819810e-02
100000   	3    	5.691870e-02

Maior profundidade das árvores:
n_persons	index	time        	depth
100000   	0    	5.240500e-03	40   
100000   	1    	5.252300e-03	38   
100000   	2    	5.167100e-03	39   
100000   	3    	6.269200e-03	39   

Número de nós em cada nível:
n_persons	index	time        	lvl0  	lvl1  	lvl2  	lvl3  	lvl4  	lvl5  	lvl6  	lvl7  	lvl8  	lvl9  	lvl10 	lvl11 	lvl12 	lvl13 	lvl14 	lvl15 	lvl16 	lvl17 	lvl18 	lvl19 	lvl20 	lvl21 	lvl22 	lvl23 	lvl24 	lvl25 	lvl26 	lvl27 	lvl28 	lvl29 	lvl30 	lvl31 	lvl32 	lvl33 	lvl34 	lvl35 	lvl36 	lvl37 	lvl38 	lvl39 	lvl40 
100000   	0    	5.714000e-03	1     	2     	4     	8     	16    	32    	62    	119   	218   	376   	625   	1027  	1580  	2275  	3092  	3969  	4934  	5820  	6656  	7422  	7971  	8250  	8168  	7550  	6772  	5766  	4827  	3827  	2865  	2103  	1502  	943   	552   	317   	185   	96    	36    	15    	10    	5     	2     
100000   	1    	4.207800e-03	1     	2     	4     	8     	16    	30    	59    	113   	217   	386   	646   	1059  	1659  	2411  	3371  	4551  	5675  	6972  	7811  	8539  	8743  	8527  	7880  	7053  	6087  	4896  	3782  	2839  	2081  	1559  	1099  	702   	470   	296   	191   	122   	84    	44    	15    	nan   	nan   
100000   	2    	4.442400e-03	1     	2     	4     	8     	16    	32    	64    	124   	234   	433   	777   	1323  	2141  	3222  	4477  	5875  	7296  	8348  	9080  	9231  	8886  	8170  	7074  	5961  	4833  	3720  	2855  	1999  	1374  	902   	605   	387   	232   	130   	79    	59    	23    	13    	7     	3     	nan   
100000   	3    	6.088700e-03	1     	2     	4     	8     	16    	32    	62    	115   	218   	392   	685   	1105  	1751  	2623  	3657  	4929  	6261  	7528  	8386  	9038  	9198  	8869  	8132  	7117  	5924  	4650  	3399  	2333  	1476  	912   	543   	302   	168   	84    	43    	17    	10    	4     	4     	2     	nan   

