Criação das árvores ordenadas:
n_persons	index	time        
100000   	0    	9.325460e-02
100000   	1    	7.498450e-02
100000   	2    	5.640230e-02
100000   	3    	4.600790e-02

Procura de nós nas árvores:
n_persons	index	time        
100000   	0    	5.500560e-02
100000   	1    	6.314070e-02
100000   	2    	6.055720e-02
100000   	3    	5.485250e-02

Maior profundidade das árvores:
n_persons	index	time        	depth
100000   	0    	5.160600e-03	39   
100000   	1    	4.683000e-03	38   
100000   	2    	4.895900e-03	43   
100000   	3    	5.011000e-03	36   

Número de nós em cada nível:
n_persons	index	time        	lvl0  	lvl1  	lvl2  	lvl3  	lvl4  	lvl5  	lvl6  	lvl7  	lvl8  	lvl9  	lvl10 	lvl11 	lvl12 	lvl13 	lvl14 	lvl15 	lvl16 	lvl17 	lvl18 	lvl19 	lvl20 	lvl21 	lvl22 	lvl23 	lvl24 	lvl25 	lvl26 	lvl27 	lvl28 	lvl29 	lvl30 	lvl31 	lvl32 	lvl33 	lvl34 	lvl35 	lvl36 	lvl37 	lvl38 	lvl39 	lvl40 	lvl41 	lvl42 	lvl43 
100000   	0    	4.435900e-03	1     	2     	4     	8     	16    	31    	60    	112   	205   	329   	545   	855   	1306  	1924  	2724  	3769  	4968  	6103  	7158  	8053  	8694  	9029  	8786  	8195  	7024  	5728  	4483  	3393  	2368  	1639  	1061  	668   	394   	202   	97    	43    	13    	7     	2     	1     	nan   	nan   	nan   	nan   
100000   	1    	3.951500e-03	1     	2     	4     	8     	14    	26    	51    	98    	187   	325   	546   	876   	1385  	2083  	3013  	4149  	5316  	6504  	7556  	8436  	8897  	9027  	8618  	7704  	6599  	5356  	4181  	3038  	2087  	1463  	971   	634   	391   	227   	122   	69    	24    	10    	2     	nan   	nan   	nan   	nan   	nan   
100000   	2    	4.412900e-03	1     	2     	4     	8     	16    	32    	64    	128   	238   	425   	731   	1184  	1826  	2688  	3684  	4779  	5908  	6967  	7657  	8068  	8149  	7975  	7510  	6732  	5734  	4821  	4069  	3230  	2419  	1765  	1183  	801   	493   	300   	170   	103   	62    	35    	16    	11    	4     	5     	2     	1     
100000   	3    	4.392400e-03	1     	2     	4     	8     	16    	32    	61    	121   	234   	437   	773   	1289  	2053  	3091  	4412  	5964  	7313  	8572  	9357  	9692  	9361  	8559  	7480  	6204  	4837  	3580  	2519  	1600  	999   	655   	395   	196   	109   	44    	19    	8     	3     	nan   	nan   	nan   	nan   	nan   	nan   	nan   

