Criação das árvores ordenadas:
n_persons	index	time        
100000   	0    	9.879880e-02
100000   	1    	7.970920e-02
100000   	2    	8.070860e-02
100000   	3    	4.936150e-02

Procura de nós nas árvores:
n_persons	index	time        
100000   	0    	5.644670e-02
100000   	1    	6.907100e-02
100000   	2    	6.173360e-02
100000   	3    	6.131690e-02

Maior profundidade das árvores:
n_persons	index	time        	depth
100000   	0    	5.235900e-03	35   
100000   	1    	4.903300e-03	41   
100000   	2    	5.208300e-03	38   
100000   	3    	5.281000e-03	41   

Número de nós em cada nível:
n_persons	index	time        	lvl0  	lvl1  	lvl2  	lvl3  	lvl4  	lvl5  	lvl6  	lvl7  	lvl8  	lvl9  	lvl10 	lvl11 	lvl12 	lvl13 	lvl14 	lvl15 	lvl16 	lvl17 	lvl18 	lvl19 	lvl20 	lvl21 	lvl22 	lvl23 	lvl24 	lvl25 	lvl26 	lvl27 	lvl28 	lvl29 	lvl30 	lvl31 	lvl32 	lvl33 	lvl34 	lvl35 	lvl36 	lvl37 	lvl38 	lvl39 	lvl40 	lvl41 
100000   	0    	4.635000e-03	1     	2     	4     	8     	16    	32    	64    	126   	239   	441   	776   	1252  	1907  	2800  	3899  	5148  	6445  	7806  	8878  	9423  	9470  	8972  	7942  	6803  	5439  	4239  	2946  	1939  	1302  	834   	448   	219   	117   	48    	13    	2     	nan   	nan   	nan   	nan   	nan   	nan   
100000   	1    	4.085200e-03	1     	2     	4     	8     	16    	32    	62    	114   	209   	344   	564   	958   	1555  	2462  	3584  	4952  	6382  	7672  	8600  	9180  	9115  	8678  	7870  	6853  	5685  	4556  	3475  	2487  	1654  	1099  	687   	448   	271   	176   	116   	63    	37    	16    	7     	3     	2     	1     
100000   	2    	4.724700e-03	1     	2     	4     	8     	16    	32    	64    	126   	239   	445   	770   	1251  	1939  	2833  	3979  	5313  	6610  	7858  	8796  	9311  	9236  	8589  	7700  	6499  	5243  	4131  	3027  	2132  	1460  	988   	617   	373   	204   	101   	60    	28    	10    	4     	1     	nan   	nan   	nan   
100000   	3    	4.976800e-03	1     	2     	4     	8     	15    	30    	60    	116   	212   	394   	688   	1159  	1847  	2743  	3833  	5029  	6165  	7172  	7935  	8379  	8304  	8020  	7374  	6505  	5561  	4682  	3816  	3028  	2287  	1673  	1121  	710   	463   	291   	159   	103   	62    	33    	10    	1     	2     	3     

