Criação das árvores ordenadas:
n_persons	index	time        
100000   	0    	5.084670e-02
100000   	1    	6.667420e-02
100000   	2    	5.370260e-02
100000   	3    	4.952950e-02

Procura de nós nas árvores:
n_persons	index	time        
100000   	0    	5.447010e-02
100000   	1    	6.356880e-02
100000   	2    	5.596760e-02
100000   	3    	4.954170e-02

Maior profundidade das árvores:
n_persons	index	time        	depth
100000   	0    	4.477800e-03	41   
100000   	1    	5.202700e-03	43   
100000   	2    	5.023900e-03	37   
100000   	3    	4.834100e-03	38   

Número de nós em cada nível:
n_persons	index	time        	lvl0  	lvl1  	lvl2  	lvl3  	lvl4  	lvl5  	lvl6  	lvl7  	lvl8  	lvl9  	lvl10 	lvl11 	lvl12 	lvl13 	lvl14 	lvl15 	lvl16 	lvl17 	lvl18 	lvl19 	lvl20 	lvl21 	lvl22 	lvl23 	lvl24 	lvl25 	lvl26 	lvl27 	lvl28 	lvl29 	lvl30 	lvl31 	lvl32 	lvl33 	lvl34 	lvl35 	lvl36 	lvl37 	lvl38 	lvl39 	lvl40 	lvl41 	lvl42 	lvl43 
100000   	0    	3.808300e-03	1     	2     	4     	8     	16    	30    	60    	110   	205   	353   	581   	929   	1460  	2185  	3052  	4180  	5392  	6499  	7427  	8097  	8629  	8717  	8295  	7559  	6592  	5454  	4326  	3265  	2374  	1613  	1060  	704   	410   	225   	111   	44    	18    	6     	4     	1     	1     	1     	nan   	nan   
100000   	1    	4.244100e-03	1     	2     	4     	8     	16    	32    	63    	125   	245   	441   	766   	1226  	1896  	2703  	3730  	4845  	5913  	6837  	7547  	8020  	8036  	7809  	7274  	6420  	5640  	4837  	3973  	3241  	2620  	1963  	1414  	960   	622   	377   	188   	114   	56    	26    	4     	1     	1     	1     	2     	1     
100000   	2    	4.354900e-03	1     	2     	4     	8     	16    	32    	63    	124   	234   	428   	742   	1223  	1873  	2798  	3960  	5176  	6475  	7634  	8565  	9238  	9322  	9004  	8115  	6869  	5642  	4305  	3080  	2091  	1297  	771   	444   	232   	120   	64    	27    	12    	6     	3     	nan   	nan   	nan   	nan   	nan   	nan   
100000   	3    	4.595300e-03	1     	2     	4     	8     	16    	32    	64    	125   	235   	439   	774   	1288  	2035  	2947  	4085  	5244  	6279  	7121  	7628  	7889  	7957  	7680  	7336  	6662  	5841  	4936  	3986  	3006  	2230  	1596  	1060  	679   	414   	215   	105   	52    	21    	7     	1     	nan   	nan   	nan   	nan   	nan   

