Criação das árvores ordenadas:
n_persons	index	time        
100000   	0    	5.232010e-02
100000   	1    	6.274100e-02
100000   	2    	5.524090e-02
100000   	3    	4.804450e-02

Procura de nós nas árvores:
n_persons	index	time        
100000   	0    	5.948550e-02
100000   	1    	6.795140e-02
100000   	2    	6.105670e-02
100000   	3    	5.381920e-02

Maior profundidade das árvores:
n_persons	index	time        	depth
100000   	0    	4.804200e-03	41   
100000   	1    	4.588700e-03	40   
100000   	2    	5.514000e-03	38   
100000   	3    	5.932300e-03	40   

Número de nós em cada nível:
n_persons	index	time        	lvl0  	lvl1  	lvl2  	lvl3  	lvl4  	lvl5  	lvl6  	lvl7  	lvl8  	lvl9  	lvl10 	lvl11 	lvl12 	lvl13 	lvl14 	lvl15 	lvl16 	lvl17 	lvl18 	lvl19 	lvl20 	lvl21 	lvl22 	lvl23 	lvl24 	lvl25 	lvl26 	lvl27 	lvl28 	lvl29 	lvl30 	lvl31 	lvl32 	lvl33 	lvl34 	lvl35 	lvl36 	lvl37 	lvl38 	lvl39 	lvl40 	lvl41 
100000   	0    	4.047000e-03	1     	2     	4     	8     	16    	32    	64    	127   	244   	446   	757   	1228  	1930  	2821  	3927  	5178  	6330  	7297  	8032  	8437  	8359  	8034  	7426  	6609  	5688  	4815  	3735  	2799  	1989  	1416  	877   	568   	350   	207   	113   	71    	40    	18    	2     	1     	1     	1     
100000   	1    	3.913700e-03	1     	2     	4     	8     	16    	32    	62    	115   	211   	372   	612   	953   	1462  	2127  	2961  	3906  	4894  	5955  	6894  	7678  	8277  	8447  	8432  	7822  	6886  	5724  	4709  	3656  	2728  	1893  	1239  	794   	486   	283   	155   	100   	49    	31    	14    	8     	2     	nan   
100000   	2    	4.620900e-03	1     	2     	4     	8     	16    	32    	64    	126   	239   	434   	767   	1282  	2013  	3021  	4147  	5379  	6604  	7640  	8392  	8827  	8801  	8311  	7393  	6404  	5423  	4320  	3370  	2518  	1697  	1079  	701   	444   	265   	138   	79    	34    	16    	8     	1     	nan   	nan   	nan   
100000   	3    	4.675300e-03	1     	2     	4     	8     	16    	32    	63    	121   	217   	377   	623   	1003  	1523  	2244  	3180  	4290  	5401  	6486  	7628  	8452  	8963  	9006  	8628  	7678  	6523  	5321  	4184  	2923  	1940  	1256  	807   	470   	273   	164   	104   	46    	20    	10    	6     	6     	1     	nan   

