Criação das árvores ordenadas:
n_persons	index	time        
100000   	0    	9.693100e-02
100000   	1    	7.725320e-02
100000   	2    	5.463550e-02
100000   	3    	4.867100e-02

Procura de nós nas árvores:
n_persons	index	time        
100000   	0    	5.454220e-02
100000   	1    	5.953770e-02
100000   	2    	5.623520e-02
100000   	3    	5.148950e-02

Maior profundidade das árvores:
n_persons	index	time        	depth
100000   	0    	4.260800e-03	38   
100000   	1    	4.688900e-03	40   
100000   	2    	5.091400e-03	39   
100000   	3    	5.111200e-03	40   

Número de nós em cada nível:
n_persons	index	time        	lvl0  	lvl1  	lvl2  	lvl3  	lvl4  	lvl5  	lvl6  	lvl7  	lvl8  	lvl9  	lvl10 	lvl11 	lvl12 	lvl13 	lvl14 	lvl15 	lvl16 	lvl17 	lvl18 	lvl19 	lvl20 	lvl21 	lvl22 	lvl23 	lvl24 	lvl25 	lvl26 	lvl27 	lvl28 	lvl29 	lvl30 	lvl31 	lvl32 	lvl33 	lvl34 	lvl35 	lvl36 	lvl37 	lvl38 	lvl39 	lvl40 
100000   	0    	3.978200e-03	1     	2     	4     	8     	16    	32    	63    	117   	199   	352   	615   	1024  	1632  	2454  	3561  	4907  	6230  	7587  	8678  	9316  	9419  	9063  	8293  	7152  	5741  	4397  	3132  	2170  	1379  	885   	594   	386   	244   	170   	95    	47    	25    	8     	2     	nan   	nan   
100000   	1    	3.993000e-03	1     	2     	4     	8     	16    	32    	64    	122   	221   	397   	672   	1034  	1594  	2366  	3281  	4398  	5515  	6624  	7620  	8332  	8712  	8595  	8000  	7278  	6209  	5041  	3891  	2956  	2225  	1604  	1138  	753   	520   	324   	196   	128   	76    	30    	15    	5     	1     
100000   	2    	4.522300e-03	1     	2     	4     	8     	16    	32    	60    	106   	185   	326   	561   	921   	1441  	2125  	3071  	4155  	5392  	6609  	7599  	8313  	8711  	8812  	8427  	7666  	6587  	5337  	4050  	3040  	2149  	1523  	1060  	729   	430   	263   	147   	83    	35    	18    	5     	1     	nan   
100000   	3    	4.554800e-03	1     	2     	4     	8     	16    	32    	63    	120   	216   	401   	724   	1198  	1900  	2840  	3943  	5100  	6221  	7166  	7967  	8400  	8452  	8037  	7441  	6513  	5609  	4677  	3766  	2892  	2140  	1535  	1047  	647   	422   	248   	138   	63    	29    	14    	4     	3     	1     

