Criação das árvores ordenadas:
n_persons	index	time        
100000   	0    	5.272910e-02
100000   	1    	6.343320e-02
100000   	2    	5.817550e-02
100000   	3    	1.006024e-01

Procura de nós nas árvores:
n_persons	index	time        
100000   	0    	6.783990e-02
100000   	1    	6.580790e-02
100000   	2    	5.815890e-02
100000   	3    	5.074220e-02

Maior profundidade das árvores:
n_persons	index	time        	depth
100000   	0    	4.557900e-03	42   
100000   	1    	4.262400e-03	42   
100000   	2    	5.213500e-03	44   
100000   	3    	4.938100e-03	40   

Número de nós em cada nível:
n_persons	index	time        	lvl0  	lvl1  	lvl2  	lvl3  	lvl4  	lvl5  	lvl6  	lvl7  	lvl8  	lvl9  	lvl10 	lvl11 	lvl12 	lvl13 	lvl14 	lvl15 	lvl16 	lvl17 	lvl18 	lvl19 	lvl20 	lvl21 	lvl22 	lvl23 	lvl24 	lvl25 	lvl26 	lvl27 	lvl28 	lvl29 	lvl30 	lvl31 	lvl32 	lvl33 	lvl34 	lvl35 	lvl36 	lvl37 	lvl38 	lvl39 	lvl40 	lvl41 	lvl42 	lvl43 	lvl44 
100000   	0    	3.804900e-03	1     	2     	4     	8     	13    	26    	52    	98    	179   	320   	544   	878   	1372  	2009  	2799  	3643  	4492  	5398  	6231  	7046  	7489  	7606  	7508  	7098  	6606  	5863  	4986  	4223  	3394  	2713  	2115  	1685  	1220  	859   	600   	398   	221   	152   	85    	40    	16    	6     	2     	nan   	nan   
100000   	1    	3.758500e-03	1     	2     	4     	8     	16    	32    	64    	122   	223   	383   	672   	1071  	1575  	2243  	3012  	3812  	4677  	5460  	6171  	6650  	7132  	7453  	7483  	7298  	7012  	6236  	5303  	4313  	3359  	2535  	1892  	1351  	954   	629   	405   	227   	124   	60    	24    	6     	4     	1     	1     	nan   	nan   
100000   	2    	4.220900e-03	1     	2     	4     	8     	15    	28    	54    	101   	176   	300   	507   	853   	1407  	2214  	3287  	4558  	5999  	7303  	8391  	9137  	9256  	8959  	8131  	7109  	6014  	4801  	3612  	2689  	1912  	1276  	794   	469   	280   	161   	99    	47    	22    	7     	7     	2     	2     	1     	2     	2     	1     
100000   	3    	4.705700e-03	1     	2     	4     	8     	16    	32    	64    	126   	243   	445   	754   	1199  	1830  	2610  	3522  	4447  	5394  	6146  	6816  	7126  	7269  	7311  	7137  	6562  	6053  	5441  	4605  	3828  	3112  	2420  	1839  	1319  	916   	590   	378   	213   	121   	59    	27    	11    	4     	nan   	nan   	nan   	nan   

