Criação das árvores ordenadas:
n_persons	index	time        
100000   	0    	5.954220e-02
100000   	1    	6.992860e-02
100000   	2    	6.467610e-02
100000   	3    	4.916090e-02

Procura de nós nas árvores:
n_persons	index	time        
100000   	0    	5.761750e-02
100000   	1    	7.143090e-02
100000   	2    	6.355930e-02
100000   	3    	5.688090e-02

Maior profundidade das árvores:
n_persons	index	time        	depth
100000   	0    	5.398000e-03	43   
100000   	1    	5.171600e-03	41   
100000   	2    	5.316300e-03	39   
100000   	3    	5.587300e-03	37   

Número de nós em cada nível:
n_persons	index	time        	lvl0  	lvl1  	lvl2  	lvl3  	lvl4  	lvl5  	lvl6  	lvl7  	lvl8  	lvl9  	lvl10 	lvl11 	lvl12 	lvl13 	lvl14 	lvl15 	lvl16 	lvl17 	lvl18 	lvl19 	lvl20 	lvl21 	lvl22 	lvl23 	lvl24 	lvl25 	lvl26 	lvl27 	lvl28 	lvl29 	lvl30 	lvl31 	lvl32 	lvl33 	lvl34 	lvl35 	lvl36 	lvl37 	lvl38 	lvl39 	lvl40 	lvl41 	lvl42 	lvl43 
100000   	0    	4.012900e-03	1     	2     	4     	8     	16    	32    	62    	119   	222   	401   	675   	1081  	1629  	2308  	3271  	4300  	5294  	6344  	7260  	7802  	8157  	8127  	7778  	7226  	6357  	5341  	4357  	3507  	2596  	1910  	1416  	959   	658   	360   	199   	102   	51    	27    	17    	10    	6     	4     	3     	1     
100000   	1    	4.110800e-03	1     	2     	4     	8     	16    	32    	63    	122   	238   	438   	783   	1265  	1962  	2802  	3795  	5059  	6310  	7403  	8259  	8726  	8779  	8436  	7657  	6520  	5445  	4458  	3388  	2536  	1878  	1301  	884   	614   	376   	206   	114   	58    	32    	13    	9     	5     	2     	1     	nan   	nan   
100000   	2    	5.053100e-03	1     	2     	4     	8     	16    	32    	64    	118   	228   	415   	729   	1216  	1879  	2774  	3839  	4982  	6052  	6876  	7577  	8092  	8164  	7951  	7464  	6898  	5961  	4964  	3971  	3090  	2296  	1618  	1045  	673   	439   	279   	141   	69    	37    	23    	12    	1     	nan   	nan   	nan   	nan   
100000   	3    	5.339700e-03	1     	2     	4     	8     	16    	32    	64    	125   	243   	439   	767   	1276  	1986  	2866  	3869  	5071  	6267  	7441  	8457  	9127  	9374  	9133  	8342  	7086  	5755  	4273  	3063  	2042  	1285  	777   	403   	231   	103   	46    	16    	5     	3     	2     	nan   	nan   	nan   	nan   	nan   	nan   

