Criação das árvores ordenadas:
n_persons	index	time        
100000   	0    	7.344860e-02
100000   	1    	6.868090e-02
100000   	2    	6.135880e-02
100000   	3    	4.714590e-02

Procura de nós nas árvores:
n_persons	index	time        
100000   	0    	5.755210e-02
100000   	1    	6.584040e-02
100000   	2    	5.600350e-02
100000   	3    	4.909840e-02

Maior profundidade das árvores:
n_persons	index	time        	depth
100000   	0    	4.911400e-03	38   
100000   	1    	4.635800e-03	40   
100000   	2    	4.973100e-03	40   
100000   	3    	5.128400e-03	41   

Número de nós em cada nível:
n_persons	index	time        	lvl0  	lvl1  	lvl2  	lvl3  	lvl4  	lvl5  	lvl6  	lvl7  	lvl8  	lvl9  	lvl10 	lvl11 	lvl12 	lvl13 	lvl14 	lvl15 	lvl16 	lvl17 	lvl18 	lvl19 	lvl20 	lvl21 	lvl22 	lvl23 	lvl24 	lvl25 	lvl26 	lvl27 	lvl28 	lvl29 	lvl30 	lvl31 	lvl32 	lvl33 	lvl34 	lvl35 	lvl36 	lvl37 	lvl38 	lvl39 	lvl40 	lvl41 
100000   	0    	4.366600e-03	1     	2     	4     	8     	16    	32    	62    	118   	216   	382   	659   	1040  	1603  	2328  	3205  	4195  	5237  	6159  	7031  	7729  	8142  	8202  	7888  	7227  	6524  	5710  	4624  	3664  	2749  	1944  	1284  	849   	519   	319   	187   	90    	37    	10    	4     	nan   	nan   	nan   
100000   	1    	3.964200e-03	1     	2     	4     	8     	16    	31    	61    	111   	210   	380   	650   	1027  	1527  	2169  	2983  	3933  	5028  	6201  	7134  	7962  	8394  	8393  	8072  	7446  	6550  	5429  	4453  	3528  	2723  	2002  	1376  	947   	576   	316   	177   	92    	50    	24    	9     	4     	1     	nan   
100000   	2    	4.529200e-03	1     	2     	4     	8     	16    	31    	62    	122   	234   	429   	768   	1249  	1935  	2804  	3924  	5118  	6291  	7349  	8121  	8427  	8325  	7891  	7145  	6170  	5297  	4400  	3583  	2806  	2144  	1641  	1227  	904   	629   	423   	253   	146   	62    	38    	15    	4     	2     	nan   
100000   	3    	4.596300e-03	1     	2     	4     	8     	16    	32    	64    	126   	244   	458   	817   	1327  	1992  	2885  	3966  	5200  	6361  	7377  	8086  	8374  	8294  	7839  	7156  	6358  	5342  	4366  	3425  	2657  	2020  	1535  	1135  	849   	611   	417   	299   	168   	99    	53    	26    	7     	2     	2     

