Criação das árvores ordenadas:
n_persons	index	time        
100000   	0    	6.572900e-02
100000   	1    	7.278720e-02
100000   	2    	5.753970e-02
100000   	3    	7.324100e-02

Procura de nós nas árvores:
n_persons	index	time        
100000   	0    	7.562640e-02
100000   	1    	9.850970e-02
100000   	2    	6.077420e-02
100000   	3    	6.758890e-02

Maior profundidade das árvores:
n_persons	index	time        	depth
100000   	0    	6.619200e-03	42   
100000   	1    	6.619700e-03	36   
100000   	2    	5.929300e-03	39   
100000   	3    	5.808100e-03	38   

Número de nós em cada nível:
n_persons	index	time        	lvl0  	lvl1  	lvl2  	lvl3  	lvl4  	lvl5  	lvl6  	lvl7  	lvl8  	lvl9  	lvl10 	lvl11 	lvl12 	lvl13 	lvl14 	lvl15 	lvl16 	lvl17 	lvl18 	lvl19 	lvl20 	lvl21 	lvl22 	lvl23 	lvl24 	lvl25 	lvl26 	lvl27 	lvl28 	lvl29 	lvl30 	lvl31 	lvl32 	lvl33 	lvl34 	lvl35 	lvl36 	lvl37 	lvl38 	lvl39 	lvl40 	lvl41 	lvl42 
100000   	0    	5.239200e-03	1     	2     	4     	8     	16    	32    	64    	126   	242   	429   	740   	1214  	1845  	2739  	3763  	4818  	5943  	6858  	7599  	7927  	7856  	7532  	7007  	6388  	5787  	5094  	4268  	3370  	2587  	1897  	1360  	927   	661   	402   	242   	122   	66    	35    	15    	6     	3     	4     	1     
100000   	1    	5.742600e-03	1     	2     	4     	8     	16    	32    	64    	128   	239   	444   	799   	1320  	2085  	3034  	4205  	5389  	6727  	7983  	8910  	9364  	9311  	8782  	7781  	6682  	5386  	4018  	2819  	1835  	1119  	706   	422   	215   	97    	42    	20    	8     	3     	nan   	nan   	nan   	nan   	nan   	nan   
100000   	2    	5.254600e-03	1     	2     	4     	8     	16    	31    	62    	120   	226   	422   	734   	1239  	1983  	2949  	4073  	5303  	6549  	7586  	8340  	8656  	8458  	8015  	7273  	6415  	5434  	4448  	3596  	2685  	1879  	1338  	862   	540   	325   	203   	111   	59    	33    	13    	8     	1     	nan   	nan   	nan   
100000   	3    	5.598000e-03	1     	2     	4     	8     	16    	32    	64    	126   	244   	434   	742   	1231  	1907  	2809  	3934  	5197  	6410  	7452  	8377  	8796  	8822  	8341  	7726  	6609  	5514  	4426  	3351  	2448  	1761  	1216  	772   	520   	339   	198   	88    	45    	27    	10    	1     	nan   	nan   	nan   	nan   

