Criação das árvores ordenadas:
n_persons	index	time        
100000   	0    	5.638830e-02
100000   	1    	6.445890e-02
100000   	2    	5.421160e-02
100000   	3    	4.659880e-02

Procura de nós nas árvores:
n_persons	index	time        
100000   	0    	5.400580e-02
100000   	1    	6.633260e-02
100000   	2    	5.724680e-02
100000   	3    	5.008380e-02

Maior profundidade das árvores:
n_persons	index	time        	depth
100000   	0    	4.354700e-03	42   
100000   	1    	4.290700e-03	38   
100000   	2    	5.169500e-03	41   
100000   	3    	5.090100e-03	40   

Número de nós em cada nível:
n_persons	index	time        	lvl0  	lvl1  	lvl2  	lvl3  	lvl4  	lvl5  	lvl6  	lvl7  	lvl8  	lvl9  	lvl10 	lvl11 	lvl12 	lvl13 	lvl14 	lvl15 	lvl16 	lvl17 	lvl18 	lvl19 	lvl20 	lvl21 	lvl22 	lvl23 	lvl24 	lvl25 	lvl26 	lvl27 	lvl28 	lvl29 	lvl30 	lvl31 	lvl32 	lvl33 	lvl34 	lvl35 	lvl36 	lvl37 	lvl38 	lvl39 	lvl40 	lvl41 	lvl42 
100000   	0    	3.819100e-03	1     	2     	4     	8     	16    	32    	62    	118   	221   	389   	691   	1143  	1802  	2633  	3661  	4711  	5839  	6728  	7564  	8120  	8318  	8099  	7460  	6563  	5648  	4723  	3926  	3160  	2456  	1856  	1380  	974   	648   	432   	265   	156   	88    	45    	23    	18    	13    	2     	2     
100000   	1    	3.804400e-03	1     	2     	4     	8     	16    	32    	63    	124   	216   	396   	682   	1097  	1676  	2505  	3503  	4636  	5776  	6761  	7499  	8042  	8228  	8181  	7748  	7121  	6341  	5241  	4160  	3169  	2314  	1604  	1124  	737   	458   	256   	143   	75    	44    	12    	5     	nan   	nan   	nan   	nan   
100000   	2    	4.535200e-03	1     	2     	4     	8     	16    	31    	59    	110   	192   	337   	598   	995   	1589  	2459  	3495  	4583  	5714  	6782  	7556  	7969  	8148  	7924  	7564  	6929  	6097  	5200  	4223  	3306  	2580  	1939  	1296  	866   	576   	362   	234   	135   	74    	28    	12    	4     	2     	1     	nan   
100000   	3    	4.432800e-03	1     	2     	4     	8     	16    	31    	59    	111   	194   	316   	480   	744   	1139  	1718  	2469  	3425  	4640  	5879  	6965  	7883  	8374  	8782  	8670  	8242  	7450  	6204  	4958  	3749  	2723  	1891  	1224  	747   	428   	246   	138   	54    	21    	10    	3     	1     	1     	nan   	nan   

