Criação das árvores ordenadas:
n_persons	index	time        
100000   	0    	5.161130e-02
100000   	1    	9.938490e-02
100000   	2    	8.453740e-02
100000   	3    	5.373750e-02

Procura de nós nas árvores:
n_persons	index	time        
100000   	0    	5.321410e-02
100000   	1    	6.347920e-02
100000   	2    	5.636220e-02
100000   	3    	4.969430e-02

Maior profundidade das árvores:
n_persons	index	time        	depth
100000   	0    	4.495100e-03	43   
100000   	1    	4.365100e-03	40   
100000   	2    	4.932000e-03	41   
100000   	3    	4.907800e-03	40   

Número de nós em cada nível:
n_persons	index	time        	lvl0  	lvl1  	lvl2  	lvl3  	lvl4  	lvl5  	lvl6  	lvl7  	lvl8  	lvl9  	lvl10 	lvl11 	lvl12 	lvl13 	lvl14 	lvl15 	lvl16 	lvl17 	lvl18 	lvl19 	lvl20 	lvl21 	lvl22 	lvl23 	lvl24 	lvl25 	lvl26 	lvl27 	lvl28 	lvl29 	lvl30 	lvl31 	lvl32 	lvl33 	lvl34 	lvl35 	lvl36 	lvl37 	lvl38 	lvl39 	lvl40 	lvl41 	lvl42 	lvl43 
100000   	0    	4.289600e-03	1     	2     	4     	8     	16    	32    	64    	127   	237   	431   	744   	1214  	1890  	2742  	3669  	4673  	5740  	6802  	7609  	8152  	8374  	8294  	7707  	6886  	5870  	4892  	3862  	2932  	2120  	1448  	990   	657   	468   	348   	258   	187   	170   	140   	96    	71    	42    	22    	7     	2     
100000   	1    	5.829400e-03	1     	2     	4     	8     	16    	32    	64    	125   	237   	435   	752   	1244  	1941  	2844  	3977  	5157  	6242  	7108  	7761  	7897  	7711  	7330  	6909  	6309  	5603  	4736  	3949  	3134  	2458  	1905  	1400  	1021  	675   	450   	261   	146   	87    	40    	20    	7     	2     	nan   	nan   	nan   
100000   	2    	4.627100e-03	1     	2     	4     	8     	16    	31    	58    	103   	187   	335   	543   	826   	1274  	1930  	2777  	3862  	5220  	6579  	7730  	8386  	8906  	8889  	8480  	7618  	6624  	5439  	4292  	3250  	2394  	1594  	1050  	714   	422   	230   	119   	41    	24    	17    	11    	9     	4     	1     	nan   	nan   
100000   	3    	4.438900e-03	1     	2     	4     	8     	16    	29    	53    	96    	165   	283   	433   	680   	1046  	1523  	2255  	3223  	4317  	5595  	6948  	8081  	8889  	9261  	9217  	8465  	7362  	6041  	4814  	3643  	2636  	1849  	1204  	763   	465   	296   	178   	89    	40    	20    	6     	2     	2     	nan   	nan   	nan   

