Criação das árvores ordenadas:
n_persons	index	time        
100000   	0    	5.444010e-02
100000   	1    	6.385150e-02
100000   	2    	6.418090e-02
100000   	3    	4.810820e-02

Procura de nós nas árvores:
n_persons	index	time        
100000   	0    	5.198910e-02
100000   	1    	6.055770e-02
100000   	2    	5.670610e-02
100000   	3    	5.028350e-02

Maior profundidade das árvores:
n_persons	index	time        	depth
100000   	0    	4.353800e-03	41   
100000   	1    	4.430700e-03	40   
100000   	2    	5.015900e-03	38   
100000   	3    	5.084100e-03	38   

Número de nós em cada nível:
n_persons	index	time        	lvl0  	lvl1  	lvl2  	lvl3  	lvl4  	lvl5  	lvl6  	lvl7  	lvl8  	lvl9  	lvl10 	lvl11 	lvl12 	lvl13 	lvl14 	lvl15 	lvl16 	lvl17 	lvl18 	lvl19 	lvl20 	lvl21 	lvl22 	lvl23 	lvl24 	lvl25 	lvl26 	lvl27 	lvl28 	lvl29 	lvl30 	lvl31 	lvl32 	lvl33 	lvl34 	lvl35 	lvl36 	lvl37 	lvl38 	lvl39 	lvl40 	lvl41 
100000   	0    	4.081100e-03	1     	2     	4     	8     	16    	31    	62    	115   	219   	398   	675   	1085  	1677  	2414  	3261  	4228  	5300  	6295  	7157  	7764  	8008  	8172  	8049  	7507  	6620  	5726  	4673  	3514  	2478  	1704  	1133  	717   	436   	239   	138   	86    	48    	22    	10    	6     	1     	1     
100000   	1    	3.937200e-03	1     	2     	4     	8     	16    	32    	64    	125   	229   	412   	740   	1222  	1948  	2922  	4092  	5393  	6679  	7838  	8585  	8795  	8537  	7898  	7104  	6035  	5047  	4250  	3405  	2644  	1962  	1386  	954   	630   	408   	293   	165   	92    	48    	25    	7     	2     	1     	nan   
100000   	2    	5.114900e-03	1     	2     	4     	8     	16    	32    	64    	121   	226   	409   	719   	1199  	1941  	2936  	4120  	5474  	6806  	7856  	8527  	8989  	8760  	8417  	7550  	6425  	5199  	4082  	3160  	2237  	1637  	1110  	766   	485   	314   	197   	103   	53    	35    	14    	6     	nan   	nan   	nan   
100000   	3    	4.670500e-03	1     	2     	4     	8     	16    	32    	64    	126   	233   	428   	736   	1200  	1871  	2770  	3864  	5035  	6190  	7411  	8298  	8712  	8749  	8355  	7554  	6687  	5738  	4597  	3536  	2642  	1870  	1293  	826   	510   	291   	171   	89    	49    	27    	13    	2     	nan   	nan   	nan   

