Criação das árvores ordenadas:
n_persons	index	time        
100000   	0    	5.215930e-02
100000   	1    	6.219500e-02
100000   	2    	5.335270e-02
100000   	3    	5.051710e-02

Procura de nós nas árvores:
n_persons	index	time        
100000   	0    	5.530330e-02
100000   	1    	6.570490e-02
100000   	2    	5.915790e-02
100000   	3    	5.178810e-02

Maior profundidade das árvores:
n_persons	index	time        	depth
100000   	0    	4.419400e-03	40   
100000   	1    	4.402100e-03	42   
100000   	2    	4.944500e-03	40   
100000   	3    	5.082800e-03	41   

Número de nós em cada nível:
n_persons	index	time        	lvl0  	lvl1  	lvl2  	lvl3  	lvl4  	lvl5  	lvl6  	lvl7  	lvl8  	lvl9  	lvl10 	lvl11 	lvl12 	lvl13 	lvl14 	lvl15 	lvl16 	lvl17 	lvl18 	lvl19 	lvl20 	lvl21 	lvl22 	lvl23 	lvl24 	lvl25 	lvl26 	lvl27 	lvl28 	lvl29 	lvl30 	lvl31 	lvl32 	lvl33 	lvl34 	lvl35 	lvl36 	lvl37 	lvl38 	lvl39 	lvl40 	lvl41 	lvl42 
100000   	0    	3.872900e-03	1     	2     	4     	7     	13    	23    	45    	88    	169   	311   	565   	957   	1517  	2282  	3291  	4491  	5680  	6782  	7696  	8250  	8588  	8454  	7980  	6960  	6049  	4965  	3971  	3130  	2386  	1774  	1296  	876   	553   	360   	234   	136   	63    	24    	17    	8     	2     	nan   	nan   
100000   	1    	3.942600e-03	1     	2     	4     	8     	16    	31    	61    	121   	231   	425   	742   	1218  	1849  	2683  	3704  	4883  	6220  	7444  	8282  	8933  	8966  	8539  	7823  	6852  	5719  	4546  	3426  	2403  	1675  	1137  	758   	517   	314   	203   	107   	75    	38    	23    	13    	4     	2     	1     	1     
100000   	2    	4.629300e-03	1     	2     	4     	8     	16    	32    	64    	127   	243   	438   	757   	1245  	1928  	2801  	3867  	5068  	6281  	7368  	8207  	8571  	8783  	8608  	8030  	7134  	5998  	4665  	3405  	2350  	1602  	1049  	626   	363   	173   	86    	56    	19    	10    	6     	5     	2     	2     	nan   	nan   
100000   	3    	4.479200e-03	1     	2     	4     	8     	16    	32    	64    	124   	230   	397   	668   	1087  	1670  	2463  	3334  	4358  	5271  	6137  	6993  	7612  	7929  	7946  	7585  	7044  	6329  	5446  	4583  	3707  	2854  	2144  	1477  	1007  	645   	364   	213   	119   	59    	40    	23    	11    	3     	1     	nan   

