Criação das árvores ordenadas:
n_persons	index	time        
100000   	0    	5.512990e-02
100000   	1    	6.495700e-02
100000   	2    	5.430410e-02
100000   	3    	4.610250e-02

Procura de nós nas árvores:
n_persons	index	time        
100000   	0    	5.195390e-02
100000   	1    	5.961880e-02
100000   	2    	5.494520e-02
100000   	3    	4.790640e-02

Maior profundidade das árvores:
n_persons	index	time        	depth
100000   	0    	4.324700e-03	37   
100000   	1    	4.652800e-03	41   
100000   	2    	4.941600e-03	41   
100000   	3    	4.902000e-03	40   

Número de nós em cada nível:
n_persons	index	time        	lvl0  	lvl1  	lvl2  	lvl3  	lvl4  	lvl5  	lvl6  	lvl7  	lvl8  	lvl9  	lvl10 	lvl11 	lvl12 	lvl13 	lvl14 	lvl15 	lvl16 	lvl17 	lvl18 	lvl19 	lvl20 	lvl21 	lvl22 	lvl23 	lvl24 	lvl25 	lvl26 	lvl27 	lvl28 	lvl29 	lvl30 	lvl31 	lvl32 	lvl33 	lvl34 	lvl35 	lvl36 	lvl37 	lvl38 	lvl39 	lvl40 	lvl41 
100000   	0    	3.877600e-03	1     	2     	4     	8     	16    	32    	64    	125   	239   	432   	756   	1266  	1974  	2945  	4033  	5281  	6501  	7465  	8214  	8506  	8523  	8107  	7448  	6484  	5415  	4369  	3529  	2613  	1895  	1344  	937   	652   	405   	239   	118   	43    	14    	1     	nan   	nan   	nan   	nan   
100000   	1    	4.028200e-03	1     	2     	4     	8     	16    	32    	64    	115   	206   	368   	619   	984   	1477  	2026  	2718  	3550  	4492  	5486  	6524  	7420  	8165  	8655  	8615  	8274  	7448  	6302  	4997  	3854  	2809  	1834  	1213  	740   	433   	249   	141   	81    	45    	21    	7     	2     	2     	1     
100000   	2    	4.608600e-03	1     	2     	4     	8     	16    	32    	64    	127   	243   	452   	796   	1303  	2056  	3062  	4219  	5459  	6674  	7777  	8408  	8514  	8275  	7837  	7065  	6009  	4906  	4037  	3197  	2484  	1921  	1466  	1134  	804   	572   	384   	264   	184   	109   	65    	36    	20    	12    	2     
100000   	3    	4.351300e-03	1     	2     	4     	8     	16    	32    	61    	117   	216   	395   	685   	1186  	1925  	2859  	4063  	5362  	6480  	7588  	8275  	8654  	8627  	8233  	7519  	6570  	5509  	4371  	3354  	2574  	1857  	1298  	876   	564   	349   	191   	99    	48    	18    	7     	5     	1     	1     	nan   

