Criação das árvores ordenadas:
n_persons	index	time        
100000   	0    	6.951610e-02
100000   	1    	6.825280e-02
100000   	2    	6.305230e-02
100000   	3    	5.946630e-02

Procura de nós nas árvores:
n_persons	index	time        
100000   	0    	7.547940e-02
100000   	1    	9.100110e-02
100000   	2    	6.124050e-02
100000   	3    	5.988160e-02

Maior profundidade das árvores:
n_persons	index	time        	depth
100000   	0    	5.276100e-03	40   
100000   	1    	4.437800e-03	37   
100000   	2    	6.101400e-03	39   
100000   	3    	7.504800e-03	42   

Número de nós em cada nível:
n_persons	index	time        	lvl0  	lvl1  	lvl2  	lvl3  	lvl4  	lvl5  	lvl6  	lvl7  	lvl8  	lvl9  	lvl10 	lvl11 	lvl12 	lvl13 	lvl14 	lvl15 	lvl16 	lvl17 	lvl18 	lvl19 	lvl20 	lvl21 	lvl22 	lvl23 	lvl24 	lvl25 	lvl26 	lvl27 	lvl28 	lvl29 	lvl30 	lvl31 	lvl32 	lvl33 	lvl34 	lvl35 	lvl36 	lvl37 	lvl38 	lvl39 	lvl40 	lvl41 	lvl42 
100000   	0    	5.086000e-03	1     	2     	4     	8     	16    	32    	62    	122   	223   	394   	678   	1120  	1810  	2748  	3961  	5242  	6505  	7587  	8473  	8951  	8952  	8536  	7701  	6595  	5449  	4221  	3261  	2438  	1793  	1232  	789   	488   	286   	157   	81    	48    	20    	9     	3     	1     	1     	nan   	nan   
100000   	1    	5.956200e-03	1     	2     	4     	8     	16    	31    	57    	111   	217   	403   	732   	1237  	1961  	2932  	4183  	5574  	7023  	8055  	9024  	9337  	9249  	8572  	7543  	6218  	4963  	3917  	2934  	2055  	1387  	901   	584   	355   	200   	108   	58    	31    	15    	2     	nan   	nan   	nan   	nan   	nan   
100000   	2    	4.625000e-03	1     	2     	4     	8     	16    	32    	63    	124   	234   	424   	778   	1319  	2109  	3089  	4370  	5783  	7081  	8203  	9029  	9471  	9239  	8622  	7596  	6422  	5030  	3756  	2619  	1799  	1172  	714   	424   	220   	113   	47    	36    	18    	14    	11    	6     	2     	nan   	nan   	nan   
100000   	3    	4.394700e-03	1     	2     	4     	7     	12    	21    	31    	58    	109   	198   	349   	597   	960   	1515  	2272  	3251  	4278  	5470  	6612  	7635  	8438  	8802  	8703  	8247  	7307  	6201  	5114  	4059  	3125  	2237  	1535  	1047  	674   	424   	267   	172   	123   	68    	41    	21    	8     	4     	1     

