Criação das árvores ordenadas:
n_persons	index	time        
100000   	0    	5.359880e-02
100000   	1    	6.524090e-02
100000   	2    	6.008860e-02
100000   	3    	4.799270e-02

Procura de nós nas árvores:
n_persons	index	time        
100000   	0    	5.686390e-02
100000   	1    	6.219930e-02
100000   	2    	6.004920e-02
100000   	3    	4.890090e-02

Maior profundidade das árvores:
n_persons	index	time        	depth
100000   	0    	4.459600e-03	40   
100000   	1    	4.684600e-03	39   
100000   	2    	4.920400e-03	43   
100000   	3    	4.900300e-03	40   

Número de nós em cada nível:
n_persons	index	time        	lvl0  	lvl1  	lvl2  	lvl3  	lvl4  	lvl5  	lvl6  	lvl7  	lvl8  	lvl9  	lvl10 	lvl11 	lvl12 	lvl13 	lvl14 	lvl15 	lvl16 	lvl17 	lvl18 	lvl19 	lvl20 	lvl21 	lvl22 	lvl23 	lvl24 	lvl25 	lvl26 	lvl27 	lvl28 	lvl29 	lvl30 	lvl31 	lvl32 	lvl33 	lvl34 	lvl35 	lvl36 	lvl37 	lvl38 	lvl39 	lvl40 	lvl41 	lvl42 	lvl43 
100000   	0    	4.296000e-03	1     	2     	4     	8     	16    	32    	63    	122   	218   	373   	624   	994   	1543  	2281  	3231  	4311  	5566  	6704  	7605  	8258  	8402  	8303  	7910  	7100  	6271  	5374  	4369  	3390  	2488  	1685  	1133  	713   	436   	244   	111   	61    	30    	18    	3     	2     	1     	nan   	nan   	nan   
100000   	1    	4.177600e-03	1     	2     	4     	8     	16    	32    	64    	122   	226   	398   	671   	1093  	1757  	2688  	3842  	5117  	6422  	7597  	8531  	9126  	9147  	8722  	7886  	6769  	5517  	4439  	3195  	2316  	1614  	1046  	689   	400   	244   	131   	84    	47    	26    	6     	3     	2     	nan   	nan   	nan   	nan   
100000   	2    	4.393800e-03	1     	2     	4     	8     	16    	31    	62    	120   	212   	364   	629   	1032  	1607  	2337  	3275  	4313  	5348  	6350  	7077  	7687  	7953  	8030  	7797  	7413  	6775  	5715  	4606  	3574  	2651  	1812  	1165  	741   	450   	298   	186   	117   	88    	50    	33    	24    	24    	16    	5     	2     
100000   	3    	4.403700e-03	1     	2     	4     	8     	16    	32    	64    	122   	228   	395   	653   	1029  	1541  	2167  	2963  	3943  	5052  	6239  	7150  	8004  	8654  	8886  	8582  	7818  	6801  	5535  	4416  	3350  	2315  	1614  	1069  	620   	357   	199   	104   	41    	14    	6     	3     	1     	2     	nan   	nan   	nan   

