Criação das árvores ordenadas:
n_persons	index	time        
100000   	0    	5.448950e-02
100000   	1    	6.136630e-02
100000   	2    	5.387280e-02
100000   	3    	4.578480e-02

Procura de nós nas árvores:
n_persons	index	time        
100000   	0    	5.266090e-02
100000   	1    	5.836610e-02
100000   	2    	5.659350e-02
100000   	3    	4.990260e-02

Maior profundidade das árvores:
n_persons	index	time        	depth
100000   	0    	6.397200e-03	37   
100000   	1    	4.568700e-03	41   
100000   	2    	4.926000e-03	46   
100000   	3    	4.946700e-03	40   

Número de nós em cada nível:
n_persons	index	time        	lvl0  	lvl1  	lvl2  	lvl3  	lvl4  	lvl5  	lvl6  	lvl7  	lvl8  	lvl9  	lvl10 	lvl11 	lvl12 	lvl13 	lvl14 	lvl15 	lvl16 	lvl17 	lvl18 	lvl19 	lvl20 	lvl21 	lvl22 	lvl23 	lvl24 	lvl25 	lvl26 	lvl27 	lvl28 	lvl29 	lvl30 	lvl31 	lvl32 	lvl33 	lvl34 	lvl35 	lvl36 	lvl37 	lvl38 	lvl39 	lvl40 	lvl41 	lvl42 	lvl43 	lvl44 	lvl45 	lvl46 
100000   	0    	4.234200e-03	1     	2     	4     	8     	16    	32    	64    	128   	246   	454   	804   	1339  	2182  	3256  	4516  	5859  	7204  	8334  	9123  	9244  	8826  	8125  	7199  	6057  	4897  	3797  	2790  	1956  	1335  	851   	559   	384   	229   	111   	45    	18    	4     	1     	nan   	nan   	nan   	nan   	nan   	nan   	nan   	nan   	nan   
100000   	1    	3.934100e-03	1     	2     	4     	8     	16    	32    	64    	123   	237   	441   	778   	1329  	2104  	3144  	4349  	5637  	6764  	7853  	8522  	8731  	8744  	8172  	7294  	6336  	5271  	4173  	3174  	2317  	1575  	1002  	654   	424   	273   	179   	118   	76    	40    	20    	10    	3     	4     	2     	nan   	nan   	nan   	nan   	nan   
100000   	2    	4.390700e-03	1     	2     	4     	8     	16    	32    	64    	125   	234   	421   	716   	1161  	1783  	2664  	3656  	4798  	6046  	7206  	8060  	8561  	8718  	8443  	7712  	6719  	5767  	4713  	3577  	2605  	1921  	1354  	931   	664   	461   	311   	197   	122   	78    	47    	33    	25    	18    	10    	7     	3     	2     	2     	2     
100000   	3    	4.460400e-03	1     	2     	4     	8     	16    	32    	64    	122   	224   	411   	728   	1225  	1938  	2897  	3999  	5260  	6574  	7671  	8585  	9073  	8923  	8486  	7570  	6463  	5439  	4347  	3315  	2401  	1642  	1076  	653   	388   	204   	106   	61    	41    	26    	11    	6     	5     	3     	nan   	nan   	nan   	nan   	nan   	nan   

