Criação das árvores ordenadas:
n_persons	index	time        
100000   	0    	6.681260e-02
100000   	1    	7.615980e-02
100000   	2    	7.677150e-02
100000   	3    	6.365830e-02

Procura de nós nas árvores:
n_persons	index	time        
100000   	0    	7.436780e-02
100000   	1    	7.924160e-02
100000   	2    	7.475990e-02
100000   	3    	6.216690e-02

Maior profundidade das árvores:
n_persons	index	time        	depth
100000   	0    	5.764400e-03	36   
100000   	1    	5.658800e-03	40   
100000   	2    	5.697300e-03	37   
100000   	3    	5.599600e-03	39   

Número de nós em cada nível:
n_persons	index	time        	lvl0  	lvl1  	lvl2  	lvl3  	lvl4  	lvl5  	lvl6  	lvl7  	lvl8  	lvl9  	lvl10 	lvl11 	lvl12 	lvl13 	lvl14 	lvl15 	lvl16 	lvl17 	lvl18 	lvl19 	lvl20 	lvl21 	lvl22 	lvl23 	lvl24 	lvl25 	lvl26 	lvl27 	lvl28 	lvl29 	lvl30 	lvl31 	lvl32 	lvl33 	lvl34 	lvl35 	lvl36 	lvl37 	lvl38 	lvl39 	lvl40 
100000   	0    	4.429500e-03	1     	2     	4     	8     	16    	32    	63    	117   	222   	399   	679   	1112  	1733  	2604  	3645  	4721  	5967  	7110  	8095  	8685  	8885  	8823  	8247  	7319  	6234  	5016  	3680  	2590  	1718  	1037  	594   	330   	178   	84    	35    	10    	5     	nan   	nan   	nan   	nan   
100000   	1    	4.483700e-03	1     	2     	4     	8     	16    	30    	52    	98    	181   	344   	612   	1028  	1650  	2385  	3274  	4306  	5313  	6128  	6834  	7192  	7357  	7353  	7323  	7077  	6612  	5874  	5035  	4120  	3237  	2345  	1628  	1070  	668   	399   	240   	124   	46    	22    	9     	2     	1     
100000   	2    	4.975200e-03	1     	2     	4     	8     	16    	32    	64    	124   	238   	432   	738   	1250  	1995  	2978  	4211  	5567  	6990  	8357  	9269  	9574  	9465  	8657  	7487  	6265  	4923  	3721  	2669  	1859  	1234  	744   	489   	304   	171   	90    	48    	19    	4     	1     	nan   	nan   	nan   
100000   	3    	5.111400e-03	1     	2     	4     	8     	16    	32    	63    	117   	214   	380   	657   	1098  	1772  	2618  	3647  	4809  	6112  	7296  	8318  	9072  	9284  	9027  	8166  	6920  	5604  	4310  	3248  	2426  	1687  	1153  	772   	492   	302   	156   	103   	51    	37    	19    	6     	1     	nan   

