Criação das árvores ordenadas:
n_persons	index	time        
100000   	0    	5.215950e-02
100000   	1    	6.208980e-02
100000   	2    	5.527200e-02
100000   	3    	5.409420e-02

Procura de nós nas árvores:
n_persons	index	time        
100000   	0    	5.566220e-02
100000   	1    	5.938560e-02
100000   	2    	5.685250e-02
100000   	3    	4.864400e-02

Maior profundidade das árvores:
n_persons	index	time        	depth
100000   	0    	4.467900e-03	40   
100000   	1    	4.584200e-03	43   
100000   	2    	4.947800e-03	41   
100000   	3    	4.858100e-03	39   

Número de nós em cada nível:
n_persons	index	time        	lvl0  	lvl1  	lvl2  	lvl3  	lvl4  	lvl5  	lvl6  	lvl7  	lvl8  	lvl9  	lvl10 	lvl11 	lvl12 	lvl13 	lvl14 	lvl15 	lvl16 	lvl17 	lvl18 	lvl19 	lvl20 	lvl21 	lvl22 	lvl23 	lvl24 	lvl25 	lvl26 	lvl27 	lvl28 	lvl29 	lvl30 	lvl31 	lvl32 	lvl33 	lvl34 	lvl35 	lvl36 	lvl37 	lvl38 	lvl39 	lvl40 	lvl41 	lvl42 	lvl43 
100000   	0    	4.574100e-03	1     	2     	4     	8     	16    	32    	60    	117   	218   	380   	623   	992   	1498  	2202  	3107  	4143  	5239  	6522  	7600  	8455  	8887  	8678  	8095  	7206  	6164  	5162  	4104  	3080  	2245  	1599  	1108  	784   	559   	379   	276   	201   	130   	76    	28    	17    	3     	nan   	nan   	nan   
100000   	1    	6.285500e-03	1     	2     	4     	8     	16    	32    	63    	122   	226   	404   	692   	1138  	1731  	2566  	3591  	4768  	5878  	6924  	7547  	8067  	8114  	7811  	7295  	6549  	5630  	4783  	3920  	3146  	2529  	1898  	1374  	1031  	720   	511   	338   	238   	163   	90    	48    	18    	8     	3     	2     	1     
100000   	2    	6.619200e-03	1     	2     	4     	8     	16    	32    	64    	125   	231   	413   	702   	1127  	1761  	2558  	3636  	4808  	5963  	7069  	7906  	8285  	8409  	8194  	7615  	6858  	6005  	4952  	3988  	3039  	2217  	1524  	983   	630   	375   	242   	128   	59    	42    	17    	6     	3     	2     	1     	nan   	nan   
100000   	3    	5.767700e-03	1     	2     	4     	8     	16    	32    	63    	114   	209   	373   	659   	1086  	1714  	2478  	3394  	4437  	5509  	6396  	7199  	7686  	7874  	7740  	7468  	6955  	6203  	5402  	4484  	3564  	2784  	2102  	1519  	1029  	627   	387   	231   	139   	70    	28    	12    	2     	nan   	nan   	nan   	nan   

