Criação das árvores ordenadas:
n_persons	index	time        
100000   	0    	9.767560e-02
100000   	1    	8.298950e-02
100000   	2    	5.755480e-02
100000   	3    	4.736330e-02

Procura de nós nas árvores:
n_persons	index	time        
100000   	0    	5.644130e-02
100000   	1    	7.341870e-02
100000   	2    	6.019830e-02
100000   	3    	5.688870e-02

Maior profundidade das árvores:
n_persons	index	time        	depth
100000   	0    	4.679500e-03	41   
100000   	1    	4.474800e-03	42   
100000   	2    	4.859700e-03	41   
100000   	3    	5.228100e-03	37   

Número de nós em cada nível:
n_persons	index	time        	lvl0  	lvl1  	lvl2  	lvl3  	lvl4  	lvl5  	lvl6  	lvl7  	lvl8  	lvl9  	lvl10 	lvl11 	lvl12 	lvl13 	lvl14 	lvl15 	lvl16 	lvl17 	lvl18 	lvl19 	lvl20 	lvl21 	lvl22 	lvl23 	lvl24 	lvl25 	lvl26 	lvl27 	lvl28 	lvl29 	lvl30 	lvl31 	lvl32 	lvl33 	lvl34 	lvl35 	lvl36 	lvl37 	lvl38 	lvl39 	lvl40 	lvl41 	lvl42 
100000   	0    	4.088100e-03	1     	2     	4     	8     	15    	29    	56    	109   	200   	358   	616   	1022  	1613  	2462  	3465  	4585  	5702  	6778  	7614  	8205  	8607  	8520  	8180  	7443  	6477  	5358  	4130  	3049  	2071  	1367  	858   	489   	269   	158   	81    	46    	26    	12    	7     	4     	3     	1     	nan   
100000   	1    	4.035700e-03	1     	2     	4     	8     	15    	30    	60    	119   	219   	378   	640   	983   	1488  	2251  	3169  	4208  	5436  	6726  	7723  	8557  	8857  	8803  	8283  	7534  	6447  	5263  	4035  	2967  	2174  	1435  	929   	541   	294   	168   	93    	64    	41    	22    	14    	8     	5     	5     	1     
100000   	2    	4.506100e-03	1     	2     	4     	8     	16    	32    	62    	119   	217   	383   	637   	1019  	1545  	2337  	3283  	4353  	5464  	6589  	7558  	8240  	8517  	8549  	8014  	7304  	6291  	5370  	4276  	3263  	2326  	1515  	1025  	676   	442   	245   	150   	82    	38    	25    	12    	7     	3     	1     	nan   
100000   	3    	4.679900e-03	1     	2     	4     	8     	16    	32    	63    	117   	212   	374   	623   	1027  	1612  	2440  	3518  	4648  	5759  	6889  	7756  	8432  	8756  	8790  	8290  	7397  	6190  	5089  	3920  	2936  	2052  	1360  	803   	443   	234   	106   	55    	24    	15    	7     	nan   	nan   	nan   	nan   	nan   

