Criação das árvores ordenadas:
n_persons	index	time        
100000   	0    	5.049790e-02
100000   	1    	6.603250e-02
100000   	2    	5.487140e-02
100000   	3    	4.631820e-02

Procura de nós nas árvores:
n_persons	index	time        
100000   	0    	5.239610e-02
100000   	1    	5.990820e-02
100000   	2    	5.822190e-02
100000   	3    	5.049100e-02

Maior profundidade das árvores:
n_persons	index	time        	depth
100000   	0    	5.539500e-03	39   
100000   	1    	4.623700e-03	36   
100000   	2    	5.066000e-03	38   
100000   	3    	5.665300e-03	40   

Número de nós em cada nível:
n_persons	index	time        	lvl0  	lvl1  	lvl2  	lvl3  	lvl4  	lvl5  	lvl6  	lvl7  	lvl8  	lvl9  	lvl10 	lvl11 	lvl12 	lvl13 	lvl14 	lvl15 	lvl16 	lvl17 	lvl18 	lvl19 	lvl20 	lvl21 	lvl22 	lvl23 	lvl24 	lvl25 	lvl26 	lvl27 	lvl28 	lvl29 	lvl30 	lvl31 	lvl32 	lvl33 	lvl34 	lvl35 	lvl36 	lvl37 	lvl38 	lvl39 	lvl40 
100000   	0    	4.095300e-03	1     	2     	4     	8     	16    	32    	64    	124   	237   	443   	739   	1217  	1868  	2772  	3857  	5042  	6312  	7228  	7929  	8318  	8254  	7970  	7519  	6677  	5743  	4787  	3767  	2859  	2037  	1466  	998   	675   	430   	283   	171   	88    	42    	14    	5     	2     	nan   
100000   	1    	3.960100e-03	1     	2     	4     	8     	16    	32    	62    	121   	235   	437   	792   	1352  	2201  	3301  	4615  	6226  	7803  	9068  	9767  	10032 	9513  	8383  	7188  	5659  	4287  	3179  	2149  	1445  	954   	543   	318   	181   	80    	36    	8     	1     	1     	nan   	nan   	nan   	nan   
100000   	2    	4.578700e-03	1     	2     	4     	8     	16    	32    	64    	126   	242   	452   	815   	1390  	2192  	3246  	4554  	5993  	7181  	8196  	8824  	9089  	8774  	8059  	7069  	6024  	4929  	3912  	2881  	2054  	1492  	1011  	621   	357   	201   	97    	52    	20    	12    	6     	2     	nan   	nan   
100000   	3    	4.498100e-03	1     	2     	4     	8     	16    	31    	59    	113   	215   	390   	649   	1028  	1618  	2414  	3386  	4522  	5640  	6766  	7784  	8473  	8702  	8599  	8007  	7175  	6121  	5061  	3968  	2942  	2097  	1503  	1060  	668   	432   	238   	147   	87    	39    	18    	9     	5     	3     

