Criação das árvores ordenadas:
n_persons	index	time        
100000   	0    	7.897320e-02
100000   	1    	6.759260e-02
100000   	2    	5.612150e-02
100000   	3    	5.016690e-02

Procura de nós nas árvores:
n_persons	index	time        
100000   	0    	5.847410e-02
100000   	1    	6.887770e-02
100000   	2    	5.881640e-02
100000   	3    	5.676250e-02

Maior profundidade das árvores:
n_persons	index	time        	depth
100000   	0    	5.351100e-03	42   
100000   	1    	5.875900e-03	39   
100000   	2    	6.867500e-03	41   
100000   	3    	5.975400e-03	39   

Número de nós em cada nível:
n_persons	index	time        	lvl0  	lvl1  	lvl2  	lvl3  	lvl4  	lvl5  	lvl6  	lvl7  	lvl8  	lvl9  	lvl10 	lvl11 	lvl12 	lvl13 	lvl14 	lvl15 	lvl16 	lvl17 	lvl18 	lvl19 	lvl20 	lvl21 	lvl22 	lvl23 	lvl24 	lvl25 	lvl26 	lvl27 	lvl28 	lvl29 	lvl30 	lvl31 	lvl32 	lvl33 	lvl34 	lvl35 	lvl36 	lvl37 	lvl38 	lvl39 	lvl40 	lvl41 	lvl42 
100000   	0    	4.355900e-03	1     	2     	4     	8     	16    	31    	56    	107   	198   	346   	544   	868   	1302  	1856  	2559  	3379  	4330  	5194  	6126  	6805  	7317  	7467  	7523  	7218  	6771  	6276  	5572  	4768  	3838  	3002  	2209  	1588  	1068  	676   	397   	249   	148   	93    	50    	26    	8     	3     	1     
100000   	1    	4.468000e-03	1     	2     	4     	8     	16    	32    	63    	116   	213   	382   	654   	1069  	1696  	2546  	3647  	4927  	6289  	7647  	8691  	9253  	9325  	8956  	8070  	6838  	5686  	4371  	3193  	2227  	1581  	1031  	654   	406   	212   	112   	49    	18    	8     	3     	2     	2     	nan   	nan   	nan   
100000   	2    	5.255000e-03	1     	2     	4     	8     	16    	32    	64    	120   	231   	412   	723   	1170  	1784  	2603  	3577  	4668  	5801  	6834  	7625  	8134  	8353  	8181  	7567  	6744  	5950  	4998  	4041  	3201  	2358  	1696  	1143  	795   	503   	325   	165   	94    	44    	21    	7     	3     	1     	1     	nan   
100000   	3    	5.075600e-03	1     	2     	4     	8     	16    	32    	64    	122   	231   	416   	704   	1134  	1742  	2495  	3408  	4540  	5681  	6792  	7756  	8413  	8722  	8575  	7950  	7138  	6195  	5086  	3954  	2972  	2127  	1441  	954   	596   	347   	197   	100   	52    	18    	9     	5     	1     	nan   	nan   	nan   

