Criação das árvores ordenadas:
n_persons	index	time        
100000   	0    	5.159080e-02
100000   	1    	6.185480e-02
100000   	2    	5.519210e-02
100000   	3    	4.647390e-02

Procura de nós nas árvores:
n_persons	index	time        
100000   	0    	5.431220e-02
100000   	1    	6.494680e-02
100000   	2    	6.074310e-02
100000   	3    	4.921390e-02

Maior profundidade das árvores:
n_persons	index	time        	depth
100000   	0    	4.626000e-03	39   
100000   	1    	4.339300e-03	38   
100000   	2    	5.001300e-03	39   
100000   	3    	5.205000e-03	42   

Número de nós em cada nível:
n_persons	index	time        	lvl0  	lvl1  	lvl2  	lvl3  	lvl4  	lvl5  	lvl6  	lvl7  	lvl8  	lvl9  	lvl10 	lvl11 	lvl12 	lvl13 	lvl14 	lvl15 	lvl16 	lvl17 	lvl18 	lvl19 	lvl20 	lvl21 	lvl22 	lvl23 	lvl24 	lvl25 	lvl26 	lvl27 	lvl28 	lvl29 	lvl30 	lvl31 	lvl32 	lvl33 	lvl34 	lvl35 	lvl36 	lvl37 	lvl38 	lvl39 	lvl40 	lvl41 	lvl42 
100000   	0    	4.350800e-03	1     	2     	4     	8     	16    	32    	64    	126   	241   	440   	781   	1281  	1979  	2940  	4112  	5225  	6276  	7288  	7917  	8297  	8274  	7995  	7326  	6486  	5617  	4562  	3617  	2795  	2117  	1492  	1030  	675   	426   	261   	152   	77    	45    	14    	7     	2     	nan   	nan   	nan   
100000   	1    	4.018700e-03	1     	2     	4     	8     	16    	32    	62    	119   	209   	372   	638   	1043  	1638  	2419  	3477  	4776  	6165  	7416  	8358  	8981  	9101  	8680  	8018  	6966  	5793  	4576  	3539  	2541  	1773  	1274  	814   	527   	319   	175   	103   	46    	12    	6     	1     	nan   	nan   	nan   	nan   
100000   	2    	4.543500e-03	1     	2     	4     	8     	16    	32    	57    	107   	198   	354   	634   	1048  	1647  	2489  	3510  	4761  	6104  	7396  	8424  	9007  	9081  	8738  	8188  	7077  	5808  	4593  	3447  	2522  	1734  	1213  	778   	476   	288   	149   	69    	25    	9     	3     	1     	2     	nan   	nan   	nan   
100000   	3    	4.730300e-03	1     	2     	4     	8     	16    	32    	62    	117   	215   	386   	655   	1072  	1658  	2445  	3496  	4837  	6164  	7439  	8651  	9220  	9243  	8777  	7945  	6907  	5642  	4466  	3385  	2456  	1661  	1098  	730   	482   	305   	161   	89    	60    	44    	32    	18    	12    	4     	2     	1     

