Criação das árvores ordenadas:
n_persons	index	time        
100000   	0    	1.368321e-01
100000   	1    	1.447191e-01
100000   	2    	9.818240e-02
100000   	3    	8.168630e-02

Procura de nós nas árvores:
n_persons	index	time        
100000   	0    	7.664480e-02
100000   	1    	8.001810e-02
100000   	2    	9.138970e-02
100000   	3    	7.980740e-02

Maior profundidade das árvores:
n_persons	index	time        	depth
100000   	0    	5.132700e-03	41   
100000   	1    	6.026300e-03	40   
100000   	2    	6.846100e-03	40   
100000   	3    	7.334400e-03	41   

Número de nós em cada nível:
n_persons	index	time        	lvl0  	lvl1  	lvl2  	lvl3  	lvl4  	lvl5  	lvl6  	lvl7  	lvl8  	lvl9  	lvl10 	lvl11 	lvl12 	lvl13 	lvl14 	lvl15 	lvl16 	lvl17 	lvl18 	lvl19 	lvl20 	lvl21 	lvl22 	lvl23 	lvl24 	lvl25 	lvl26 	lvl27 	lvl28 	lvl29 	lvl30 	lvl31 	lvl32 	lvl33 	lvl34 	lvl35 	lvl36 	lvl37 	lvl38 	lvl39 	lvl40 	lvl41 
100000   	0    	6.606100e-03	1     	2     	4     	8     	16    	32    	62    	119   	224   	405   	715   	1187  	1877  	2787  	3750  	4872  	6001  	6916  	7712  	8157  	8245  	7853  	7243  	6360  	5522  	4708  	3883  	3094  	2422  	1897  	1368  	929   	582   	374   	258   	177   	114   	68    	34    	16    	4     	2     
100000   	1    	5.040800e-03	1     	2     	4     	8     	16    	31    	57    	101   	183   	320   	551   	871   	1322  	1873  	2623  	3507  	4490  	5652  	6701  	7474  	7865  	8054  	7837  	7435  	6623  	5786  	4952  	4074  	3341  	2543  	1917  	1372  	924   	623   	402   	223   	137   	58    	29    	15    	3     	nan   
100000   	2    	5.494700e-03	1     	2     	4     	8     	16    	32    	64    	127   	240   	433   	727   	1168  	1813  	2645  	3675  	4755  	5798  	6828  	7578  	8052  	8060  	7988  	7536  	6833  	5978  	5072  	4172  	3304  	2446  	1741  	1192  	785   	442   	234   	123   	64    	34    	14    	9     	4     	3     	nan   
100000   	3    	6.359000e-03	1     	2     	4     	8     	16    	32    	59    	110   	201   	351   	571   	914   	1415  	2152  	3097  	4271  	5538  	6749  	7801  	8575  	8966  	8814  	8196  	7194  	6168  	4976  	3996  	3008  	2185  	1549  	1115  	775   	471   	294   	177   	104   	70    	39    	24    	8     	2     	2     

