Criação das árvores ordenadas:
n_persons	index	time        
100000   	0    	5.240310e-02
100000   	1    	6.847340e-02
100000   	2    	5.513830e-02
100000   	3    	4.871180e-02

Procura de nós nas árvores:
n_persons	index	time        
100000   	0    	5.411210e-02
100000   	1    	6.331900e-02
100000   	2    	5.725920e-02
100000   	3    	5.104130e-02

Maior profundidade das árvores:
n_persons	index	time        	depth
100000   	0    	4.330500e-03	43   
100000   	1    	4.771200e-03	36   
100000   	2    	4.894600e-03	39   
100000   	3    	4.970800e-03	37   

Número de nós em cada nível:
n_persons	index	time        	lvl0  	lvl1  	lvl2  	lvl3  	lvl4  	lvl5  	lvl6  	lvl7  	lvl8  	lvl9  	lvl10 	lvl11 	lvl12 	lvl13 	lvl14 	lvl15 	lvl16 	lvl17 	lvl18 	lvl19 	lvl20 	lvl21 	lvl22 	lvl23 	lvl24 	lvl25 	lvl26 	lvl27 	lvl28 	lvl29 	lvl30 	lvl31 	lvl32 	lvl33 	lvl34 	lvl35 	lvl36 	lvl37 	lvl38 	lvl39 	lvl40 	lvl41 	lvl42 	lvl43 
100000   	0    	3.926700e-03	1     	2     	4     	8     	16    	32    	64    	128   	245   	438   	750   	1228  	1903  	2867  	4037  	5408  	6777  	7872  	8695  	9053  	8849  	8243  	7351  	6446  	5329  	4177  	3090  	2234  	1626  	1121  	726   	486   	300   	202   	115   	73    	42    	28    	14    	7     	7     	3     	2     	1     
100000   	1    	4.291900e-03	1     	2     	4     	8     	16    	32    	64    	125   	240   	453   	812   	1337  	2060  	3021  	4231  	5480  	6676  	7707  	8540  	8924  	8881  	8409  	7670  	6579  	5347  	4152  	3112  	2218  	1480  	993   	646   	365   	218   	130   	50    	16    	1     	nan   	nan   	nan   	nan   	nan   	nan   	nan   
100000   	2    	4.968900e-03	1     	2     	4     	8     	16    	31    	62    	114   	209   	370   	623   	1035  	1613  	2343  	3254  	4349  	5551  	6625  	7512  	8218  	8665  	8603  	8063  	7287  	6242  	5211  	4084  	3148  	2274  	1646  	1133  	711   	442   	262   	156   	76    	34    	13    	6     	4     	nan   	nan   	nan   	nan   
100000   	3    	4.950700e-03	1     	2     	4     	8     	16    	32    	64    	126   	236   	440   	780   	1290  	2002  	2925  	4055  	5245  	6552  	7786  	8803  	9243  	9226  	8774  	7831  	6589  	5212  	4049  	2938  	2077  	1449  	939   	574   	339   	194   	111   	55    	22    	8     	3     	nan   	nan   	nan   	nan   	nan   	nan   

