Criação das árvores ordenadas:
n_persons	index	time        
100000   	0    	5.400650e-02
100000   	1    	6.313550e-02
100000   	2    	5.361710e-02
100000   	3    	4.953680e-02

Procura de nós nas árvores:
n_persons	index	time        
100000   	0    	5.398520e-02
100000   	1    	7.051050e-02
100000   	2    	5.965930e-02
100000   	3    	5.329820e-02

Maior profundidade das árvores:
n_persons	index	time        	depth
100000   	0    	4.312300e-03	45   
100000   	1    	4.533400e-03	45   
100000   	2    	4.981600e-03	39   
100000   	3    	4.828400e-03	38   

Número de nós em cada nível:
n_persons	index	time        	lvl0  	lvl1  	lvl2  	lvl3  	lvl4  	lvl5  	lvl6  	lvl7  	lvl8  	lvl9  	lvl10 	lvl11 	lvl12 	lvl13 	lvl14 	lvl15 	lvl16 	lvl17 	lvl18 	lvl19 	lvl20 	lvl21 	lvl22 	lvl23 	lvl24 	lvl25 	lvl26 	lvl27 	lvl28 	lvl29 	lvl30 	lvl31 	lvl32 	lvl33 	lvl34 	lvl35 	lvl36 	lvl37 	lvl38 	lvl39 	lvl40 	lvl41 	lvl42 	lvl43 	lvl44 	lvl45 
100000   	0    	3.882500e-03	1     	2     	4     	8     	16    	32    	62    	119   	222   	402   	677   	1113  	1704  	2440  	3338  	4448  	5614  	6698  	7775  	8514  	8763  	8587  	8041  	7043  	5969  	4842  	3800  	2930  	2133  	1492  	1053  	754   	465   	297   	202   	136   	77    	57    	56    	38    	28    	24    	13    	7     	2     	2     
100000   	1    	3.919200e-03	1     	2     	4     	8     	16    	32    	61    	111   	206   	347   	592   	974   	1583  	2352  	3333  	4390  	5477  	6483  	7310  	7712  	7999  	7868  	7409  	6658  	6018  	5235  	4384  	3513  	2762  	2116  	1539  	1118  	763   	536   	397   	300   	182   	85    	52    	30    	15    	8     	8     	6     	3     	2     
100000   	2    	5.163400e-03	1     	2     	4     	8     	16    	32    	64    	127   	230   	404   	682   	1110  	1730  	2555  	3586  	4789  	6064  	7224  	8153  	8692  	8792  	8496  	7930  	7027  	6018  	4873  	3640  	2653  	1887  	1300  	838   	491   	267   	165   	87    	39    	16    	6     	1     	1     	nan   	nan   	nan   	nan   	nan   	nan   
100000   	3    	4.794600e-03	1     	2     	4     	8     	16    	32    	64    	126   	244   	442   	772   	1275  	1932  	2839  	3832  	4902  	5870  	6710  	7429  	7779  	7841  	7531  	6976  	6367  	5679  	4913  	4125  	3399  	2689  	2062  	1523  	1074  	673   	436   	239   	122   	55    	13    	4     	nan   	nan   	nan   	nan   	nan   	nan   	nan   

