Criação das árvores ordenadas:
n_persons	index	time        
100000   	0    	5.514390e-02
100000   	1    	6.388260e-02
100000   	2    	5.431160e-02
100000   	3    	5.018410e-02

Procura de nós nas árvores:
n_persons	index	time        
100000   	0    	5.253390e-02
100000   	1    	6.112640e-02
100000   	2    	5.669970e-02
100000   	3    	5.038950e-02

Maior profundidade das árvores:
n_persons	index	time        	depth
100000   	0    	4.619000e-03	36   
100000   	1    	4.499600e-03	41   
100000   	2    	5.032500e-03	37   
100000   	3    	5.030600e-03	41   

Número de nós em cada nível:
n_persons	index	time        	lvl0  	lvl1  	lvl2  	lvl3  	lvl4  	lvl5  	lvl6  	lvl7  	lvl8  	lvl9  	lvl10 	lvl11 	lvl12 	lvl13 	lvl14 	lvl15 	lvl16 	lvl17 	lvl18 	lvl19 	lvl20 	lvl21 	lvl22 	lvl23 	lvl24 	lvl25 	lvl26 	lvl27 	lvl28 	lvl29 	lvl30 	lvl31 	lvl32 	lvl33 	lvl34 	lvl35 	lvl36 	lvl37 	lvl38 	lvl39 	lvl40 	lvl41 
100000   	0    	4.339000e-03	1     	2     	4     	8     	16    	30    	60    	119   	232   	432   	755   	1250  	1902  	2732  	3769  	4944  	6108  	7271  	8232  	8841  	8957  	8642  	7789  	6784  	5693  	4502  	3465  	2588  	1824  	1245  	838   	490   	264   	125   	56    	23    	7     	nan   	nan   	nan   	nan   	nan   
100000   	1    	3.940700e-03	1     	2     	4     	8     	16    	32    	61    	120   	222   	395   	678   	1124  	1738  	2495  	3375  	4331  	5225  	6161  	7094  	7755  	8098  	8161  	7728  	7209  	6349  	5397  	4377  	3514  	2655  	1905  	1323  	905   	611   	417   	240   	135   	72    	43    	12    	6     	4     	2     
100000   	2    	4.285700e-03	1     	2     	4     	8     	16    	32    	63    	126   	237   	425   	731   	1218  	1903  	2839  	3887  	5048  	6143  	7126  	7953  	8642  	8911  	8633  	7859  	6972  	5808  	4707  	3518  	2522  	1767  	1190  	767   	465   	234   	121   	65    	34    	18    	5     	nan   	nan   	nan   	nan   
100000   	3    	4.478800e-03	1     	2     	4     	8     	16    	32    	64    	126   	241   	449   	796   	1307  	2059  	3042  	4124  	5286  	6412  	7375  	8075  	8461  	8337  	8025  	7372  	6487  	5448  	4599  	3556  	2718  	1960  	1416  	896   	589   	338   	187   	108   	53    	20    	4     	3     	2     	1     	1     

