Criação das árvores ordenadas:
n_persons	index	time        
100000   	0    	5.370030e-02
100000   	1    	6.627730e-02
100000   	2    	5.977350e-02
100000   	3    	5.196960e-02

Procura de nós nas árvores:
n_persons	index	time        
100000   	0    	5.916140e-02
100000   	1    	7.063650e-02
100000   	2    	6.017930e-02
100000   	3    	6.845620e-02

Maior profundidade das árvores:
n_persons	index	time        	depth
100000   	0    	5.547600e-03	37   
100000   	1    	4.651800e-03	40   
100000   	2    	5.133800e-03	39   
100000   	3    	5.160900e-03	40   

Número de nós em cada nível:
n_persons	index	time        	lvl0  	lvl1  	lvl2  	lvl3  	lvl4  	lvl5  	lvl6  	lvl7  	lvl8  	lvl9  	lvl10 	lvl11 	lvl12 	lvl13 	lvl14 	lvl15 	lvl16 	lvl17 	lvl18 	lvl19 	lvl20 	lvl21 	lvl22 	lvl23 	lvl24 	lvl25 	lvl26 	lvl27 	lvl28 	lvl29 	lvl30 	lvl31 	lvl32 	lvl33 	lvl34 	lvl35 	lvl36 	lvl37 	lvl38 	lvl39 	lvl40 
100000   	0    	4.775900e-03	1     	2     	4     	8     	16    	32    	62    	120   	226   	400   	683   	1099  	1698  	2464  	3419  	4497  	5702  	6789  	7712  	8301  	8482  	8459  	8151  	7471  	6495  	5365  	4175  	3059  	2147  	1326  	786   	422   	232   	118   	48    	18    	8     	3     	nan   	nan   	nan   
100000   	1    	4.398700e-03	1     	2     	4     	8     	16    	32    	63    	122   	231   	427   	748   	1248  	1995  	2971  	4191  	5380  	6573  	7619  	8316  	8564  	8359  	7884  	7120  	6219  	5233  	4280  	3388  	2672  	2043  	1511  	1102  	720   	442   	235   	146   	67    	44    	17    	5     	1     	1     
100000   	2    	4.148700e-03	1     	2     	4     	8     	16    	32    	64    	122   	225   	418   	739   	1225  	1937  	2922  	4174  	5488  	6856  	8000  	8826  	9211  	9141  	8679  	7704  	6422  	5285  	4092  	2960  	2120  	1385  	873   	490   	291   	156   	68    	27    	15    	8     	7     	5     	2     	nan   
100000   	3    	4.444700e-03	1     	2     	4     	8     	16    	31    	61    	116   	217   	393   	700   	1192  	1887  	2751  	3845  	4992  	6239  	7269  	8100  	8487  	8517  	8101  	7247  	6433  	5519  	4541  	3596  	2776  	2080  	1528  	1109  	781   	548   	376   	236   	135   	80    	45    	27    	11    	3     

