Criação das árvores ordenadas:
n_persons	index	time        
100000   	0    	5.340250e-02
100000   	1    	6.433990e-02
100000   	2    	5.754330e-02
100000   	3    	5.120500e-02

Procura de nós nas árvores:
n_persons	index	time        
100000   	0    	5.827470e-02
100000   	1    	6.662560e-02
100000   	2    	5.773890e-02
100000   	3    	5.235450e-02

Maior profundidade das árvores:
n_persons	index	time        	depth
100000   	0    	4.833300e-03	42   
100000   	1    	4.409600e-03	37   
100000   	2    	4.996800e-03	37   
100000   	3    	5.115700e-03	39   

Número de nós em cada nível:
n_persons	index	time        	lvl0  	lvl1  	lvl2  	lvl3  	lvl4  	lvl5  	lvl6  	lvl7  	lvl8  	lvl9  	lvl10 	lvl11 	lvl12 	lvl13 	lvl14 	lvl15 	lvl16 	lvl17 	lvl18 	lvl19 	lvl20 	lvl21 	lvl22 	lvl23 	lvl24 	lvl25 	lvl26 	lvl27 	lvl28 	lvl29 	lvl30 	lvl31 	lvl32 	lvl33 	lvl34 	lvl35 	lvl36 	lvl37 	lvl38 	lvl39 	lvl40 	lvl41 	lvl42 
100000   	0    	4.407300e-03	1     	2     	4     	8     	16    	32    	62    	114   	197   	321   	515   	816   	1297  	2002  	2908  	4049  	5412  	6771  	7960  	8753  	9059  	8938  	8466  	7642  	6567  	5284  	4112  	3026  	2101  	1452  	886   	515   	322   	184   	97    	58    	25    	12    	6     	5     	1     	1     	1     
100000   	1    	4.054900e-03	1     	2     	4     	8     	16    	32    	64    	124   	217   	381   	663   	1097  	1712  	2613  	3683  	4883  	6084  	7233  	8149  	8631  	8941  	8732  	8213  	7236  	6004  	4680  	3541  	2526  	1672  	1125  	717   	457   	293   	157   	75    	24    	7     	3     	nan   	nan   	nan   	nan   	nan   
100000   	2    	5.146300e-03	1     	2     	4     	8     	16    	32    	63    	126   	241   	437   	750   	1165  	1806  	2669  	3855  	5086  	6486  	7694  	8647  	9099  	9108  	8844  	8111  	6925  	5662  	4336  	3147  	2170  	1431  	901   	552   	294   	166   	85    	48    	27    	4     	2     	nan   	nan   	nan   	nan   	nan   
100000   	3    	4.370600e-03	1     	2     	4     	8     	16    	32    	61    	118   	209   	350   	567   	879   	1304  	1849  	2526  	3336  	4252  	5236  	6235  	7132  	7782  	8043  	8030  	7787  	7168  	6487  	5591  	4445  	3402  	2521  	1761  	1169  	725   	441   	262   	141   	74    	37    	13    	4     	nan   	nan   	nan   

