Criação das árvores ordenadas:
n_persons	index	time        
100000   	0    	6.422760e-02
100000   	1    	6.508320e-02
100000   	2    	5.646790e-02
100000   	3    	4.720380e-02

Procura de nós nas árvores:
n_persons	index	time        
100000   	0    	5.363390e-02
100000   	1    	6.549610e-02
100000   	2    	5.789080e-02
100000   	3    	5.173220e-02

Maior profundidade das árvores:
n_persons	index	time        	depth
100000   	0    	4.534200e-03	39   
100000   	1    	4.295900e-03	41   
100000   	2    	5.021700e-03	45   
100000   	3    	4.946900e-03	36   

Número de nós em cada nível:
n_persons	index	time        	lvl0  	lvl1  	lvl2  	lvl3  	lvl4  	lvl5  	lvl6  	lvl7  	lvl8  	lvl9  	lvl10 	lvl11 	lvl12 	lvl13 	lvl14 	lvl15 	lvl16 	lvl17 	lvl18 	lvl19 	lvl20 	lvl21 	lvl22 	lvl23 	lvl24 	lvl25 	lvl26 	lvl27 	lvl28 	lvl29 	lvl30 	lvl31 	lvl32 	lvl33 	lvl34 	lvl35 	lvl36 	lvl37 	lvl38 	lvl39 	lvl40 	lvl41 	lvl42 	lvl43 	lvl44 	lvl45 
100000   	0    	3.976900e-03	1     	2     	4     	8     	16    	32    	64    	122   	228   	411   	686   	1139  	1771  	2555  	3543  	4683  	5834  	6874  	7660  	8188  	8357  	8171  	7717  	6912  	6016  	4916  	4092  	3277  	2397  	1740  	1112  	656   	384   	216   	117   	49    	28    	15    	4     	3     	nan   	nan   	nan   	nan   	nan   	nan   
100000   	1    	3.849300e-03	1     	2     	4     	8     	16    	31    	57    	111   	200   	345   	550   	879   	1359  	2042  	2809  	3721  	4701  	5556  	6410  	7182  	7619  	7848  	7819  	7548  	6934  	5944  	5115  	4190  	3319  	2467  	1829  	1323  	897   	514   	295   	174   	88    	47    	22    	13    	8     	3     	nan   	nan   	nan   	nan   
100000   	2    	4.592600e-03	1     	2     	4     	8     	16    	31    	62    	115   	204   	355   	553   	866   	1316  	1871  	2575  	3379  	4225  	4946  	5679  	6412  	6914  	7334  	7532  	7348  	6865  	6205  	5490  	4718  	3859  	3098  	2355  	1706  	1204  	868   	629   	433   	304   	205   	143   	78    	42    	25    	15    	6     	3     	1     
100000   	3    	4.492400e-03	1     	2     	4     	8     	16    	29    	58    	116   	226   	430   	775   	1324  	2139  	3180  	4483  	5910  	7413  	8625  	9524  	9782  	9514  	8729  	7393  	5929  	4619  	3366  	2397  	1602  	994   	633   	361   	202   	112   	58    	31    	10    	5     	nan   	nan   	nan   	nan   	nan   	nan   	nan   	nan   	nan   

