Criação das árvores ordenadas:
n_persons	index	time        
100000   	0    	5.251650e-02
100000   	1    	6.278690e-02
100000   	2    	5.407780e-02
100000   	3    	4.890840e-02

Procura de nós nas árvores:
n_persons	index	time        
100000   	0    	5.411500e-02
100000   	1    	5.944690e-02
100000   	2    	5.509100e-02
100000   	3    	5.010440e-02

Maior profundidade das árvores:
n_persons	index	time        	depth
100000   	0    	4.395400e-03	38   
100000   	1    	4.323700e-03	43   
100000   	2    	4.962300e-03	40   
100000   	3    	5.171700e-03	38   

Número de nós em cada nível:
n_persons	index	time        	lvl0  	lvl1  	lvl2  	lvl3  	lvl4  	lvl5  	lvl6  	lvl7  	lvl8  	lvl9  	lvl10 	lvl11 	lvl12 	lvl13 	lvl14 	lvl15 	lvl16 	lvl17 	lvl18 	lvl19 	lvl20 	lvl21 	lvl22 	lvl23 	lvl24 	lvl25 	lvl26 	lvl27 	lvl28 	lvl29 	lvl30 	lvl31 	lvl32 	lvl33 	lvl34 	lvl35 	lvl36 	lvl37 	lvl38 	lvl39 	lvl40 	lvl41 	lvl42 	lvl43 
100000   	0    	4.074100e-03	1     	2     	4     	8     	16    	31    	60    	117   	222   	407   	688   	1118  	1721  	2451  	3385  	4463  	5607  	6765  	7736  	8327  	8669  	8672  	8289  	7437  	6319  	5281  	4116  	2996  	2008  	1304  	808   	480   	246   	123   	66    	34    	14    	6     	3     	nan   	nan   	nan   	nan   	nan   
100000   	1    	3.944200e-03	1     	2     	4     	8     	16    	32    	64    	126   	242   	454   	803   	1278  	1997  	2918  	4001  	5054  	6085  	7148  	8011  	8429  	8476  	8221  	7479  	6594  	5564  	4485  	3564  	2700  	1981  	1400  	964   	722   	489   	310   	180   	96    	62    	20    	9     	3     	2     	3     	2     	1     
100000   	2    	4.343400e-03	1     	2     	4     	8     	16    	32    	63    	120   	226   	415   	739   	1253  	2003  	2903  	3944  	4919  	5881  	6696  	7319  	7756  	8034  	7838  	7542  	6888  	6009  	4996  	4032  	3246  	2421  	1707  	1136  	763   	459   	292   	165   	92    	48    	24    	6     	1     	1     	nan   	nan   	nan   
100000   	3    	4.431100e-03	1     	2     	4     	8     	16    	31    	62    	111   	210   	387   	670   	1109  	1765  	2717  	3788  	4994  	6144  	7164  	7947  	8581  	8677  	8552  	7917  	6912  	5809  	4707  	3619  	2596  	1889  	1382  	942   	593   	349   	203   	88    	39    	11    	3     	1     	nan   	nan   	nan   	nan   	nan   

