Criação das árvores ordenadas:
n_persons	index	time        
100000   	0    	6.144560e-02
100000   	1    	6.712600e-02
100000   	2    	5.802170e-02
100000   	3    	5.000320e-02

Procura de nós nas árvores:
n_persons	index	time        
100000   	0    	5.668290e-02
100000   	1    	7.192880e-02
100000   	2    	6.092560e-02
100000   	3    	5.397310e-02

Maior profundidade das árvores:
n_persons	index	time        	depth
100000   	0    	4.696900e-03	39   
100000   	1    	4.897100e-03	37   
100000   	2    	4.973100e-03	41   
100000   	3    	5.510500e-03	37   

Número de nós em cada nível:
n_persons	index	time        	lvl0  	lvl1  	lvl2  	lvl3  	lvl4  	lvl5  	lvl6  	lvl7  	lvl8  	lvl9  	lvl10 	lvl11 	lvl12 	lvl13 	lvl14 	lvl15 	lvl16 	lvl17 	lvl18 	lvl19 	lvl20 	lvl21 	lvl22 	lvl23 	lvl24 	lvl25 	lvl26 	lvl27 	lvl28 	lvl29 	lvl30 	lvl31 	lvl32 	lvl33 	lvl34 	lvl35 	lvl36 	lvl37 	lvl38 	lvl39 	lvl40 	lvl41 
100000   	0    	4.102300e-03	1     	2     	4     	8     	16    	32    	63    	123   	233   	432   	739   	1190  	1890  	2793  	3836  	5104  	6326  	7408  	8203  	8686  	8792  	8331  	7637  	6823  	5748  	4532  	3457  	2533  	1716  	1166  	804   	570   	349   	217   	128   	57    	34    	11    	3     	3     	nan   	nan   
100000   	1    	4.103300e-03	1     	2     	4     	8     	16    	32    	62    	117   	228   	415   	730   	1215  	1954  	2872  	4006  	5243  	6410  	7458  	8375  	8796  	8891  	8500  	7773  	6869  	5871  	4653  	3417  	2399  	1558  	925   	553   	314   	169   	92    	40    	21    	7     	4     	nan   	nan   	nan   	nan   
100000   	2    	4.570100e-03	1     	2     	4     	8     	16    	32    	62    	118   	218   	388   	658   	1073  	1682  	2470  	3432  	4407  	5455  	6563  	7536  	8280  	8582  	8516  	8120  	7408  	6505  	5305  	4114  	2965  	2144  	1473  	986   	623   	379   	205   	109   	70    	42    	28    	11    	4     	3     	3     
100000   	3    	4.929700e-03	1     	2     	4     	8     	16    	32    	64    	118   	221   	392   	653   	1009  	1535  	2199  	3016  	4099  	5315  	6610  	7842  	8835  	9423  	9503  	8890  	7877  	6535  	5078  	3759  	2699  	1783  	1127  	650   	349   	183   	103   	45    	13    	9     	3     	nan   	nan   	nan   	nan   

