Criação das árvores ordenadas:
n_persons	index	time        
100000   	0    	5.271340e-02
100000   	1    	7.224850e-02
100000   	2    	5.490010e-02
100000   	3    	5.440340e-02

Procura de nós nas árvores:
n_persons	index	time        
100000   	0    	6.031150e-02
100000   	1    	6.654260e-02
100000   	2    	6.307870e-02
100000   	3    	5.096010e-02

Maior profundidade das árvores:
n_persons	index	time        	depth
100000   	0    	4.290100e-03	36   
100000   	1    	4.514300e-03	40   
100000   	2    	4.936800e-03	40   
100000   	3    	4.917000e-03	41   

Número de nós em cada nível:
n_persons	index	time        	lvl0  	lvl1  	lvl2  	lvl3  	lvl4  	lvl5  	lvl6  	lvl7  	lvl8  	lvl9  	lvl10 	lvl11 	lvl12 	lvl13 	lvl14 	lvl15 	lvl16 	lvl17 	lvl18 	lvl19 	lvl20 	lvl21 	lvl22 	lvl23 	lvl24 	lvl25 	lvl26 	lvl27 	lvl28 	lvl29 	lvl30 	lvl31 	lvl32 	lvl33 	lvl34 	lvl35 	lvl36 	lvl37 	lvl38 	lvl39 	lvl40 	lvl41 
100000   	0    	3.838000e-03	1     	2     	4     	8     	16    	31    	60    	110   	206   	380   	674   	1142  	1800  	2705  	3904  	5306  	6709  	8071  	9085  	9610  	9658  	9060  	8044  	6757  	5309  	3943  	2814  	1880  	1180  	705   	410   	215   	99    	51    	27    	17    	7     	nan   	nan   	nan   	nan   	nan   
100000   	1    	4.121000e-03	1     	2     	4     	8     	16    	32    	64    	122   	229   	398   	679   	1115  	1758  	2618  	3591  	4677  	5722  	6668  	7319  	7634  	7671  	7494  	7059  	6427  	5679  	5010  	4273  	3567  	2796  	2186  	1640  	1215  	835   	601   	401   	237   	130   	65    	35    	17    	5     	nan   
100000   	2    	4.649100e-03	1     	2     	4     	8     	16    	32    	64    	122   	230   	420   	739   	1210  	1780  	2521  	3367  	4119  	4965  	5790  	6598  	7061  	7430  	7738  	7790  	7551  	6910  	5939  	5057  	3948  	3004  	2111  	1433  	904   	564   	310   	163   	61    	26    	4     	4     	3     	1     	nan   
100000   	3    	4.408300e-03	1     	2     	4     	8     	16    	30    	59    	103   	175   	255   	357   	534   	783   	1160  	1726  	2516  	3494  	4627  	5757  	6908  	7920  	8651  	8809  	8652  	8133  	7252  	6148  	4886  	3597  	2532  	1778  	1194  	732   	480   	297   	186   	113   	71    	34    	14    	3     	3     

