Criação das árvores ordenadas:
n_persons	index	time        
100000   	0    	5.154800e-02
100000   	1    	6.756080e-02
100000   	2    	6.387070e-02
100000   	3    	5.288570e-02

Procura de nós nas árvores:
n_persons	index	time        
100000   	0    	6.795880e-02
100000   	1    	7.882180e-02
100000   	2    	6.298150e-02
100000   	3    	5.995180e-02

Maior profundidade das árvores:
n_persons	index	time        	depth
100000   	0    	5.099600e-03	36   
100000   	1    	5.117800e-03	39   
100000   	2    	6.961600e-03	40   
100000   	3    	7.730900e-03	41   

Número de nós em cada nível:
n_persons	index	time        	lvl0  	lvl1  	lvl2  	lvl3  	lvl4  	lvl5  	lvl6  	lvl7  	lvl8  	lvl9  	lvl10 	lvl11 	lvl12 	lvl13 	lvl14 	lvl15 	lvl16 	lvl17 	lvl18 	lvl19 	lvl20 	lvl21 	lvl22 	lvl23 	lvl24 	lvl25 	lvl26 	lvl27 	lvl28 	lvl29 	lvl30 	lvl31 	lvl32 	lvl33 	lvl34 	lvl35 	lvl36 	lvl37 	lvl38 	lvl39 	lvl40 	lvl41 
100000   	0    	4.836300e-03	1     	2     	4     	8     	16    	32    	64    	122   	231   	428   	745   	1258  	2014  	3019  	4221  	5558  	6840  	8068  	8805  	9257  	9209  	8719  	7672  	6447  	5229  	3973  	2911  	2036  	1311  	828   	480   	257   	130   	67    	25    	9     	4     	nan   	nan   	nan   	nan   	nan   
100000   	1    	4.547900e-03	1     	2     	4     	8     	16    	32    	64    	124   	235   	424   	725   	1140  	1784  	2637  	3632  	4791  	5940  	7083  	8025  	8499  	8701  	8569  	8090  	7196  	6034  	4876  	3649  	2700  	1912  	1246  	796   	498   	261   	143   	83    	54    	15    	9     	1     	1     	nan   	nan   
100000   	2    	6.094800e-03	1     	2     	4     	8     	16    	31    	59    	114   	216   	382   	629   	989   	1526  	2204  	3076  	4096  	5180  	6331  	7382  	8278  	8730  	8688  	8285  	7418  	6527  	5539  	4403  	3342  	2394  	1552  	1009  	644   	412   	253   	151   	69    	37    	18    	3     	1     	1     	nan   
100000   	3    	5.375300e-03	1     	2     	4     	8     	16    	32    	63    	121   	229   	426   	757   	1247  	1909  	2818  	3952  	5324  	6649  	7865  	8849  	9261  	9175  	8577  	7707  	6427  	5146  	4040  	3066  	2198  	1533  	999   	648   	412   	235   	135   	68    	40    	24    	21    	9     	3     	2     	2     

