Criação das árvores ordenadas:
n_persons	index	time        
100000   	0    	5.447980e-02
100000   	1    	6.250790e-02
100000   	2    	5.490490e-02
100000   	3    	4.792000e-02

Procura de nós nas árvores:
n_persons	index	time        
100000   	0    	5.266670e-02
100000   	1    	6.334080e-02
100000   	2    	5.744280e-02
100000   	3    	4.881860e-02

Maior profundidade das árvores:
n_persons	index	time        	depth
100000   	0    	4.400600e-03	43   
100000   	1    	4.493500e-03	43   
100000   	2    	5.143000e-03	38   
100000   	3    	4.966300e-03	39   

Número de nós em cada nível:
n_persons	index	time        	lvl0  	lvl1  	lvl2  	lvl3  	lvl4  	lvl5  	lvl6  	lvl7  	lvl8  	lvl9  	lvl10 	lvl11 	lvl12 	lvl13 	lvl14 	lvl15 	lvl16 	lvl17 	lvl18 	lvl19 	lvl20 	lvl21 	lvl22 	lvl23 	lvl24 	lvl25 	lvl26 	lvl27 	lvl28 	lvl29 	lvl30 	lvl31 	lvl32 	lvl33 	lvl34 	lvl35 	lvl36 	lvl37 	lvl38 	lvl39 	lvl40 	lvl41 	lvl42 	lvl43 
100000   	0    	3.947000e-03	1     	2     	4     	8     	16    	32    	64    	125   	241   	448   	765   	1237  	1913  	2760  	3854  	5039  	6278  	7334  	8157  	8645  	8568  	8198  	7448  	6599  	5655  	4598  	3517  	2612  	1971  	1451  	956   	621   	399   	230   	116   	56    	32    	20    	12    	7     	4     	4     	2     	1     
100000   	1    	4.591900e-03	1     	2     	4     	8     	16    	31    	61    	106   	194   	342   	595   	1000  	1535  	2270  	3140  	4058  	5017  	5924  	6687  	7361  	7767  	7891  	7691  	7232  	6627  	5787  	4818  	3880  	3041  	2295  	1626  	1102  	724   	491   	301   	165   	96    	57    	30    	15    	5     	5     	1     	1     
100000   	2    	6.517400e-03	1     	2     	4     	8     	16    	29    	56    	108   	204   	367   	643   	1066  	1669  	2525  	3574  	4770  	6032  	7255  	8242  	8972  	9226  	8901  	8199  	7117  	5707  	4485  	3456  	2530  	1794  	1202  	800   	485   	277   	150   	74    	35    	12    	6     	1     	nan   	nan   	nan   	nan   	nan   
100000   	3    	6.696800e-03	1     	2     	4     	8     	16    	32    	64    	116   	192   	317   	516   	834   	1332  	2040  	2998  	4205  	5578  	6923  	8232  	9254  	9731  	9611  	8865  	7833  	6441  	4983  	3598  	2471  	1575  	974   	580   	324   	175   	80    	42    	29    	14    	6     	3     	1     	nan   	nan   	nan   	nan   

