Criação das árvores ordenadas:
n_persons	index	time        
100000   	0    	5.244190e-02
100000   	1    	6.626210e-02
100000   	2    	5.716620e-02
100000   	3    	4.958920e-02

Procura de nós nas árvores:
n_persons	index	time        
100000   	0    	5.600550e-02
100000   	1    	6.809190e-02
100000   	2    	5.786170e-02
100000   	3    	5.256200e-02

Maior profundidade das árvores:
n_persons	index	time        	depth
100000   	0    	4.706500e-03	38   
100000   	1    	4.705300e-03	40   
100000   	2    	5.480500e-03	39   
100000   	3    	5.381500e-03	37   

Número de nós em cada nível:
n_persons	index	time        	lvl0  	lvl1  	lvl2  	lvl3  	lvl4  	lvl5  	lvl6  	lvl7  	lvl8  	lvl9  	lvl10 	lvl11 	lvl12 	lvl13 	lvl14 	lvl15 	lvl16 	lvl17 	lvl18 	lvl19 	lvl20 	lvl21 	lvl22 	lvl23 	lvl24 	lvl25 	lvl26 	lvl27 	lvl28 	lvl29 	lvl30 	lvl31 	lvl32 	lvl33 	lvl34 	lvl35 	lvl36 	lvl37 	lvl38 	lvl39 	lvl40 
100000   	0    	4.082300e-03	1     	2     	4     	8     	16    	32    	64    	127   	242   	452   	793   	1342  	2133  	3231  	4503  	5977  	7302  	8525  	9294  	9577  	9142  	8178  	7126  	5979  	4753  	3572  	2562  	1747  	1163  	794   	512   	329   	207   	132   	89    	47    	28    	13    	2     	nan   	nan   
100000   	1    	4.125500e-03	1     	2     	4     	8     	16    	32    	63    	118   	222   	404   	687   	1120  	1679  	2445  	3421  	4593  	5844  	7008  	8026  	8774  	8982  	8693  	7911  	6946  	5842  	4834  	3749  	2825  	1995  	1420  	954   	611   	348   	199   	122   	58    	25    	9     	7     	2     	1     
100000   	2    	5.048800e-03	1     	2     	4     	8     	16    	32    	64    	128   	249   	469   	836   	1416  	2235  	3326  	4576  	5915  	7113  	8167  	8925  	9279  	9136  	8446  	7464  	6091  	4794  	3645  	2628  	1811  	1229  	808   	509   	320   	175   	81    	41    	26    	18    	9     	5     	3     	nan   
100000   	3    	4.449400e-03	1     	2     	4     	8     	16    	32    	63    	124   	234   	423   	733   	1207  	1880  	2805  	3948  	5174  	6412  	7489  	8344  	8734  	8753  	8396  	7763  	6848  	5715  	4565  	3567  	2576  	1739  	1119  	642   	356   	187   	75    	44    	15    	5     	2     	nan   	nan   	nan   

