Criação das árvores ordenadas:
n_persons	index	time        
100000   	0    	5.117960e-02
100000   	1    	6.212670e-02
100000   	2    	5.507270e-02
100000   	3    	4.985100e-02

Procura de nós nas árvores:
n_persons	index	time        
100000   	0    	5.543930e-02
100000   	1    	6.934760e-02
100000   	2    	5.801000e-02
100000   	3    	6.112490e-02

Maior profundidade das árvores:
n_persons	index	time        	depth
100000   	0    	5.286800e-03	39   
100000   	1    	4.873700e-03	38   
100000   	2    	5.653000e-03	39   
100000   	3    	5.581000e-03	40   

Número de nós em cada nível:
n_persons	index	time        	lvl0  	lvl1  	lvl2  	lvl3  	lvl4  	lvl5  	lvl6  	lvl7  	lvl8  	lvl9  	lvl10 	lvl11 	lvl12 	lvl13 	lvl14 	lvl15 	lvl16 	lvl17 	lvl18 	lvl19 	lvl20 	lvl21 	lvl22 	lvl23 	lvl24 	lvl25 	lvl26 	lvl27 	lvl28 	lvl29 	lvl30 	lvl31 	lvl32 	lvl33 	lvl34 	lvl35 	lvl36 	lvl37 	lvl38 	lvl39 	lvl40 
100000   	0    	4.376700e-03	1     	2     	4     	8     	16    	31    	62    	120   	229   	421   	718   	1178  	1850  	2766  	3882  	5092  	6336  	7493  	8376  	8916  	8881  	8601  	7924  	6952  	5785  	4557  	3431  	2392  	1607  	1023  	618   	350   	196   	95    	44    	24    	9     	7     	2     	1     	nan   
100000   	1    	4.368000e-03	1     	2     	4     	8     	16    	32    	62    	118   	220   	387   	666   	1100  	1707  	2516  	3557  	4673  	5862  	6995  	7846  	8636  	8845  	8622  	7907  	7004  	5913  	4759  	3657  	2780  	1981  	1437  	972   	642   	443   	289   	175   	102   	43    	19    	2     	nan   	nan   
100000   	2    	4.890400e-03	1     	2     	4     	8     	16    	32    	63    	124   	235   	443   	801   	1343  	2140  	3172  	4389  	5737  	7009  	8079  	8851  	9102  	8991  	8409  	7377  	6247  	4988  	3806  	2891  	2052  	1391  	947   	573   	338   	187   	118   	70    	37    	18    	6     	2     	1     	nan   
100000   	3    	5.200900e-03	1     	2     	4     	8     	16    	32    	64    	125   	237   	435   	761   	1243  	1915  	2819  	3965  	5276  	6492  	7497  	8269  	8697  	8627  	8238  	7469  	6632  	5540  	4435  	3380  	2596  	1793  	1212  	852   	567   	338   	205   	107   	69    	45    	24    	9     	3     	1     

