Criação das árvores ordenadas:
n_persons	index	time        
100000   	0    	5.090940e-02
100000   	1    	6.176040e-02
100000   	2    	6.252890e-02
100000   	3    	5.199810e-02

Procura de nós nas árvores:
n_persons	index	time        
100000   	0    	5.450650e-02
100000   	1    	1.034119e-01
100000   	2    	7.631680e-02
100000   	3    	4.979360e-02

Maior profundidade das árvores:
n_persons	index	time        	depth
100000   	0    	4.444800e-03	39   
100000   	1    	4.304300e-03	42   
100000   	2    	4.895800e-03	39   
100000   	3    	5.269700e-03	40   

Número de nós em cada nível:
n_persons	index	time        	lvl0  	lvl1  	lvl2  	lvl3  	lvl4  	lvl5  	lvl6  	lvl7  	lvl8  	lvl9  	lvl10 	lvl11 	lvl12 	lvl13 	lvl14 	lvl15 	lvl16 	lvl17 	lvl18 	lvl19 	lvl20 	lvl21 	lvl22 	lvl23 	lvl24 	lvl25 	lvl26 	lvl27 	lvl28 	lvl29 	lvl30 	lvl31 	lvl32 	lvl33 	lvl34 	lvl35 	lvl36 	lvl37 	lvl38 	lvl39 	lvl40 	lvl41 	lvl42 
100000   	0    	3.906700e-03	1     	2     	4     	8     	16    	32    	55    	104   	192   	353   	629   	1069  	1709  	2547  	3467  	4526  	5603  	6731  	7701  	8433  	8748  	8475  	7967  	7071  	6067  	5011  	4050  	3064  	2273  	1572  	1028  	647   	402   	230   	114   	64    	25    	7     	2     	1     	nan   	nan   	nan   
100000   	1    	3.876900e-03	1     	2     	4     	8     	16    	32    	64    	125   	232   	430   	732   	1209  	1853  	2657  	3681  	4685  	5766  	6799  	7537  	8040  	8322  	8162  	7663  	6921  	5922  	4920  	4001  	3120  	2386  	1716  	1147  	779   	459   	274   	161   	93    	42    	22    	9     	5     	1     	1     	1     
100000   	2    	4.539000e-03	1     	2     	4     	8     	16    	32    	64    	125   	239   	432   	766   	1258  	1988  	2961  	4192  	5588  	7035  	8269  	9188  	9451  	9320  	8659  	7703  	6390  	5002  	3768  	2679  	1781  	1175  	779   	477   	263   	159   	96    	59    	37    	21    	8     	4     	1     	nan   	nan   	nan   
100000   	3    	5.126100e-03	1     	2     	4     	8     	16    	32    	62    	120   	221   	385   	647   	1037  	1582  	2297  	3217  	4119  	5189  	6117  	7004  	7714  	8127  	8306  	8086  	7434  	6737  	5728  	4704  	3638  	2679  	1848  	1252  	746   	439   	238   	134   	64    	36    	14    	11    	3     	2     	nan   	nan   

