Criação das árvores ordenadas:
n_persons	index	time        
100000   	0    	5.105600e-02
100000   	1    	6.952780e-02
100000   	2    	5.442460e-02
100000   	3    	4.649290e-02

Procura de nós nas árvores:
n_persons	index	time        
100000   	0    	6.136030e-02
100000   	1    	7.559660e-02
100000   	2    	6.196340e-02
100000   	3    	5.722910e-02

Maior profundidade das árvores:
n_persons	index	time        	depth
100000   	0    	4.982900e-03	40   
100000   	1    	4.669800e-03	43   
100000   	2    	5.052100e-03	37   
100000   	3    	5.065200e-03	40   

Número de nós em cada nível:
n_persons	index	time        	lvl0  	lvl1  	lvl2  	lvl3  	lvl4  	lvl5  	lvl6  	lvl7  	lvl8  	lvl9  	lvl10 	lvl11 	lvl12 	lvl13 	lvl14 	lvl15 	lvl16 	lvl17 	lvl18 	lvl19 	lvl20 	lvl21 	lvl22 	lvl23 	lvl24 	lvl25 	lvl26 	lvl27 	lvl28 	lvl29 	lvl30 	lvl31 	lvl32 	lvl33 	lvl34 	lvl35 	lvl36 	lvl37 	lvl38 	lvl39 	lvl40 	lvl41 	lvl42 	lvl43 
100000   	0    	4.181000e-03	1     	2     	4     	8     	16    	32    	64    	126   	235   	421   	727   	1195  	1873  	2756  	3850  	5079  	6304  	7449  	8365  	8867  	8958  	8626  	8009  	6991  	5790  	4463  	3294  	2299  	1547  	1028  	666   	419   	239   	145   	69    	41    	20    	13    	5     	3     	1     	nan   	nan   	nan   
100000   	1    	4.169300e-03	1     	2     	4     	8     	16    	30    	59    	111   	200   	367   	630   	1009  	1555  	2274  	3163  	4148  	5121  	6000  	6752  	7255  	7550  	7506  	7179  	6832  	6352  	5682  	4892  	4050  	3254  	2540  	1891  	1316  	890   	569   	375   	211   	124   	47    	16    	10    	6     	1     	1     	1     
100000   	2    	4.438500e-03	1     	2     	4     	8     	16    	32    	64    	122   	238   	435   	783   	1293  	2063  	3115  	4436  	5819  	7316  	8536  	9412  	9720  	9365  	8453  	7244  	5956  	4671  	3602  	2661  	1853  	1179  	728   	439   	236   	114   	54    	20    	6     	3     	1     	nan   	nan   	nan   	nan   	nan   	nan   
100000   	3    	4.496300e-03	1     	2     	4     	8     	16    	31    	62    	115   	223   	403   	698   	1169  	1828  	2708  	3722  	4847  	5883  	6860  	7628  	7905  	8048  	7981  	7543  	6978  	6228  	5335  	4341  	3252  	2321  	1571  	990   	610   	334   	170   	93    	50    	26    	10    	4     	1     	1     	nan   	nan   	nan   

