Criação das árvores ordenadas:
n_persons	index	time        
100000   	0    	5.994400e-02
100000   	1    	7.372630e-02
100000   	2    	6.634350e-02
100000   	3    	6.499940e-02

Procura de nós nas árvores:
n_persons	index	time        
100000   	0    	6.337220e-02
100000   	1    	6.821220e-02
100000   	2    	1.378010e-01
100000   	3    	7.822490e-02

Maior profundidade das árvores:
n_persons	index	time        	depth
100000   	0    	5.523600e-03	41   
100000   	1    	6.750600e-03	38   
100000   	2    	5.581400e-03	42   
100000   	3    	5.251800e-03	40   

Número de nós em cada nível:
n_persons	index	time        	lvl0  	lvl1  	lvl2  	lvl3  	lvl4  	lvl5  	lvl6  	lvl7  	lvl8  	lvl9  	lvl10 	lvl11 	lvl12 	lvl13 	lvl14 	lvl15 	lvl16 	lvl17 	lvl18 	lvl19 	lvl20 	lvl21 	lvl22 	lvl23 	lvl24 	lvl25 	lvl26 	lvl27 	lvl28 	lvl29 	lvl30 	lvl31 	lvl32 	lvl33 	lvl34 	lvl35 	lvl36 	lvl37 	lvl38 	lvl39 	lvl40 	lvl41 	lvl42 
100000   	0    	4.855900e-03	1     	2     	4     	8     	15    	30    	58    	113   	212   	396   	668   	1062  	1669  	2452  	3555  	4855  	6355  	7777  	8920  	9543  	9626  	9141  	8108  	6850  	5565  	4215  	3050  	2061  	1428  	923   	570   	317   	194   	120   	68    	30    	20    	8     	5     	3     	1     	2     	nan   
100000   	1    	4.416900e-03	1     	2     	4     	8     	16    	32    	62    	122   	239   	442   	775   	1274  	1995  	2934  	4093  	5402  	6703  	7820  	8629  	8945  	8862  	8320  	7473  	6559  	5406  	4269  	3159  	2334  	1574  	1002  	617   	407   	251   	144   	73    	30    	15    	5     	2     	nan   	nan   	nan   	nan   
100000   	2    	5.065800e-03	1     	2     	4     	8     	16    	32    	64    	122   	222   	382   	650   	1023  	1578  	2354  	3326  	4368  	5405  	6502  	7233  	7889  	8142  	7841  	7463  	6830  	5968  	5104  	4250  	3407  	2653  	2057  	1567  	1118  	820   	615   	428   	261   	156   	76    	32    	18    	9     	3     	1     
100000   	3    	4.594300e-03	1     	2     	4     	8     	16    	31    	60    	117   	225   	412   	692   	1112  	1706  	2479  	3392  	4378  	5331  	6228  	7179  	7734  	8010  	8060  	7932  	7425  	6506  	5523  	4469  	3428  	2523  	1795  	1227  	784   	519   	335   	186   	97    	38    	21    	8     	5     	2     	nan   	nan   

