Criação das árvores ordenadas:
n_persons	index	time        
100000   	0    	5.521810e-02
100000   	1    	6.238500e-02
100000   	2    	5.567160e-02
100000   	3    	4.679970e-02

Procura de nós nas árvores:
n_persons	index	time        
100000   	0    	6.384990e-02
100000   	1    	1.188409e-01
100000   	2    	6.698870e-02
100000   	3    	5.034650e-02

Maior profundidade das árvores:
n_persons	index	time        	depth
100000   	0    	4.390800e-03	39   
100000   	1    	4.390400e-03	38   
100000   	2    	5.085000e-03	40   
100000   	3    	4.950200e-03	40   

Número de nós em cada nível:
n_persons	index	time        	lvl0  	lvl1  	lvl2  	lvl3  	lvl4  	lvl5  	lvl6  	lvl7  	lvl8  	lvl9  	lvl10 	lvl11 	lvl12 	lvl13 	lvl14 	lvl15 	lvl16 	lvl17 	lvl18 	lvl19 	lvl20 	lvl21 	lvl22 	lvl23 	lvl24 	lvl25 	lvl26 	lvl27 	lvl28 	lvl29 	lvl30 	lvl31 	lvl32 	lvl33 	lvl34 	lvl35 	lvl36 	lvl37 	lvl38 	lvl39 	lvl40 
100000   	0    	3.955400e-03	1     	2     	4     	8     	16    	32    	61    	118   	213   	361   	586   	919   	1415  	2044  	2827  	3682  	4564  	5523  	6439  	7278  	7939  	8346  	8270  	7787  	6997  	6174  	5128  	4076  	3120  	2257  	1564  	1000  	644   	316   	143   	74    	41    	21    	9     	1     	nan   
100000   	1    	3.945700e-03	1     	2     	4     	8     	16    	32    	64    	128   	251   	481   	850   	1458  	2312  	3459  	4760  	6122  	7337  	8338  	8920  	8933  	8733  	8004  	7001  	5859  	4855  	3852  	2915  	2038  	1361  	827   	513   	280   	157   	79    	31    	8     	6     	3     	2     	nan   	nan   
100000   	2    	4.791100e-03	1     	2     	4     	8     	16    	30    	58    	106   	180   	301   	489   	761   	1121  	1555  	2159  	2891  	3779  	4735  	5579  	6304  	6811  	7072  	7212  	7169  	7012  	6576  	6006  	5403  	4619  	3740  	2904  	2098  	1362  	891   	524   	270   	144   	72    	25    	9     	2     
100000   	3    	4.579900e-03	1     	2     	4     	8     	16    	32    	63    	122   	232   	433   	762   	1297  	2038  	3021  	4178  	5418  	6656  	7621  	8298  	8570  	8404  	7945  	7187  	6292  	5335  	4362  	3495  	2688  	1949  	1424  	919   	531   	303   	184   	100   	66    	23    	11    	6     	3     	1     

