Criação das árvores ordenadas:
n_persons	index	time        
100000   	0    	5.091400e-02
100000   	1    	6.159670e-02
100000   	2    	5.714970e-02
100000   	3    	5.358290e-02

Procura de nós nas árvores:
n_persons	index	time        
100000   	0    	5.503400e-02
100000   	1    	6.466900e-02
100000   	2    	6.097510e-02
100000   	3    	5.179630e-02

Maior profundidade das árvores:
n_persons	index	time        	depth
100000   	0    	4.431700e-03	39   
100000   	1    	4.455100e-03	40   
100000   	2    	5.168700e-03	38   
100000   	3    	4.886700e-03	39   

Número de nós em cada nível:
n_persons	index	time        	lvl0  	lvl1  	lvl2  	lvl3  	lvl4  	lvl5  	lvl6  	lvl7  	lvl8  	lvl9  	lvl10 	lvl11 	lvl12 	lvl13 	lvl14 	lvl15 	lvl16 	lvl17 	lvl18 	lvl19 	lvl20 	lvl21 	lvl22 	lvl23 	lvl24 	lvl25 	lvl26 	lvl27 	lvl28 	lvl29 	lvl30 	lvl31 	lvl32 	lvl33 	lvl34 	lvl35 	lvl36 	lvl37 	lvl38 	lvl39 	lvl40 
100000   	0    	3.900900e-03	1     	2     	4     	8     	16    	32    	64    	126   	232   	419   	729   	1180  	1807  	2717  	3841  	5186  	6532  	7714  	8642  	9192  	9094  	8662  	7888  	6687  	5487  	4252  	3214  	2299  	1565  	993   	611   	367   	207   	119   	60    	29    	14    	5     	2     	1     	nan   
100000   	1    	3.878100e-03	1     	2     	4     	8     	16    	32    	63    	118   	226   	410   	696   	1186  	1898  	2844  	4041  	5343  	6802  	8005  	8800  	9062  	8950  	8432  	7523  	6324  	5145  	4001  	3062  	2299  	1641  	1144  	732   	499   	295   	178   	113   	56    	27    	11    	7     	3     	1     
100000   	2    	4.262900e-03	1     	2     	4     	8     	16    	32    	64    	128   	249   	468   	849   	1418  	2262  	3314  	4549  	5825  	7139  	8356  	9201  	9476  	9167  	8355  	7377  	6214  	4965  	3752  	2664  	1748  	1116  	629   	335   	171   	64    	38    	21    	11    	6     	4     	2     	nan   	nan   
100000   	3    	4.483300e-03	1     	2     	4     	8     	16    	32    	62    	123   	237   	419   	719   	1150  	1741  	2545  	3485  	4627  	5731  	6917  	7855  	8387  	8561  	8389  	7919  	7113  	6106  	5029  	3902  	2956  	2106  	1475  	944   	650   	365   	193   	109   	60    	37    	14    	8     	3     	nan   

