Criação das árvores ordenadas:
n_persons	index	time        
100000   	0    	7.921950e-02
100000   	1    	6.554340e-02
100000   	2    	5.787840e-02
100000   	3    	5.105290e-02

Procura de nós nas árvores:
n_persons	index	time        
100000   	0    	6.133290e-02
100000   	1    	7.859990e-02
100000   	2    	6.006270e-02
100000   	3    	5.789440e-02

Maior profundidade das árvores:
n_persons	index	time        	depth
100000   	0    	4.429900e-03	39   
100000   	1    	4.429500e-03	39   
100000   	2    	5.422700e-03	38   
100000   	3    	5.351100e-03	37   

Número de nós em cada nível:
n_persons	index	time        	lvl0  	lvl1  	lvl2  	lvl3  	lvl4  	lvl5  	lvl6  	lvl7  	lvl8  	lvl9  	lvl10 	lvl11 	lvl12 	lvl13 	lvl14 	lvl15 	lvl16 	lvl17 	lvl18 	lvl19 	lvl20 	lvl21 	lvl22 	lvl23 	lvl24 	lvl25 	lvl26 	lvl27 	lvl28 	lvl29 	lvl30 	lvl31 	lvl32 	lvl33 	lvl34 	lvl35 	lvl36 	lvl37 	lvl38 	lvl39 
100000   	0    	4.242700e-03	1     	2     	4     	8     	16    	32    	61    	117   	209   	367   	601   	960   	1508  	2236  	3168  	4215  	5292  	6252  	7051  	7673  	8068  	8245  	7999  	7272  	6447  	5497  	4531  	3637  	2733  	2031  	1383  	956   	620   	393   	218   	102   	56    	26    	9     	4     
100000   	1    	4.633400e-03	1     	2     	4     	8     	16    	32    	61    	115   	213   	378   	645   	1027  	1561  	2283  	3176  	4241  	5396  	6519  	7481  	8082  	8438  	8320  	7995  	7279  	6336  	5416  	4332  	3353  	2554  	1760  	1185  	732   	481   	268   	170   	84    	41    	12    	2     	1     
100000   	2    	4.973200e-03	1     	2     	4     	8     	16    	32    	64    	120   	227   	389   	657   	1032  	1556  	2273  	3161  	4251  	5446  	6593  	7527  	8314  	8672  	8572  	8182  	7431  	6532  	5347  	4148  	3110  	2269  	1552  	1033  	645   	372   	224   	118   	69    	33    	16    	2     	nan   
100000   	3    	4.975900e-03	1     	2     	4     	8     	16    	32    	62    	116   	208   	371   	639   	1028  	1627  	2397  	3397  	4635  	5922  	7172  	8189  	8848  	9138  	9015  	8410  	7541  	6232  	4884  	3678  	2546  	1652  	1010  	587   	312   	173   	84    	38    	17    	8     	1     	nan   	nan   

