Criação das árvores ordenadas:
n_persons	index	time        
100000   	0    	9.620630e-02
100000   	1    	1.074638e-01
100000   	2    	6.141290e-02
100000   	3    	5.186590e-02

Procura de nós nas árvores:
n_persons	index	time        
100000   	0    	5.357120e-02
100000   	1    	6.561500e-02
100000   	2    	5.700170e-02
100000   	3    	5.350710e-02

Maior profundidade das árvores:
n_persons	index	time        	depth
100000   	0    	4.622200e-03	38   
100000   	1    	5.628800e-03	39   
100000   	2    	5.724400e-03	35   
100000   	3    	5.816700e-03	36   

Número de nós em cada nível:
n_persons	index	time        	lvl0  	lvl1  	lvl2  	lvl3  	lvl4  	lvl5  	lvl6  	lvl7  	lvl8  	lvl9  	lvl10 	lvl11 	lvl12 	lvl13 	lvl14 	lvl15 	lvl16 	lvl17 	lvl18 	lvl19 	lvl20 	lvl21 	lvl22 	lvl23 	lvl24 	lvl25 	lvl26 	lvl27 	lvl28 	lvl29 	lvl30 	lvl31 	lvl32 	lvl33 	lvl34 	lvl35 	lvl36 	lvl37 	lvl38 	lvl39 
100000   	0    	4.768200e-03	1     	2     	4     	8     	16    	32    	64    	121   	219   	383   	650   	1081  	1664  	2383  	3254  	4322  	5455  	6667  	7760  	8628  	9081  	9054  	8591  	7579  	6371  	5076  	3802  	2749  	1912  	1296  	773   	475   	258   	137   	72    	31    	20    	7     	2     	nan   
100000   	1    	4.194900e-03	1     	2     	4     	8     	16    	32    	64    	127   	246   	447   	776   	1290  	2008  	2972  	4113  	5343  	6551  	7571  	8461  	8948  	9040  	8602  	7732  	6636  	5552  	4324  	3181  	2260  	1527  	965   	543   	297   	172   	97    	47    	22    	13    	8     	1     	1     
100000   	2    	5.273400e-03	1     	2     	4     	8     	16    	32    	64    	124   	234   	415   	720   	1165  	1830  	2691  	3814  	5041  	6408  	7727  	8803  	9510  	9578  	9026  	8200  	6775  	5452  	4226  	3011  	2033  	1321  	820   	473   	266   	131   	56    	17    	6     	nan   	nan   	nan   	nan   
100000   	3    	5.214100e-03	1     	2     	4     	8     	16    	32    	64    	123   	235   	425   	765   	1319  	2130  	3116  	4405  	5752  	7129  	8360  	9360  	9556  	9204  	8506  	7365  	6090  	4894  	3722  	2719  	1897  	1230  	748   	422   	212   	106   	47    	23    	10    	3     	nan   	nan   	nan   

