Criação das árvores ordenadas:
n_persons	index	time        
100000   	0    	5.257070e-02
100000   	1    	6.411330e-02
100000   	2    	5.840210e-02
100000   	3    	4.935580e-02

Procura de nós nas árvores:
n_persons	index	time        
100000   	0    	5.742030e-02
100000   	1    	6.815990e-02
100000   	2    	6.074660e-02
100000   	3    	5.405010e-02

Maior profundidade das árvores:
n_persons	index	time        	depth
100000   	0    	4.523700e-03	42   
100000   	1    	4.314600e-03	40   
100000   	2    	5.008900e-03	39   
100000   	3    	6.440400e-03	39   

Número de nós em cada nível:
n_persons	index	time        	lvl0  	lvl1  	lvl2  	lvl3  	lvl4  	lvl5  	lvl6  	lvl7  	lvl8  	lvl9  	lvl10 	lvl11 	lvl12 	lvl13 	lvl14 	lvl15 	lvl16 	lvl17 	lvl18 	lvl19 	lvl20 	lvl21 	lvl22 	lvl23 	lvl24 	lvl25 	lvl26 	lvl27 	lvl28 	lvl29 	lvl30 	lvl31 	lvl32 	lvl33 	lvl34 	lvl35 	lvl36 	lvl37 	lvl38 	lvl39 	lvl40 	lvl41 	lvl42 
100000   	0    	4.356100e-03	1     	2     	4     	8     	13    	24    	41    	73    	134   	237   	404   	695   	1128  	1722  	2536  	3510  	4606  	5762  	6782  	7619  	8007  	8169  	7990  	7528  	6727  	5962  	4985  	4141  	3242  	2472  	1734  	1237  	878   	609   	403   	272   	158   	95    	51    	25    	11    	2     	1     
100000   	1    	4.004600e-03	1     	2     	4     	8     	16    	32    	64    	125   	227   	402   	642   	984   	1445  	2043  	2884  	3854  	4943  	6017  	7011  	7762  	8168  	8301  	7988  	7393  	6511  	5635  	4770  	3786  	2904  	2086  	1478  	985   	648   	402   	233   	130   	65    	29    	16    	4     	2     	nan   	nan   
100000   	2    	4.730200e-03	1     	2     	4     	8     	16    	32    	63    	121   	231   	419   	728   	1201  	1834  	2638  	3550  	4474  	5441  	6405  	7076  	7633  	8028  	8164  	7863  	7309  	6445  	5483  	4396  	3412  	2500  	1698  	1158  	708   	415   	248   	147   	80    	39    	18    	11    	1     	nan   	nan   	nan   
100000   	3    	4.521500e-03	1     	2     	4     	8     	16    	32    	63    	124   	233   	433   	742   	1230  	1894  	2718  	3640  	4575  	5470  	6391  	7008  	7565  	7832  	7765  	7373  	6869  	6131  	5263  	4265  	3459  	2698  	2015  	1434  	975   	687   	460   	299   	164   	81    	48    	25    	8     	nan   	nan   	nan   

