Criação das árvores ordenadas:
n_persons	index	time        
100000   	0    	5.120670e-02
100000   	1    	7.069560e-02
100000   	2    	1.132334e-01
100000   	3    	6.384450e-02

Procura de nós nas árvores:
n_persons	index	time        
100000   	0    	5.356160e-02
100000   	1    	6.419240e-02
100000   	2    	6.259530e-02
100000   	3    	5.558740e-02

Maior profundidade das árvores:
n_persons	index	time        	depth
100000   	0    	4.584200e-03	39   
100000   	1    	4.428300e-03	39   
100000   	2    	5.390800e-03	40   
100000   	3    	4.982800e-03	38   

Número de nós em cada nível:
n_persons	index	time        	lvl0  	lvl1  	lvl2  	lvl3  	lvl4  	lvl5  	lvl6  	lvl7  	lvl8  	lvl9  	lvl10 	lvl11 	lvl12 	lvl13 	lvl14 	lvl15 	lvl16 	lvl17 	lvl18 	lvl19 	lvl20 	lvl21 	lvl22 	lvl23 	lvl24 	lvl25 	lvl26 	lvl27 	lvl28 	lvl29 	lvl30 	lvl31 	lvl32 	lvl33 	lvl34 	lvl35 	lvl36 	lvl37 	lvl38 	lvl39 	lvl40 
100000   	0    	4.090400e-03	1     	2     	4     	8     	16    	32    	64    	125   	243   	441   	776   	1296  	2030  	2997  	4188  	5571  	6920  	8095  	9029  	9457  	9189  	8616  	7727  	6550  	5192  	3879  	2743  	1859  	1193  	716   	445   	243   	157   	94    	53    	27    	16    	3     	2     	1     	nan   
100000   	1    	4.029400e-03	1     	2     	4     	8     	16    	32    	64    	125   	233   	435   	762   	1235  	1937  	2888  	4003  	5295  	6574  	7730  	8527  	8927  	8984  	8578  	7738  	6577  	5315  	4072  	3063  	2234  	1611  	1091  	722   	459   	301   	183   	127   	68    	47    	19    	9     	4     	nan   
100000   	2    	4.508300e-03	1     	2     	4     	8     	16    	32    	64    	127   	249   	461   	826   	1396  	2201  	3257  	4524  	5860  	7104  	8192  	8919  	9166  	8888  	8235  	7332  	6142  	4934  	3819  	2906  	1996  	1293  	844   	511   	297   	167   	94    	58    	35    	19    	12    	5     	2     	2     
100000   	3    	4.547900e-03	1     	2     	4     	8     	16    	32    	64    	126   	245   	460   	825   	1381  	2105  	3132  	4346  	5721  	7128  	8471  	9315  	9564  	9305  	8619  	7415  	6013  	4735  	3600  	2587  	1810  	1228  	763   	460   	264   	138   	66    	33    	12    	4     	1     	1     	nan   	nan   

