Criação das árvores ordenadas:
n_persons	index	time        
100000   	0    	4.963130e-02
100000   	1    	6.037240e-02
100000   	2    	5.550980e-02
100000   	3    	4.681970e-02

Procura de nós nas árvores:
n_persons	index	time        
100000   	0    	5.254550e-02
100000   	1    	6.730520e-02
100000   	2    	6.081820e-02
100000   	3    	5.278280e-02

Maior profundidade das árvores:
n_persons	index	time        	depth
100000   	0    	4.244800e-03	36   
100000   	1    	4.435400e-03	38   
100000   	2    	5.122900e-03	42   
100000   	3    	4.840600e-03	40   

Número de nós em cada nível:
n_persons	index	time        	lvl0  	lvl1  	lvl2  	lvl3  	lvl4  	lvl5  	lvl6  	lvl7  	lvl8  	lvl9  	lvl10 	lvl11 	lvl12 	lvl13 	lvl14 	lvl15 	lvl16 	lvl17 	lvl18 	lvl19 	lvl20 	lvl21 	lvl22 	lvl23 	lvl24 	lvl25 	lvl26 	lvl27 	lvl28 	lvl29 	lvl30 	lvl31 	lvl32 	lvl33 	lvl34 	lvl35 	lvl36 	lvl37 	lvl38 	lvl39 	lvl40 	lvl41 	lvl42 
100000   	0    	3.816500e-03	1     	2     	4     	8     	16    	32    	64    	127   	240   	443   	785   	1324  	2135  	3210  	4563  	6050  	7596  	8870  	9754  	9877  	9427  	8639  	7503  	6133  	4705  	3272  	2124  	1359  	806   	459   	237   	121   	74    	28    	9     	2     	1     	nan   	nan   	nan   	nan   	nan   	nan   
100000   	1    	3.892200e-03	1     	2     	4     	8     	16    	32    	64    	128   	242   	438   	754   	1249  	2009  	3009  	4175  	5502  	6865  	7868  	8560  	8724  	8558  	8119  	7334  	6322  	5254  	4268  	3299  	2452  	1716  	1136  	759   	478   	288   	160   	105   	57    	31    	11    	3     	nan   	nan   	nan   	nan   
100000   	2    	4.686600e-03	1     	2     	4     	8     	16    	32    	59    	108   	200   	356   	595   	931   	1387  	1943  	2592  	3321  	4144  	5007  	5860  	6664  	7378  	7865  	8016  	7714  	7176  	6339  	5357  	4416  	3461  	2666  	2020  	1453  	1040  	714   	458   	291   	182   	107   	64    	30    	15    	7     	1     
100000   	3    	4.389800e-03	1     	2     	4     	8     	16    	32    	64    	121   	231   	428   	748   	1242  	1980  	2899  	4024  	5219  	6452  	7403  	8120  	8511  	8478  	8127  	7449  	6538  	5541  	4557  	3554  	2667  	1936  	1366  	942   	590   	344   	195   	111   	54    	25    	12    	5     	2     	2     	nan   	nan   

