Criação das árvores ordenadas:
n_persons	index	time        
100000   	0    	6.023930e-02
100000   	1    	7.230900e-02
100000   	2    	9.175330e-02
100000   	3    	9.291930e-02

Procura de nós nas árvores:
n_persons	index	time        
100000   	0    	7.098920e-02
100000   	1    	7.331900e-02
100000   	2    	6.659470e-02
100000   	3    	5.738500e-02

Maior profundidade das árvores:
n_persons	index	time        	depth
100000   	0    	4.953300e-03	40   
100000   	1    	5.015500e-03	41   
100000   	2    	5.523500e-03	39   
100000   	3    	5.530300e-03	41   

Número de nós em cada nível:
n_persons	index	time        	lvl0  	lvl1  	lvl2  	lvl3  	lvl4  	lvl5  	lvl6  	lvl7  	lvl8  	lvl9  	lvl10 	lvl11 	lvl12 	lvl13 	lvl14 	lvl15 	lvl16 	lvl17 	lvl18 	lvl19 	lvl20 	lvl21 	lvl22 	lvl23 	lvl24 	lvl25 	lvl26 	lvl27 	lvl28 	lvl29 	lvl30 	lvl31 	lvl32 	lvl33 	lvl34 	lvl35 	lvl36 	lvl37 	lvl38 	lvl39 	lvl40 	lvl41 
100000   	0    	4.349200e-03	1     	2     	4     	8     	16    	32    	63    	119   	221   	392   	639   	1001  	1562  	2218  	3016  	4084  	5163  	6258  	7225  	8046  	8494  	8665  	8393  	7687  	6745  	5619  	4390  	3240  	2321  	1635  	1088  	714   	448   	252   	129   	62    	31    	12    	3     	1     	1     	nan   
100000   	1    	4.491800e-03	1     	2     	4     	8     	16    	32    	64    	123   	227   	404   	666   	1053  	1536  	2087  	2694  	3446  	4310  	5177  	6209  	7216  	7895  	8262  	8023  	7528  	6826  	5990  	5094  	4181  	3359  	2551  	1810  	1198  	770   	474   	261   	180   	125   	87    	60    	31    	17    	3     
100000   	2    	5.004300e-03	1     	2     	4     	8     	16    	32    	61    	112   	202   	342   	598   	958   	1517  	2301  	3281  	4507  	5861  	7030  	8016  	8521  	8657  	8523  	7946  	7099  	6160  	5015  	3995  	3078  	2196  	1545  	1013  	620   	356   	212   	111   	58    	23    	15    	6     	2     	nan   	nan   
100000   	3    	5.042600e-03	1     	2     	4     	8     	16    	32    	64    	124   	231   	416   	731   	1216  	1898  	2814  	3961  	5131  	6446  	7647  	8650  	9180  	9130  	8750  	7824  	6685  	5421  	4214  	3139  	2199  	1446  	948   	596   	383   	265   	169   	95    	58    	35    	24    	19    	13    	10    	5     

