Criação das árvores ordenadas:
n_persons	index	time        
100000   	0    	6.216960e-02
100000   	1    	6.476000e-02
100000   	2    	5.506480e-02
100000   	3    	4.631400e-02

Procura de nós nas árvores:
n_persons	index	time        
100000   	0    	5.428890e-02
100000   	1    	6.970620e-02
100000   	2    	5.705990e-02
100000   	3    	4.972350e-02

Maior profundidade das árvores:
n_persons	index	time        	depth
100000   	0    	4.760400e-03	42   
100000   	1    	4.519900e-03	39   
100000   	2    	4.987400e-03	40   
100000   	3    	5.162000e-03	41   

Número de nós em cada nível:
n_persons	index	time        	lvl0  	lvl1  	lvl2  	lvl3  	lvl4  	lvl5  	lvl6  	lvl7  	lvl8  	lvl9  	lvl10 	lvl11 	lvl12 	lvl13 	lvl14 	lvl15 	lvl16 	lvl17 	lvl18 	lvl19 	lvl20 	lvl21 	lvl22 	lvl23 	lvl24 	lvl25 	lvl26 	lvl27 	lvl28 	lvl29 	lvl30 	lvl31 	lvl32 	lvl33 	lvl34 	lvl35 	lvl36 	lvl37 	lvl38 	lvl39 	lvl40 	lvl41 	lvl42 
100000   	0    	4.119400e-03	1     	2     	4     	8     	16    	32    	63    	122   	234   	430   	713   	1153  	1810  	2596  	3592  	4694  	5877  	6882  	7667  	8139  	8344  	8152  	7627  	6886  	5959  	4991  	4060  	3089  	2278  	1606  	1095  	728   	452   	290   	168   	94    	68    	47    	18    	7     	3     	1     	2     
100000   	1    	4.029700e-03	1     	2     	3     	6     	9     	17    	33    	64    	124   	238   	429   	744   	1228  	1971  	2920  	4075  	5317  	6590  	7705  	8496  	8872  	8842  	8469  	7605  	6513  	5295  	4226  	3234  	2364  	1652  	1114  	737   	467   	264   	171   	106   	54    	30    	10    	3     	nan   	nan   	nan   
100000   	2    	4.505500e-03	1     	2     	4     	8     	16    	32    	62    	115   	210   	363   	603   	946   	1439  	2135  	2973  	4046  	5132  	6360  	7440  	8272  	8740  	8781  	8480  	7804  	6784  	5563  	4428  	3264  	2268  	1508  	953   	594   	356   	176   	80    	37    	15    	5     	3     	1     	1     	nan   	nan   
100000   	3    	4.296300e-03	1     	2     	4     	8     	16    	32    	63    	114   	216   	399   	677   	1125  	1733  	2581  	3566  	4587  	5623  	6766  	7694  	8493  	8687  	8458  	7972  	7123  	6081  	4967  	3945  	2967  	2069  	1428  	961   	590   	390   	246   	146   	89    	62    	53    	31    	25    	9     	1     	nan   

