Criação das árvores ordenadas:
n_persons	index	time        
100000   	0    	5.208720e-02
100000   	1    	6.460270e-02
100000   	2    	5.568090e-02
100000   	3    	4.862160e-02

Procura de nós nas árvores:
n_persons	index	time        
100000   	0    	5.688950e-02
100000   	1    	7.154550e-02
100000   	2    	1.007163e-01
100000   	3    	6.530080e-02

Maior profundidade das árvores:
n_persons	index	time        	depth
100000   	0    	5.003300e-03	39   
100000   	1    	4.590100e-03	39   
100000   	2    	5.076400e-03	44   
100000   	3    	5.350000e-03	40   

Número de nós em cada nível:
n_persons	index	time        	lvl0  	lvl1  	lvl2  	lvl3  	lvl4  	lvl5  	lvl6  	lvl7  	lvl8  	lvl9  	lvl10 	lvl11 	lvl12 	lvl13 	lvl14 	lvl15 	lvl16 	lvl17 	lvl18 	lvl19 	lvl20 	lvl21 	lvl22 	lvl23 	lvl24 	lvl25 	lvl26 	lvl27 	lvl28 	lvl29 	lvl30 	lvl31 	lvl32 	lvl33 	lvl34 	lvl35 	lvl36 	lvl37 	lvl38 	lvl39 	lvl40 	lvl41 	lvl42 	lvl43 	lvl44 
100000   	0    	4.023800e-03	1     	2     	4     	8     	16    	32    	58    	113   	214   	374   	637   	1053  	1698  	2606  	3748  	5019  	6409  	7744  	8704  	9330  	9508  	9155  	8192  	6822  	5538  	4276  	3118  	2150  	1412  	895   	529   	295   	169   	85    	36    	18    	15    	11    	5     	1     	nan   	nan   	nan   	nan   	nan   
100000   	1    	3.964500e-03	1     	2     	4     	8     	16    	32    	63    	121   	227   	422   	734   	1252  	1959  	2935  	4227  	5809  	7372  	8658  	9302  	9491  	9037  	8255  	7207  	6005  	4784  	3697  	2748  	1982  	1361  	922   	599   	348   	200   	104   	61    	28    	16    	8     	2     	1     	nan   	nan   	nan   	nan   	nan   
100000   	2    	4.489500e-03	1     	2     	4     	8     	16    	32    	64    	116   	219   	398   	685   	1117  	1747  	2499  	3445  	4460  	5518  	6614  	7432  	7965  	8056  	7811  	7301  	6707  	5865  	4973  	4181  	3441  	2694  	2093  	1535  	1131  	758   	489   	278   	172   	82    	43    	24    	9     	4     	5     	3     	2     	1     
100000   	3    	4.750200e-03	1     	2     	4     	8     	16    	32    	63    	121   	227   	406   	709   	1161  	1853  	2777  	3841  	5056  	6319  	7510  	8507  	9206  	9267  	8942  	8031  	6897  	5629  	4274  	3138  	2234  	1460  	935   	591   	354   	207   	108   	69    	24    	14    	3     	1     	1     	2     	nan   	nan   	nan   	nan   

