Criação das árvores ordenadas:
n_persons	index	time        
100000   	0    	5.790510e-02
100000   	1    	6.347660e-02
100000   	2    	5.820940e-02
100000   	3    	4.948280e-02

Procura de nós nas árvores:
n_persons	index	time        
100000   	0    	5.260760e-02
100000   	1    	6.094460e-02
100000   	2    	5.531150e-02
100000   	3    	4.883840e-02

Maior profundidade das árvores:
n_persons	index	time        	depth
100000   	0    	4.521600e-03	36   
100000   	1    	4.505100e-03	39   
100000   	2    	4.969400e-03	39   
100000   	3    	5.302100e-03	39   

Número de nós em cada nível:
n_persons	index	time        	lvl0  	lvl1  	lvl2  	lvl3  	lvl4  	lvl5  	lvl6  	lvl7  	lvl8  	lvl9  	lvl10 	lvl11 	lvl12 	lvl13 	lvl14 	lvl15 	lvl16 	lvl17 	lvl18 	lvl19 	lvl20 	lvl21 	lvl22 	lvl23 	lvl24 	lvl25 	lvl26 	lvl27 	lvl28 	lvl29 	lvl30 	lvl31 	lvl32 	lvl33 	lvl34 	lvl35 	lvl36 	lvl37 	lvl38 	lvl39 
100000   	0    	3.993100e-03	1     	2     	4     	8     	16    	32    	64    	124   	238   	444   	789   	1330  	2106  	3169  	4408  	5927  	7261  	8318  	9013  	9256  	9054  	8611  	7630  	6308  	4992  	3727  	2703  	1860  	1171  	676   	368   	220   	103   	37    	20    	9     	1     	nan   	nan   	nan   
100000   	1    	3.751000e-03	1     	2     	4     	8     	16    	32    	63    	123   	236   	434   	742   	1233  	1956  	2951  	4054  	5229  	6352  	7416  	8226  	8580  	8589  	8135  	7372  	6515  	5502  	4427  	3545  	2610  	1918  	1341  	925   	600   	381   	216   	141   	65    	41    	16    	2     	1     
100000   	2    	4.446400e-03	1     	2     	4     	8     	16    	32    	64    	125   	239   	451   	797   	1308  	2083  	3117  	4384  	5778  	7161  	8115  	8733  	8991  	8703  	8099  	7272  	6231  	5009  	4013  	3089  	2193  	1508  	970   	589   	364   	232   	156   	80    	44    	20    	12    	5     	2     
100000   	3    	4.369700e-03	1     	2     	4     	8     	16    	32    	64    	126   	236   	430   	742   	1229  	1897  	2800  	3893  	5113  	6233  	7305  	8044  	8415  	8432  	8095  	7325  	6512  	5613  	4660  	3626  	2789  	2093  	1494  	1025  	678   	415   	273   	164   	98    	58    	37    	19    	4     

