Criação das árvores ordenadas:
n_persons	index	time        
100000   	0    	5.097700e-02
100000   	1    	6.157030e-02
100000   	2    	5.675800e-02
100000   	3    	4.597740e-02

Procura de nós nas árvores:
n_persons	index	time        
100000   	0    	5.393760e-02
100000   	1    	6.525810e-02
100000   	2    	5.972720e-02
100000   	3    	4.926970e-02

Maior profundidade das árvores:
n_persons	index	time        	depth
100000   	0    	4.850600e-03	40   
100000   	1    	4.541600e-03	40   
100000   	2    	5.076000e-03	43   
100000   	3    	4.903900e-03	40   

Número de nós em cada nível:
n_persons	index	time        	lvl0  	lvl1  	lvl2  	lvl3  	lvl4  	lvl5  	lvl6  	lvl7  	lvl8  	lvl9  	lvl10 	lvl11 	lvl12 	lvl13 	lvl14 	lvl15 	lvl16 	lvl17 	lvl18 	lvl19 	lvl20 	lvl21 	lvl22 	lvl23 	lvl24 	lvl25 	lvl26 	lvl27 	lvl28 	lvl29 	lvl30 	lvl31 	lvl32 	lvl33 	lvl34 	lvl35 	lvl36 	lvl37 	lvl38 	lvl39 	lvl40 	lvl41 	lvl42 	lvl43 
100000   	0    	4.335500e-03	1     	2     	4     	8     	16    	32    	63    	114   	203   	342   	567   	881   	1339  	1915  	2644  	3574  	4608  	5679  	6738  	7615  	8163  	8429  	8263  	7823  	7076  	6002  	4887  	3842  	2893  	2191  	1504  	1017  	694   	403   	238   	120   	58    	32    	13    	5     	2     	nan   	nan   	nan   
100000   	1    	4.247100e-03	1     	2     	4     	8     	16    	32    	64    	124   	238   	440   	766   	1293  	2006  	2917  	4011  	5174  	6230  	7263  	8096  	8558  	8714  	8532  	7837  	6979  	5861  	4578  	3461  	2415  	1664  	1088  	697   	412   	255   	137   	61    	32    	14    	8     	7     	3     	2     	nan   	nan   	nan   
100000   	2    	4.861100e-03	1     	2     	4     	8     	16    	31    	59    	117   	213   	368   	618   	974   	1468  	2092  	2832  	3738  	4693  	5667  	6525  	7345  	7925  	8192  	8219  	7810  	6975  	5985  	4886  	3794  	2846  	2109  	1534  	1062  	723   	459   	305   	183   	103   	54    	35    	14    	6     	4     	3     	3     
100000   	3    	4.896900e-03	1     	2     	4     	8     	16    	32    	64    	122   	222   	384   	644   	1046  	1621  	2354  	3223  	4278  	5300  	6289  	7145  	7663  	8011  	8092  	7876  	7327  	6575  	5517  	4540  	3577  	2640  	1935  	1313  	889   	571   	319   	180   	104   	61    	29    	16    	7     	3     	nan   	nan   	nan   

