Criação das árvores ordenadas:
n_persons	index	time        
100000   	0    	5.266540e-02
100000   	1    	6.416620e-02
100000   	2    	5.497280e-02
100000   	3    	4.693900e-02

Procura de nós nas árvores:
n_persons	index	time        
100000   	0    	5.556380e-02
100000   	1    	6.835420e-02
100000   	2    	5.750770e-02
100000   	3    	4.925380e-02

Maior profundidade das árvores:
n_persons	index	time        	depth
100000   	0    	4.394800e-03	42   
100000   	1    	4.398700e-03	42   
100000   	2    	4.845100e-03	42   
100000   	3    	5.144400e-03	38   

Número de nós em cada nível:
n_persons	index	time        	lvl0  	lvl1  	lvl2  	lvl3  	lvl4  	lvl5  	lvl6  	lvl7  	lvl8  	lvl9  	lvl10 	lvl11 	lvl12 	lvl13 	lvl14 	lvl15 	lvl16 	lvl17 	lvl18 	lvl19 	lvl20 	lvl21 	lvl22 	lvl23 	lvl24 	lvl25 	lvl26 	lvl27 	lvl28 	lvl29 	lvl30 	lvl31 	lvl32 	lvl33 	lvl34 	lvl35 	lvl36 	lvl37 	lvl38 	lvl39 	lvl40 	lvl41 	lvl42 
100000   	0    	3.953100e-03	1     	2     	4     	8     	16    	32    	62    	115   	214   	369   	619   	980   	1488  	2213  	3118  	4197  	5338  	6432  	7485  	8204  	8523  	8460  	8006  	7254  	6368  	5331  	4268  	3362  	2463  	1818  	1238  	811   	498   	308   	191   	94    	53    	28    	12    	9     	4     	2     	2     
100000   	1    	3.960500e-03	1     	2     	4     	8     	16    	31    	59    	116   	217   	394   	697   	1109  	1719  	2514  	3457  	4550  	5728  	6947  	7957  	8629  	8804  	8551  	7833  	6968  	5694  	4569  	3618  	2863  	2133  	1513  	1073  	768   	524   	335   	223   	153   	94    	52    	33    	22    	15    	5     	2     
100000   	2    	4.308800e-03	1     	2     	4     	8     	16    	32    	63    	124   	238   	422   	715   	1175  	1734  	2491  	3341  	4278  	5295  	5988  	6621  	7170  	7440  	7492  	7270  	6914  	6476  	5830  	5019  	4086  	3170  	2352  	1640  	1101  	711   	362   	199   	103   	49    	31    	15    	12    	6     	3     	1     
100000   	3    	4.387600e-03	1     	2     	4     	8     	16    	32    	62    	118   	216   	383   	660   	1069  	1703  	2558  	3672  	4886  	6170  	7296  	8083  	8736  	8932  	8644  	7947  	6920  	5833  	4742  	3687  	2675  	1888  	1236  	803   	472   	287   	144   	67    	28    	15    	3     	2     	nan   	nan   	nan   	nan   

