Criação das árvores ordenadas:
n_persons	index	time        
100000   	0    	7.850190e-02
100000   	1    	6.769120e-02
100000   	2    	5.540420e-02
100000   	3    	4.768190e-02

Procura de nós nas árvores:
n_persons	index	time        
100000   	0    	5.336380e-02
100000   	1    	6.123760e-02
100000   	2    	5.842100e-02
100000   	3    	5.134620e-02

Maior profundidade das árvores:
n_persons	index	time        	depth
100000   	0    	4.513600e-03	41   
100000   	1    	4.299700e-03	36   
100000   	2    	4.934600e-03	38   
100000   	3    	5.185100e-03	43   

Número de nós em cada nível:
n_persons	index	time        	lvl0  	lvl1  	lvl2  	lvl3  	lvl4  	lvl5  	lvl6  	lvl7  	lvl8  	lvl9  	lvl10 	lvl11 	lvl12 	lvl13 	lvl14 	lvl15 	lvl16 	lvl17 	lvl18 	lvl19 	lvl20 	lvl21 	lvl22 	lvl23 	lvl24 	lvl25 	lvl26 	lvl27 	lvl28 	lvl29 	lvl30 	lvl31 	lvl32 	lvl33 	lvl34 	lvl35 	lvl36 	lvl37 	lvl38 	lvl39 	lvl40 	lvl41 	lvl42 	lvl43 
100000   	0    	4.029300e-03	1     	2     	4     	8     	16    	32    	64    	125   	242   	453   	815   	1344  	2069  	3013  	4164  	5403  	6461  	7329  	7872  	8069  	7848  	7439  	6690  	5808  	4940  	4187  	3466  	2867  	2418  	1962  	1525  	1161  	816   	533   	375   	223   	136   	71    	32    	13    	3     	1     	nan   	nan   
100000   	1    	3.874800e-03	1     	2     	4     	8     	16    	32    	63    	120   	223   	402   	705   	1185  	1890  	2808  	3949  	5196  	6485  	7654  	8501  	8881  	8857  	8356  	7613  	6663  	5615  	4514  	3452  	2518  	1725  	1121  	673   	363   	209   	112   	57    	21    	6     	nan   	nan   	nan   	nan   	nan   	nan   	nan   
100000   	2    	4.392200e-03	1     	2     	4     	8     	16    	32    	62    	118   	228   	419   	727   	1221  	1890  	2815  	4009  	5340  	6692  	7916  	8878  	9356  	9321  	8719  	7800  	6614  	5290  	3957  	2896  	1996  	1316  	892   	576   	363   	239   	125   	79    	52    	23    	6     	2     	nan   	nan   	nan   	nan   	nan   
100000   	3    	4.361300e-03	1     	2     	4     	8     	16    	32    	61    	115   	207   	366   	611   	1007  	1562  	2323  	3263  	4284  	5452  	6319  	7018  	7516  	7690  	7626  	7302  	6812  	6149  	5480  	4733  	3915  	3056  	2336  	1595  	1131  	732   	470   	311   	195   	125   	75    	45    	26    	17    	8     	3     	1     

