Criação das árvores ordenadas:
n_persons	index	time        
100000   	0    	6.113980e-02
100000   	1    	6.947960e-02
100000   	2    	5.906980e-02
100000   	3    	5.195160e-02

Procura de nós nas árvores:
n_persons	index	time        
100000   	0    	5.512400e-02
100000   	1    	6.503580e-02
100000   	2    	5.920640e-02
100000   	3    	4.884460e-02

Maior profundidade das árvores:
n_persons	index	time        	depth
100000   	0    	4.456300e-03	40   
100000   	1    	4.731000e-03	40   
100000   	2    	5.044600e-03	38   
100000   	3    	5.043700e-03	44   

Número de nós em cada nível:
n_persons	index	time        	lvl0  	lvl1  	lvl2  	lvl3  	lvl4  	lvl5  	lvl6  	lvl7  	lvl8  	lvl9  	lvl10 	lvl11 	lvl12 	lvl13 	lvl14 	lvl15 	lvl16 	lvl17 	lvl18 	lvl19 	lvl20 	lvl21 	lvl22 	lvl23 	lvl24 	lvl25 	lvl26 	lvl27 	lvl28 	lvl29 	lvl30 	lvl31 	lvl32 	lvl33 	lvl34 	lvl35 	lvl36 	lvl37 	lvl38 	lvl39 	lvl40 	lvl41 	lvl42 	lvl43 	lvl44 
100000   	0    	4.224700e-03	1     	2     	4     	8     	16    	32    	62    	123   	228   	421   	766   	1274  	1997  	3022  	4374  	5852  	7187  	8417  	9087  	9268  	8968  	8363  	7271  	5968  	4738  	3626  	2710  	1984  	1389  	947   	646   	455   	314   	193   	118   	74    	48    	28    	15    	3     	1     	nan   	nan   	nan   	nan   
100000   	1    	4.011800e-03	1     	2     	4     	8     	16    	30    	57    	105   	195   	327   	524   	821   	1246  	1787  	2497  	3444  	4485  	5588  	6753  	7663  	8338  	8737  	8523  	7826  	6918  	5794  	4783  	3704  	2865  	2181  	1580  	1179  	801   	533   	317   	183   	104   	56    	16    	7     	2     	nan   	nan   	nan   	nan   
100000   	2    	4.658500e-03	1     	2     	4     	8     	16    	32    	63    	123   	231   	432   	771   	1311  	2111  	3244  	4545  	5895  	7284  	8569  	9291  	9493  	9101  	8404  	7338  	6097  	4838  	3666  	2624  	1784  	1210  	740   	371   	210   	103   	53    	20    	7     	5     	2     	1     	nan   	nan   	nan   	nan   	nan   	nan   
100000   	3    	4.572800e-03	1     	2     	4     	8     	16    	32    	62    	122   	229   	423   	740   	1229  	1896  	2855  	3896  	5078  	6134  	7152  	7770  	8152  	8066  	7672  	7029  	6276  	5405  	4602  	3763  	3007  	2365  	1761  	1286  	904   	657   	487   	325   	222   	140   	81    	52    	44    	28    	16    	5     	3     	3     

