Criação das árvores ordenadas:
n_persons	index	time        
100000   	0    	5.250870e-02
100000   	1    	6.795410e-02
100000   	2    	6.208780e-02
100000   	3    	5.207480e-02

Procura de nós nas árvores:
n_persons	index	time        
100000   	0    	5.501780e-02
100000   	1    	7.057690e-02
100000   	2    	5.675500e-02
100000   	3    	5.396430e-02

Maior profundidade das árvores:
n_persons	index	time        	depth
100000   	0    	4.914200e-03	39   
100000   	1    	4.393100e-03	39   
100000   	2    	4.871600e-03	40   
100000   	3    	4.784400e-03	39   

Número de nós em cada nível:
n_persons	index	time        	lvl0  	lvl1  	lvl2  	lvl3  	lvl4  	lvl5  	lvl6  	lvl7  	lvl8  	lvl9  	lvl10 	lvl11 	lvl12 	lvl13 	lvl14 	lvl15 	lvl16 	lvl17 	lvl18 	lvl19 	lvl20 	lvl21 	lvl22 	lvl23 	lvl24 	lvl25 	lvl26 	lvl27 	lvl28 	lvl29 	lvl30 	lvl31 	lvl32 	lvl33 	lvl34 	lvl35 	lvl36 	lvl37 	lvl38 	lvl39 	lvl40 
100000   	0    	5.454600e-03	1     	2     	4     	8     	16    	32    	62    	118   	209   	354   	594   	933   	1379  	1985  	2718  	3501  	4395  	5292  	6196  	7020  	7600  	7999  	8003  	7722  	7142  	6357  	5372  	4359  	3439  	2556  	1799  	1197  	764   	435   	216   	128   	54    	28    	9     	2     	nan   
100000   	1    	4.498400e-03	1     	2     	4     	8     	16    	32    	64    	127   	233   	431   	751   	1247  	1942  	2907  	3990  	5032  	6190  	7167  	7909  	8303  	8395  	8168  	7598  	6813  	5853  	4710  	3721  	2682  	1855  	1327  	928   	657   	399   	237   	142   	71    	38    	28    	15    	7     	nan   
100000   	2    	4.627000e-03	1     	2     	4     	8     	16    	32    	63    	119   	215   	362   	605   	1008  	1605  	2409  	3531  	4806  	6134  	7363  	8232  	8906  	9165  	9025  	8440  	7343  	6035  	4730  	3442  	2387  	1605  	1041  	608   	354   	213   	100   	45    	18    	10    	8     	5     	4     	1     
100000   	3    	4.530700e-03	1     	2     	4     	8     	16    	32    	63    	124   	234   	404   	686   	1097  	1676  	2343  	3166  	4110  	5160  	6132  	7148  	7988  	8467  	8576  	8399  	7650  	6620  	5494  	4389  	3332  	2442  	1679  	1084  	652   	371   	211   	127   	57    	32    	18    	5     	1     	nan   

