Criação das árvores ordenadas:
n_persons	index	time        
100000   	0    	9.582820e-02
100000   	1    	7.549870e-02
100000   	2    	5.258210e-02
100000   	3    	4.628170e-02

Procura de nós nas árvores:
n_persons	index	time        
100000   	0    	5.613920e-02
100000   	1    	6.641840e-02
100000   	2    	5.922740e-02
100000   	3    	5.387720e-02

Maior profundidade das árvores:
n_persons	index	time        	depth
100000   	0    	4.587000e-03	39   
100000   	1    	4.498300e-03	41   
100000   	2    	4.879100e-03	35   
100000   	3    	5.042500e-03	39   

Número de nós em cada nível:
n_persons	index	time        	lvl0  	lvl1  	lvl2  	lvl3  	lvl4  	lvl5  	lvl6  	lvl7  	lvl8  	lvl9  	lvl10 	lvl11 	lvl12 	lvl13 	lvl14 	lvl15 	lvl16 	lvl17 	lvl18 	lvl19 	lvl20 	lvl21 	lvl22 	lvl23 	lvl24 	lvl25 	lvl26 	lvl27 	lvl28 	lvl29 	lvl30 	lvl31 	lvl32 	lvl33 	lvl34 	lvl35 	lvl36 	lvl37 	lvl38 	lvl39 	lvl40 	lvl41 
100000   	0    	4.235500e-03	1     	2     	4     	8     	16    	32    	64    	126   	240   	438   	757   	1287  	2035  	3093  	4375  	5710  	7072  	8225  	9044  	9233  	8888  	8318  	7364  	6243  	5112  	3891  	2851  	2023  	1367  	895   	563   	315   	168   	99    	59    	37    	22    	12    	7     	4     	nan   	nan   
100000   	1    	4.217600e-03	1     	2     	4     	8     	16    	32    	64    	122   	220   	399   	693   	1128  	1738  	2562  	3578  	4783  	6022  	7339  	8354  	8976  	8989  	8589  	7795  	6709  	5695  	4609  	3668  	2719  	1946  	1298  	782   	494   	279   	173   	91    	51    	25    	16    	15    	11    	4     	1     
100000   	2    	4.470400e-03	1     	2     	4     	8     	16    	32    	64    	124   	240   	449   	803   	1378  	2169  	3294  	4695  	6297  	7897  	9117  	9834  	9982  	9445  	8527  	7195  	5695  	4283  	3083  	2149  	1384  	890   	490   	241   	129   	55    	21    	5     	2     	nan   	nan   	nan   	nan   	nan   	nan   
100000   	3    	4.306900e-03	1     	2     	4     	8     	16    	32    	63    	118   	213   	386   	661   	1110  	1714  	2538  	3541  	4678  	6021  	7173  	8082  	8608  	8627  	8389  	7693  	6863  	5817  	4719  	3760  	2900  	2104  	1481  	1015  	674   	421   	252   	146   	83    	49    	23    	12    	3     	nan   	nan   

