Criação das árvores ordenadas:
n_persons	index	time        
100000   	0    	5.061100e-02
100000   	1    	6.240450e-02
100000   	2    	5.405040e-02
100000   	3    	4.623140e-02

Procura de nós nas árvores:
n_persons	index	time        
100000   	0    	5.423330e-02
100000   	1    	6.669830e-02
100000   	2    	5.731670e-02
100000   	3    	4.929570e-02

Maior profundidade das árvores:
n_persons	index	time        	depth
100000   	0    	4.350900e-03	41   
100000   	1    	4.126000e-03	42   
100000   	2    	4.740400e-03	43   
100000   	3    	5.076100e-03	37   

Número de nós em cada nível:
n_persons	index	time        	lvl0  	lvl1  	lvl2  	lvl3  	lvl4  	lvl5  	lvl6  	lvl7  	lvl8  	lvl9  	lvl10 	lvl11 	lvl12 	lvl13 	lvl14 	lvl15 	lvl16 	lvl17 	lvl18 	lvl19 	lvl20 	lvl21 	lvl22 	lvl23 	lvl24 	lvl25 	lvl26 	lvl27 	lvl28 	lvl29 	lvl30 	lvl31 	lvl32 	lvl33 	lvl34 	lvl35 	lvl36 	lvl37 	lvl38 	lvl39 	lvl40 	lvl41 	lvl42 	lvl43 
100000   	0    	6.323600e-03	1     	2     	4     	8     	16    	32    	63    	122   	230   	419   	735   	1216  	1915  	2881  	4026  	5235  	6514  	7659  	8614  	9102  	9201  	8762  	7960  	6844  	5513  	4264  	3061  	2029  	1370  	947   	579   	333   	172   	85    	37    	20    	12    	8     	4     	3     	1     	1     	nan   	nan   
100000   	1    	4.573700e-03	1     	2     	4     	8     	16    	32    	63    	126   	238   	426   	726   	1203  	1906  	2839  	4000  	5295  	6535  	7597  	8292  	8613  	8492  	7983  	7134  	6177  	5285  	4342  	3338  	2535  	1891  	1402  	1041  	729   	506   	368   	273   	217   	145   	100   	67    	30    	12    	8     	3     	nan   
100000   	2    	1.328600e-02	1     	2     	4     	8     	16    	31    	59    	111   	197   	333   	539   	835   	1197  	1720  	2420  	3229  	4190  	5196  	6288  	7243  	8084  	8634  	8629  	8226  	7320  	6367  	5232  	4066  	3100  	2253  	1634  	1148  	718   	414   	249   	140   	67    	42    	22    	16    	9     	7     	2     	2     
100000   	3    	6.490900e-03	1     	2     	4     	8     	16    	32    	64    	124   	230   	414   	681   	1113  	1768  	2634  	3702  	4893  	6103  	7154  	8181  	8765  	8899  	8484  	7815  	6914  	5795  	4753  	3679  	2727  	1938  	1286  	844   	504   	268   	127   	53    	18    	5     	2     	nan   	nan   	nan   	nan   	nan   	nan   

