Criação das árvores ordenadas:
n_persons	index	time        
100000   	0    	5.542340e-02
100000   	1    	6.346600e-02
100000   	2    	5.447060e-02
100000   	3    	4.650860e-02

Procura de nós nas árvores:
n_persons	index	time        
100000   	0    	5.310620e-02
100000   	1    	6.774510e-02
100000   	2    	5.725120e-02
100000   	3    	5.057760e-02

Maior profundidade das árvores:
n_persons	index	time        	depth
100000   	0    	4.459900e-03	37   
100000   	1    	4.274200e-03	40   
100000   	2    	4.974000e-03	39   
100000   	3    	5.428500e-03	39   

Número de nós em cada nível:
n_persons	index	time        	lvl0  	lvl1  	lvl2  	lvl3  	lvl4  	lvl5  	lvl6  	lvl7  	lvl8  	lvl9  	lvl10 	lvl11 	lvl12 	lvl13 	lvl14 	lvl15 	lvl16 	lvl17 	lvl18 	lvl19 	lvl20 	lvl21 	lvl22 	lvl23 	lvl24 	lvl25 	lvl26 	lvl27 	lvl28 	lvl29 	lvl30 	lvl31 	lvl32 	lvl33 	lvl34 	lvl35 	lvl36 	lvl37 	lvl38 	lvl39 	lvl40 
100000   	0    	3.973000e-03	1     	2     	4     	8     	16    	32    	63    	124   	233   	418   	728   	1191  	1842  	2686  	3740  	4962  	6137  	7221  	8080  	8607  	8635  	8428  	7902  	7041  	6046  	4840  	3600  	2635  	1795  	1205  	792   	472   	285   	139   	66    	14    	8     	2     	nan   	nan   	nan   
100000   	1    	3.987600e-03	1     	2     	4     	8     	16    	32    	64    	124   	228   	400   	680   	1102  	1688  	2402  	3251  	4274  	5404  	6421  	7235  	7847  	8272  	8312  	7877  	7291  	6464  	5479  	4356  	3468  	2555  	1803  	1167  	743   	449   	261   	156   	83    	46    	20    	8     	6     	1     
100000   	2    	4.384900e-03	1     	2     	4     	7     	14    	27    	50    	94    	175   	309   	511   	854   	1359  	2024  	2891  	3963  	5051  	6168  	7165  	7822  	8172  	8099  	7789  	7369  	6705  	5850  	4881  	3934  	2989  	2144  	1480  	930   	575   	297   	155   	78    	36    	15    	8     	3     	nan   
100000   	3    	4.763800e-03	1     	2     	4     	8     	16    	32    	64    	125   	232   	402   	686   	1151  	1806  	2676  	3766  	4996  	6223  	7317  	8128  	8559  	8748  	8476  	7925  	7105  	6006  	4766  	3722  	2557  	1748  	1109  	703   	431   	255   	146   	64    	25    	11    	3     	3     	3     	nan   

