Criação das árvores ordenadas:
n_persons	index	time        
100000   	0    	5.081550e-02
100000   	1    	6.164910e-02
100000   	2    	5.380940e-02
100000   	3    	4.660810e-02

Procura de nós nas árvores:
n_persons	index	time        
100000   	0    	5.347760e-02
100000   	1    	7.245530e-02
100000   	2    	1.104938e-01
100000   	3    	6.508050e-02

Maior profundidade das árvores:
n_persons	index	time        	depth
100000   	0    	4.450600e-03	39   
100000   	1    	4.506400e-03	38   
100000   	2    	5.073300e-03	42   
100000   	3    	5.247800e-03	42   

Número de nós em cada nível:
n_persons	index	time        	lvl0  	lvl1  	lvl2  	lvl3  	lvl4  	lvl5  	lvl6  	lvl7  	lvl8  	lvl9  	lvl10 	lvl11 	lvl12 	lvl13 	lvl14 	lvl15 	lvl16 	lvl17 	lvl18 	lvl19 	lvl20 	lvl21 	lvl22 	lvl23 	lvl24 	lvl25 	lvl26 	lvl27 	lvl28 	lvl29 	lvl30 	lvl31 	lvl32 	lvl33 	lvl34 	lvl35 	lvl36 	lvl37 	lvl38 	lvl39 	lvl40 	lvl41 	lvl42 
100000   	0    	3.978900e-03	1     	2     	4     	8     	16    	32    	64    	123   	224   	416   	737   	1241  	1943  	2878  	3931  	5171  	6438  	7517  	8393  	8806  	8804  	8282  	7447  	6596  	5590  	4406  	3317  	2479  	1810  	1256  	821   	518   	330   	196   	117   	54    	23    	5     	3     	1     	nan   	nan   	nan   
100000   	1    	4.091100e-03	1     	2     	4     	8     	16    	32    	64    	124   	226   	415   	720   	1194  	1948  	2947  	4135  	5518  	6858  	7996  	8773  	8955  	8777  	8171  	7406  	6421  	5214  	4133  	3142  	2303  	1657  	1137  	709   	450   	253   	139   	78    	42    	25    	6     	1     	nan   	nan   	nan   	nan   
100000   	2    	4.291900e-03	1     	2     	4     	8     	16    	32    	64    	122   	227   	388   	634   	1017  	1477  	2139  	3011  	4018  	5116  	6325  	7360  	8296  	8839  	8875  	8556  	7617  	6655  	5440  	4254  	3144  	2242  	1541  	1038  	679   	394   	227   	119   	55    	28    	17    	12    	6     	2     	2     	1     
100000   	3    	4.748300e-03	1     	2     	4     	8     	16    	32    	63    	123   	223   	402   	692   	1128  	1660  	2356  	3198  	4173  	5206  	6176  	7085  	7742  	8082  	8087  	7839  	7285  	6357  	5513  	4500  	3542  	2669  	1970  	1374  	934   	602   	389   	252   	150   	84    	34    	25    	15    	4     	2     	1     

