Criação das árvores ordenadas:
n_persons	index	time        
100000   	0    	5.075570e-02
100000   	1    	6.217900e-02
100000   	2    	5.604360e-02
100000   	3    	4.885550e-02

Procura de nós nas árvores:
n_persons	index	time        
100000   	0    	5.920710e-02
100000   	1    	6.778770e-02
100000   	2    	5.757710e-02
100000   	3    	5.172170e-02

Maior profundidade das árvores:
n_persons	index	time        	depth
100000   	0    	4.523100e-03	37   
100000   	1    	4.281600e-03	40   
100000   	2    	6.401900e-03	38   
100000   	3    	5.387400e-03	41   

Número de nós em cada nível:
n_persons	index	time        	lvl0  	lvl1  	lvl2  	lvl3  	lvl4  	lvl5  	lvl6  	lvl7  	lvl8  	lvl9  	lvl10 	lvl11 	lvl12 	lvl13 	lvl14 	lvl15 	lvl16 	lvl17 	lvl18 	lvl19 	lvl20 	lvl21 	lvl22 	lvl23 	lvl24 	lvl25 	lvl26 	lvl27 	lvl28 	lvl29 	lvl30 	lvl31 	lvl32 	lvl33 	lvl34 	lvl35 	lvl36 	lvl37 	lvl38 	lvl39 	lvl40 	lvl41 
100000   	0    	3.845700e-03	1     	2     	4     	8     	16    	32    	64    	127   	246   	456   	797   	1350  	2178  	3256  	4430  	5839  	7254  	8464  	9314  	9633  	9431  	8714  	7602  	6223  	4816  	3496  	2419  	1622  	995   	566   	320   	179   	87    	38    	15    	4     	1     	1     	nan   	nan   	nan   	nan   
100000   	1    	3.827100e-03	1     	2     	4     	8     	16    	31    	62    	117   	220   	396   	670   	1093  	1664  	2391  	3239  	4221  	5198  	5994  	6797  	7311  	7652  	7836  	7667  	7313  	6660  	5819  	4655  	3727  	2877  	2106  	1542  	1044  	730   	417   	232   	139   	72    	46    	22    	7     	2     	nan   
100000   	2    	4.607400e-03	1     	2     	4     	8     	16    	32    	64    	118   	213   	357   	584   	960   	1464  	2175  	3016  	4000  	5040  	6008  	7043  	7787  	8335  	8503  	8210  	7772  	6851  	5872  	4860  	3702  	2663  	1768  	1135  	669   	367   	197   	94    	57    	31    	14    	8     	nan   	nan   	nan   
100000   	3    	4.307100e-03	1     	2     	4     	8     	16    	32    	63    	120   	219   	397   	686   	1097  	1683  	2426  	3310  	4363  	5457  	6572  	7339  	7828  	8061  	7937  	7493  	6772  	5971  	5133  	4304  	3564  	2811  	2141  	1531  	1054  	690   	404   	231   	139   	71    	32    	19    	13    	4     	2     

