Criação das árvores ordenadas:
n_persons	index	time        
100000   	0    	6.312520e-02
100000   	1    	7.340090e-02
100000   	2    	6.662930e-02
100000   	3    	5.661280e-02

Procura de nós nas árvores:
n_persons	index	time        
100000   	0    	6.348900e-02
100000   	1    	7.419620e-02
100000   	2    	6.550480e-02
100000   	3    	5.459080e-02

Maior profundidade das árvores:
n_persons	index	time        	depth
100000   	0    	4.487200e-03	41   
100000   	1    	4.584000e-03	42   
100000   	2    	5.438800e-03	39   
100000   	3    	5.193200e-03	39   

Número de nós em cada nível:
n_persons	index	time        	lvl0  	lvl1  	lvl2  	lvl3  	lvl4  	lvl5  	lvl6  	lvl7  	lvl8  	lvl9  	lvl10 	lvl11 	lvl12 	lvl13 	lvl14 	lvl15 	lvl16 	lvl17 	lvl18 	lvl19 	lvl20 	lvl21 	lvl22 	lvl23 	lvl24 	lvl25 	lvl26 	lvl27 	lvl28 	lvl29 	lvl30 	lvl31 	lvl32 	lvl33 	lvl34 	lvl35 	lvl36 	lvl37 	lvl38 	lvl39 	lvl40 	lvl41 	lvl42 
100000   	0    	4.190000e-03	1     	2     	4     	8     	16    	32    	64    	120   	216   	346   	579   	907   	1348  	1983  	2801  	3730  	4715  	5656  	6598  	7358  	7825  	8048  	8030  	7550  	6989  	6082  	5043  	4073  	3205  	2367  	1637  	1102  	685   	404   	236   	124   	54    	26    	19    	13    	3     	1     	nan   
100000   	1    	4.040500e-03	1     	2     	4     	8     	16    	32    	63    	119   	221   	388   	648   	1018  	1555  	2291  	3219  	4351  	5581  	6735  	7658  	8401  	8766  	8886  	8378  	7490  	6376  	5078  	3949  	2832  	1965  	1324  	918   	600   	408   	270   	178   	127   	62    	34    	22    	18    	4     	2     	2     
100000   	2    	4.618900e-03	1     	2     	4     	8     	16    	32    	64    	127   	239   	420   	725   	1147  	1747  	2516  	3468  	4439  	5598  	6808  	7825  	8486  	8781  	8461  	7896  	7101  	6138  	4987  	3849  	2881  	2042  	1438  	995   	705   	443   	277   	152   	90    	52    	25    	10    	5     	nan   	nan   	nan   
100000   	3    	4.697100e-03	1     	2     	4     	8     	16    	32    	64    	125   	232   	421   	718   	1181  	1826  	2672  	3663  	4717  	5795  	6879  	7736  	8292  	8488  	8273  	7736  	6942  	5944  	4857  	3838  	3013  	2204  	1526  	1044  	711   	450   	290   	155   	76    	41    	17    	7     	4     	nan   	nan   	nan   

