Criação das árvores ordenadas:
n_persons	index	time        
100000   	0    	8.599770e-02
100000   	1    	1.442751e-01
100000   	2    	7.002430e-02
100000   	3    	5.753880e-02

Procura de nós nas árvores:
n_persons	index	time        
100000   	0    	6.748520e-02
100000   	1    	7.778500e-02
100000   	2    	1.277417e-01
100000   	3    	7.528070e-02

Maior profundidade das árvores:
n_persons	index	time        	depth
100000   	0    	6.218800e-03	39   
100000   	1    	4.802400e-03	38   
100000   	2    	5.175500e-03	41   
100000   	3    	7.128300e-03	38   

Número de nós em cada nível:
n_persons	index	time        	lvl0  	lvl1  	lvl2  	lvl3  	lvl4  	lvl5  	lvl6  	lvl7  	lvl8  	lvl9  	lvl10 	lvl11 	lvl12 	lvl13 	lvl14 	lvl15 	lvl16 	lvl17 	lvl18 	lvl19 	lvl20 	lvl21 	lvl22 	lvl23 	lvl24 	lvl25 	lvl26 	lvl27 	lvl28 	lvl29 	lvl30 	lvl31 	lvl32 	lvl33 	lvl34 	lvl35 	lvl36 	lvl37 	lvl38 	lvl39 	lvl40 	lvl41 
100000   	0    	4.811400e-03	1     	2     	4     	8     	16    	32    	61    	120   	219   	395   	666   	1034  	1508  	2099  	2883  	3747  	4604  	5535  	6477  	7312  	7894  	8108  	8082  	7600  	7144  	6140  	5044  	4064  	3110  	2274  	1502  	997   	583   	340   	205   	99    	49    	22    	17    	3     	nan   	nan   
100000   	1    	4.082600e-03	1     	2     	4     	8     	16    	32    	64    	127   	249   	474   	838   	1429  	2256  	3344  	4635  	6077  	7550  	8668  	9405  	9665  	9351  	8434  	7202  	5835  	4498  	3282  	2329  	1613  	1065  	674   	393   	226   	131   	67    	29    	14    	7     	5     	1     	nan   	nan   	nan   
100000   	2    	6.067000e-03	1     	2     	4     	8     	16    	32    	62    	116   	208   	343   	534   	844   	1283  	1855  	2562  	3481  	4509  	5585  	6718  	7611  	8168  	8428  	8158  	7702  	6957  	6164  	5133  	4131  	3131  	2281  	1545  	1018  	630   	355   	186   	100   	52    	28    	26    	20    	11    	2     
100000   	3    	4.835400e-03	1     	2     	4     	8     	16    	32    	64    	124   	238   	445   	799   	1348  	2116  	3121  	4328  	5697  	6983  	8206  	8986  	9368  	9130  	8466  	7504  	6320  	4992  	3799  	2778  	1934  	1311  	803   	465   	271   	157   	79    	47    	24    	22    	10    	2     	nan   	nan   	nan   

