Criação das árvores ordenadas:
n_persons	index	time        
100000   	0    	5.444040e-02
100000   	1    	6.619000e-02
100000   	2    	5.658980e-02
100000   	3    	4.887920e-02

Procura de nós nas árvores:
n_persons	index	time        
100000   	0    	5.350660e-02
100000   	1    	6.101640e-02
100000   	2    	5.716690e-02
100000   	3    	5.001490e-02

Maior profundidade das árvores:
n_persons	index	time        	depth
100000   	0    	4.356400e-03	42   
100000   	1    	4.558200e-03	40   
100000   	2    	5.010700e-03	36   
100000   	3    	4.922500e-03	41   

Número de nós em cada nível:
n_persons	index	time        	lvl0  	lvl1  	lvl2  	lvl3  	lvl4  	lvl5  	lvl6  	lvl7  	lvl8  	lvl9  	lvl10 	lvl11 	lvl12 	lvl13 	lvl14 	lvl15 	lvl16 	lvl17 	lvl18 	lvl19 	lvl20 	lvl21 	lvl22 	lvl23 	lvl24 	lvl25 	lvl26 	lvl27 	lvl28 	lvl29 	lvl30 	lvl31 	lvl32 	lvl33 	lvl34 	lvl35 	lvl36 	lvl37 	lvl38 	lvl39 	lvl40 	lvl41 	lvl42 
100000   	0    	4.043100e-03	1     	2     	4     	8     	16    	30    	51    	94    	164   	279   	448   	714   	1112  	1630  	2243  	2953  	3698  	4429  	5159  	5793  	6363  	6855  	7181  	7368  	7347  	7012  	6497  	5765  	4714  	3685  	2766  	1992  	1410  	916   	573   	336   	177   	106   	63    	27    	10    	7     	2     
100000   	1    	4.099300e-03	1     	2     	4     	8     	16    	31    	60    	120   	226   	393   	670   	1100  	1700  	2540  	3554  	4678  	5995  	7198  	8150  	8809  	8963  	8799  	8023  	7038  	5930  	4837  	3717  	2613  	1821  	1167  	741   	468   	286   	150   	80    	47    	28    	17    	13    	6     	1     	nan   	nan   
100000   	2    	4.564600e-03	1     	2     	4     	8     	16    	32    	63    	126   	247   	472   	861   	1498  	2434  	3664  	5140  	6680  	8101  	9174  	9692  	9702  	9183  	8175  	6792  	5350  	4070  	2935  	2083  	1391  	871   	543   	326   	178   	101   	54    	23    	7     	1     	nan   	nan   	nan   	nan   	nan   	nan   
100000   	3    	4.660900e-03	1     	2     	4     	8     	16    	32    	64    	120   	223   	398   	672   	1024  	1505  	2125  	2774  	3571  	4331  	5065  	5730  	6364  	6929  	7220  	7459  	7451  	7105  	6594  	5776  	4966  	3942  	2945  	2113  	1455  	922   	523   	282   	151   	74    	36    	18    	6     	3     	1     	nan   

