Criação das árvores ordenadas:
n_persons	index	time        
100000   	0    	5.766070e-02
100000   	1    	6.184120e-02
100000   	2    	5.506870e-02
100000   	3    	4.719200e-02

Procura de nós nas árvores:
n_persons	index	time        
100000   	0    	5.705080e-02
100000   	1    	8.005670e-02
100000   	2    	6.058120e-02
100000   	3    	5.312080e-02

Maior profundidade das árvores:
n_persons	index	time        	depth
100000   	0    	4.351300e-03	43   
100000   	1    	4.548400e-03	41   
100000   	2    	4.862100e-03	42   
100000   	3    	4.953900e-03	41   

Número de nós em cada nível:
n_persons	index	time        	lvl0  	lvl1  	lvl2  	lvl3  	lvl4  	lvl5  	lvl6  	lvl7  	lvl8  	lvl9  	lvl10 	lvl11 	lvl12 	lvl13 	lvl14 	lvl15 	lvl16 	lvl17 	lvl18 	lvl19 	lvl20 	lvl21 	lvl22 	lvl23 	lvl24 	lvl25 	lvl26 	lvl27 	lvl28 	lvl29 	lvl30 	lvl31 	lvl32 	lvl33 	lvl34 	lvl35 	lvl36 	lvl37 	lvl38 	lvl39 	lvl40 	lvl41 	lvl42 	lvl43 
100000   	0    	3.957600e-03	1     	2     	4     	8     	16    	32    	59    	106   	188   	317   	508   	772   	1181  	1747  	2424  	3223  	4158  	5182  	6144  	7083  	7677  	8013  	8103  	7827  	7116  	6239  	5285  	4212  	3308  	2595  	1956  	1406  	1058  	790   	522   	338   	202   	105   	50    	24    	11    	5     	2     	1     
100000   	1    	4.308400e-03	1     	2     	4     	8     	16    	32    	62    	118   	211   	366   	614   	992   	1591  	2399  	3401  	4596  	5801  	6886  	7722  	8314  	8489  	8277  	7873  	7202  	6137  	4944  	3988  	3010  	2228  	1646  	1162  	771   	513   	298   	171   	86    	41    	17    	4     	3     	3     	1     	nan   	nan   
100000   	2    	4.293200e-03	1     	2     	4     	8     	16    	32    	64    	122   	235   	421   	748   	1237  	1918  	2778  	3744  	4842  	5841  	6669  	7214  	7460  	7436  	7311  	6964  	6472  	5891  	5232  	4447  	3785  	2957  	2211  	1456  	947   	597   	387   	245   	148   	79    	52    	14    	6     	4     	2     	1     	nan   
100000   	3    	4.439400e-03	1     	2     	4     	8     	16    	32    	64    	123   	237   	433   	747   	1234  	1914  	2779  	3782  	4900  	5807  	6612  	7178  	7423  	7590  	7543  	7235  	6769  	6109  	5267  	4367  	3588  	2841  	2037  	1418  	864   	511   	283   	151   	75    	28    	14    	9     	2     	2     	1     	nan   	nan   

