Criação das árvores ordenadas:
n_persons	index	time        
100000   	0    	5.203550e-02
100000   	1    	6.300170e-02
100000   	2    	6.298000e-02
100000   	3    	6.510780e-02

Procura de nós nas árvores:
n_persons	index	time        
100000   	0    	6.160570e-02
100000   	1    	7.160690e-02
100000   	2    	6.067780e-02
100000   	3    	5.302500e-02

Maior profundidade das árvores:
n_persons	index	time        	depth
100000   	0    	4.472200e-03	38   
100000   	1    	4.394300e-03	40   
100000   	2    	5.818000e-03	37   
100000   	3    	4.981200e-03	40   

Número de nós em cada nível:
n_persons	index	time        	lvl0  	lvl1  	lvl2  	lvl3  	lvl4  	lvl5  	lvl6  	lvl7  	lvl8  	lvl9  	lvl10 	lvl11 	lvl12 	lvl13 	lvl14 	lvl15 	lvl16 	lvl17 	lvl18 	lvl19 	lvl20 	lvl21 	lvl22 	lvl23 	lvl24 	lvl25 	lvl26 	lvl27 	lvl28 	lvl29 	lvl30 	lvl31 	lvl32 	lvl33 	lvl34 	lvl35 	lvl36 	lvl37 	lvl38 	lvl39 	lvl40 
100000   	0    	3.834700e-03	1     	2     	4     	8     	16    	32    	64    	127   	243   	452   	796   	1303  	2078  	3113  	4401  	5795  	7181  	8420  	9270  	9606  	9405  	8677  	7591  	6341  	4867  	3632  	2500  	1653  	1027  	596   	351   	204   	115   	68    	37    	15    	7     	1     	1     	nan   	nan   
100000   	1    	3.854500e-03	1     	2     	4     	8     	16    	32    	64    	125   	246   	444   	775   	1304  	2043  	3065  	4308  	5721  	7110  	8163  	8924  	9222  	9037  	8384  	7519  	6428  	5182  	3881  	2772  	1943  	1214  	802   	453   	287   	187   	137   	92    	59    	28    	12    	4     	1     	1     
100000   	2    	4.627800e-03	1     	2     	4     	8     	16    	32    	64    	126   	225   	399   	682   	1116  	1754  	2565  	3557  	4637  	5770  	6899  	7804  	8510  	8789  	8617  	8168  	7357  	6189  	4900  	3826  	2897  	2006  	1330  	792   	489   	253   	107   	65    	31    	11    	2     	nan   	nan   	nan   
100000   	3    	4.530100e-03	1     	2     	4     	8     	16    	32    	64    	122   	230   	408   	704   	1176  	1820  	2626  	3571  	4673  	5781  	6815  	7893  	8437  	8745  	8753  	8296  	7374  	6304  	5081  	3831  	2742  	1783  	1151  	704   	380   	231   	116   	62    	34    	17    	4     	4     	4     	1     

