Criação das árvores ordenadas:
n_persons	index	time        
100000   	0    	5.516440e-02
100000   	1    	6.973550e-02
100000   	2    	5.625580e-02
100000   	3    	5.523440e-02

Procura de nós nas árvores:
n_persons	index	time        
100000   	0    	6.624470e-02
100000   	1    	7.029170e-02
100000   	2    	6.230550e-02
100000   	3    	5.036090e-02

Maior profundidade das árvores:
n_persons	index	time        	depth
100000   	0    	4.357000e-03	37   
100000   	1    	4.775900e-03	39   
100000   	2    	5.181300e-03	38   
100000   	3    	5.291300e-03	41   

Número de nós em cada nível:
n_persons	index	time        	lvl0  	lvl1  	lvl2  	lvl3  	lvl4  	lvl5  	lvl6  	lvl7  	lvl8  	lvl9  	lvl10 	lvl11 	lvl12 	lvl13 	lvl14 	lvl15 	lvl16 	lvl17 	lvl18 	lvl19 	lvl20 	lvl21 	lvl22 	lvl23 	lvl24 	lvl25 	lvl26 	lvl27 	lvl28 	lvl29 	lvl30 	lvl31 	lvl32 	lvl33 	lvl34 	lvl35 	lvl36 	lvl37 	lvl38 	lvl39 	lvl40 	lvl41 
100000   	0    	4.081700e-03	1     	2     	4     	8     	16    	32    	64    	128   	250   	466   	868   	1479  	2377  	3549  	4912  	6362  	7655  	8784  	9336  	9401  	8920  	8031  	6910  	5715  	4449  	3307  	2411  	1631  	1148  	752   	432   	250   	155   	85    	54    	36    	16    	4     	nan   	nan   	nan   	nan   
100000   	1    	4.080000e-03	1     	2     	4     	8     	16    	32    	64    	127   	242   	448   	793   	1302  	2034  	3062  	4289  	5626  	6976  	8236  	9041  	9517  	9277  	8603  	7642  	6365  	5045  	3711  	2667  	1868  	1258  	709   	435   	248   	156   	88    	48    	28    	17    	9     	4     	2     	nan   	nan   
100000   	2    	4.550600e-03	1     	2     	4     	8     	16    	32    	62    	121   	225   	401   	673   	1095  	1696  	2525  	3570  	4780  	5991  	7172  	8151  	8930  	9208  	8977  	8236  	7285  	6078  	4736  	3472  	2413  	1661  	1047  	602   	366   	210   	112   	74    	34    	19    	12    	3     	nan   	nan   	nan   
100000   	3    	4.692000e-03	1     	2     	4     	8     	16    	32    	63    	123   	227   	404   	676   	1023  	1533  	2182  	3044  	4017  	5128  	6349  	7621  	8585  	9098  	9092  	8484  	7650  	6594  	5279  	4066  	2932  	2010  	1330  	865   	586   	401   	243   	132   	79    	55    	37    	18    	9     	1     	1     

