Criação das árvores ordenadas:
n_persons	index	time        
100000   	0    	9.080350e-02
100000   	1    	1.048946e-01
100000   	2    	6.434720e-02
100000   	3    	5.171950e-02

Procura de nós nas árvores:
n_persons	index	time        
100000   	0    	5.501100e-02
100000   	1    	7.301970e-02
100000   	2    	5.865860e-02
100000   	3    	4.917760e-02

Maior profundidade das árvores:
n_persons	index	time        	depth
100000   	0    	4.377300e-03	37   
100000   	1    	4.287600e-03	40   
100000   	2    	4.898900e-03	37   
100000   	3    	5.317500e-03	38   

Número de nós em cada nível:
n_persons	index	time        	lvl0  	lvl1  	lvl2  	lvl3  	lvl4  	lvl5  	lvl6  	lvl7  	lvl8  	lvl9  	lvl10 	lvl11 	lvl12 	lvl13 	lvl14 	lvl15 	lvl16 	lvl17 	lvl18 	lvl19 	lvl20 	lvl21 	lvl22 	lvl23 	lvl24 	lvl25 	lvl26 	lvl27 	lvl28 	lvl29 	lvl30 	lvl31 	lvl32 	lvl33 	lvl34 	lvl35 	lvl36 	lvl37 	lvl38 	lvl39 	lvl40 
100000   	0    	3.850800e-03	1     	2     	4     	8     	16    	32    	63    	120   	229   	416   	699   	1159  	1798  	2749  	3893  	5199  	6387  	7487  	8320  	8899  	9049  	8680  	7928  	6862  	5622  	4562  	3490  	2484  	1673  	1023  	599   	304   	150   	61    	22    	7     	2     	1     	nan   	nan   	nan   
100000   	1    	3.751900e-03	1     	2     	4     	8     	16    	31    	58    	105   	188   	306   	496   	761   	1133  	1590  	2111  	2745  	3510  	4407  	5346  	6306  	7210  	7828  	8243  	8191  	7809  	7237  	6186  	4992  	3967  	2964  	2185  	1531  	1055  	650   	408   	218   	113   	50    	25    	11    	3     
100000   	2    	4.304400e-03	1     	2     	4     	8     	16    	32    	63    	121   	213   	387   	655   	1095  	1715  	2544  	3616  	4895  	6188  	7334  	8262  	8792  	8937  	8631  	7902  	6957  	5830  	4650  	3475  	2560  	1828  	1226  	818   	516   	315   	205   	120   	57    	23    	7     	nan   	nan   	nan   
100000   	3    	4.818400e-03	1     	2     	4     	8     	16    	32    	64    	126   	241   	458   	804   	1368  	2119  	3153  	4428  	5881  	7408  	8793  	9460  	9671  	9287  	8496  	7462  	6042  	4664  	3538  	2479  	1658  	1030  	593   	332   	189   	91    	42    	28    	19    	6     	4     	3     	nan   	nan   

