Criação das árvores ordenadas:
n_persons	index	time        
100000   	0    	5.382650e-02
100000   	1    	6.496870e-02
100000   	2    	5.670820e-02
100000   	3    	4.763370e-02

Procura de nós nas árvores:
n_persons	index	time        
100000   	0    	5.737410e-02
100000   	1    	6.976990e-02
100000   	2    	5.786950e-02
100000   	3    	5.286610e-02

Maior profundidade das árvores:
n_persons	index	time        	depth
100000   	0    	4.570800e-03	40   
100000   	1    	4.355300e-03	39   
100000   	2    	5.625300e-03	41   
100000   	3    	5.560100e-03	40   

Número de nós em cada nível:
n_persons	index	time        	lvl0  	lvl1  	lvl2  	lvl3  	lvl4  	lvl5  	lvl6  	lvl7  	lvl8  	lvl9  	lvl10 	lvl11 	lvl12 	lvl13 	lvl14 	lvl15 	lvl16 	lvl17 	lvl18 	lvl19 	lvl20 	lvl21 	lvl22 	lvl23 	lvl24 	lvl25 	lvl26 	lvl27 	lvl28 	lvl29 	lvl30 	lvl31 	lvl32 	lvl33 	lvl34 	lvl35 	lvl36 	lvl37 	lvl38 	lvl39 	lvl40 	lvl41 
100000   	0    	4.105600e-03	1     	2     	4     	8     	16    	32    	64    	120   	218   	388   	648   	1070  	1640  	2357  	3233  	4203  	5235  	6333  	7266  	8123  	8593  	8607  	8332  	7485  	6381  	5267  	4186  	3140  	2258  	1609  	1114  	762   	513   	351   	198   	128   	62    	34    	13    	4     	2     	nan   
100000   	1    	3.941200e-03	1     	2     	4     	8     	16    	32    	64    	127   	246   	456   	820   	1387  	2168  	3118  	4218  	5386  	6500  	7396  	8190  	8611  	8604  	8154  	7441  	6592  	5502  	4384  	3362  	2551  	1824  	1204  	756   	437   	239   	113   	50    	23    	8     	4     	1     	1     	nan   	nan   
100000   	2    	4.431800e-03	1     	2     	4     	8     	16    	29    	56    	110   	206   	382   	681   	1159  	1795  	2672  	3735  	4889  	5999  	7049  	7875  	8381  	8502  	8240  	7751  	6927  	5949  	4857  	3853  	3020  	2175  	1445  	970   	573   	335   	178   	92    	45    	21    	7     	4     	4     	2     	1     
100000   	3    	4.460100e-03	1     	2     	4     	8     	16    	32    	64    	120   	226   	420   	736   	1242  	1979  	2982  	4181  	5447  	6694  	7902  	8973  	9281  	9114  	8385  	7513  	6379  	5266  	4143  	3042  	2110  	1399  	922   	589   	348   	202   	132   	75    	37    	15    	8     	6     	3     	2     	nan   

