Criação das árvores ordenadas:
n_persons	index	time        
100000   	0    	5.862750e-02
100000   	1    	7.048380e-02
100000   	2    	5.702620e-02
100000   	3    	4.813350e-02

Procura de nós nas árvores:
n_persons	index	time        
100000   	0    	5.655570e-02
100000   	1    	7.108530e-02
100000   	2    	5.864740e-02
100000   	3    	5.723990e-02

Maior profundidade das árvores:
n_persons	index	time        	depth
100000   	0    	4.659700e-03	40   
100000   	1    	4.487900e-03	40   
100000   	2    	4.880100e-03	43   
100000   	3    	5.578400e-03	41   

Número de nós em cada nível:
n_persons	index	time        	lvl0  	lvl1  	lvl2  	lvl3  	lvl4  	lvl5  	lvl6  	lvl7  	lvl8  	lvl9  	lvl10 	lvl11 	lvl12 	lvl13 	lvl14 	lvl15 	lvl16 	lvl17 	lvl18 	lvl19 	lvl20 	lvl21 	lvl22 	lvl23 	lvl24 	lvl25 	lvl26 	lvl27 	lvl28 	lvl29 	lvl30 	lvl31 	lvl32 	lvl33 	lvl34 	lvl35 	lvl36 	lvl37 	lvl38 	lvl39 	lvl40 	lvl41 	lvl42 	lvl43 
100000   	0    	4.194600e-03	1     	2     	4     	8     	16    	32    	62    	117   	217   	399   	696   	1165  	1812  	2601  	3593  	4771  	5976  	7164  	8084  	8584  	8551  	8173  	7427  	6630  	5608  	4685  	3739  	3010  	2282  	1617  	1140  	740   	456   	271   	165   	91    	49    	33    	21    	7     	1     	nan   	nan   	nan   
100000   	1    	3.891400e-03	1     	2     	4     	8     	16    	31    	59    	106   	191   	324   	550   	907   	1483  	2242  	3212  	4339  	5594  	6728  	7575  	8276  	8596  	8566  	8357  	7674  	6649  	5412  	4219  	3063  	2200  	1498  	915   	559   	323   	159   	91    	38    	15    	9     	5     	3     	1     	nan   	nan   	nan   
100000   	2    	4.281000e-03	1     	2     	4     	8     	16    	32    	64    	126   	231   	392   	652   	1021  	1534  	2193  	3058  	4070  	5242  	6453  	7540  	8304  	8785  	8757  	8419  	7671  	6706  	5535  	4292  	3175  	2176  	1437  	865   	523   	286   	181   	105   	63    	37    	18    	11    	6     	5     	2     	1     	1     
100000   	3    	4.571400e-03	1     	2     	4     	8     	16    	31    	58    	115   	217   	402   	706   	1141  	1752  	2536  	3469  	4482  	5539  	6531  	7372  	7929  	8094  	7900  	7529  	6978  	6129  	5292  	4301  	3431  	2569  	1833  	1369  	896   	556   	366   	217   	117   	66    	30    	11    	2     	2     	1     	nan   	nan   

