Criação das árvores ordenadas:
n_persons	index	time        
100000   	0    	5.143040e-02
100000   	1    	6.338290e-02
100000   	2    	5.391640e-02
100000   	3    	4.702490e-02

Procura de nós nas árvores:
n_persons	index	time        
100000   	0    	5.644820e-02
100000   	1    	7.262870e-02
100000   	2    	5.675840e-02
100000   	3    	4.943060e-02

Maior profundidade das árvores:
n_persons	index	time        	depth
100000   	0    	4.472900e-03	41   
100000   	1    	4.637600e-03	40   
100000   	2    	4.880300e-03	41   
100000   	3    	5.075300e-03	40   

Número de nós em cada nível:
n_persons	index	time        	lvl0  	lvl1  	lvl2  	lvl3  	lvl4  	lvl5  	lvl6  	lvl7  	lvl8  	lvl9  	lvl10 	lvl11 	lvl12 	lvl13 	lvl14 	lvl15 	lvl16 	lvl17 	lvl18 	lvl19 	lvl20 	lvl21 	lvl22 	lvl23 	lvl24 	lvl25 	lvl26 	lvl27 	lvl28 	lvl29 	lvl30 	lvl31 	lvl32 	lvl33 	lvl34 	lvl35 	lvl36 	lvl37 	lvl38 	lvl39 	lvl40 	lvl41 
100000   	0    	3.895700e-03	1     	2     	4     	8     	16    	32    	63    	119   	222   	392   	664   	1080  	1661  	2408  	3369  	4485  	5663  	6781  	7794  	8388  	8663  	8595  	8108  	7178  	6125  	4932  	3887  	2973  	2110  	1434  	1002  	716   	471   	289   	152   	97    	51    	31    	20    	7     	5     	2     
100000   	1    	4.095300e-03	1     	2     	4     	7     	13    	24    	48    	94    	180   	328   	570   	950   	1478  	2206  	3157  	4196  	5357  	6524  	7490  	8377  	8931  	8916  	8328  	7491  	6381  	5229  	4133  	3081  	2185  	1544  	1062  	701   	468   	269   	143   	78    	33    	11    	7     	2     	1     	nan   
100000   	2    	4.405300e-03	1     	2     	4     	8     	16    	32    	64    	124   	229   	416   	725   	1185  	1854  	2742  	3842  	5161  	6555  	7741  	8560  	9066  	8931  	8195  	7290  	6279  	5187  	4132  	3135  	2439  	1889  	1389  	997   	703   	450   	271   	152   	101   	60    	33    	21    	13    	5     	1     
100000   	3    	4.591400e-03	1     	2     	4     	8     	16    	32    	61    	119   	228   	410   	714   	1180  	1837  	2729  	3740  	4956  	6282  	7397  	8120  	8600  	8666  	8391  	7720  	6952  	5817  	4758  	3663  	2700  	1863  	1203  	763   	447   	280   	165   	88    	48    	18    	11    	5     	4     	2     	nan   

