Criação das árvores ordenadas:
n_persons	index	time        
100000   	0    	5.275440e-02
100000   	1    	6.278490e-02
100000   	2    	5.722650e-02
100000   	3    	5.275380e-02

Procura de nós nas árvores:
n_persons	index	time        
100000   	0    	5.349650e-02
100000   	1    	6.231970e-02
100000   	2    	5.880650e-02
100000   	3    	5.012720e-02

Maior profundidade das árvores:
n_persons	index	time        	depth
100000   	0    	4.255400e-03	36   
100000   	1    	4.359000e-03	40   
100000   	2    	5.256000e-03	42   
100000   	3    	5.372600e-03	41   

Número de nós em cada nível:
n_persons	index	time        	lvl0  	lvl1  	lvl2  	lvl3  	lvl4  	lvl5  	lvl6  	lvl7  	lvl8  	lvl9  	lvl10 	lvl11 	lvl12 	lvl13 	lvl14 	lvl15 	lvl16 	lvl17 	lvl18 	lvl19 	lvl20 	lvl21 	lvl22 	lvl23 	lvl24 	lvl25 	lvl26 	lvl27 	lvl28 	lvl29 	lvl30 	lvl31 	lvl32 	lvl33 	lvl34 	lvl35 	lvl36 	lvl37 	lvl38 	lvl39 	lvl40 	lvl41 	lvl42 
100000   	0    	4.035000e-03	1     	2     	4     	8     	16    	32    	64    	125   	236   	427   	747   	1244  	1999  	3004  	4227  	5520  	6933  	8094  	8844  	9173  	9140  	8668  	7774  	6510  	5235  	4001  	2844  	1904  	1263  	823   	526   	300   	160   	80    	51    	18    	3     	nan   	nan   	nan   	nan   	nan   	nan   
100000   	1    	3.929400e-03	1     	2     	4     	8     	16    	32    	64    	126   	247   	456   	813   	1355  	2155  	3238  	4423  	5658  	6955  	8073  	8784  	8995  	8738  	8124  	7201  	6169  	5000  	3867  	2932  	2151  	1494  	1069  	696   	464   	315   	193   	99    	46    	20    	11    	4     	1     	1     	nan   	nan   
100000   	2    	4.953300e-03	1     	2     	4     	8     	16    	32    	62    	122   	228   	419   	727   	1149  	1743  	2533  	3418  	4340  	5207  	5895  	6427  	6880  	7189  	7220  	7044  	6762  	6274  	5667  	4863  	4039  	3309  	2588  	1990  	1427  	964   	617   	381   	223   	122   	59    	27    	14    	5     	2     	1     
100000   	3    	4.188300e-03	1     	2     	4     	8     	16    	32    	64    	124   	231   	410   	732   	1267  	2033  	2979  	4187  	5572  	6973  	8104  	8785  	9049  	8850  	8184  	7225  	6208  	5075  	4038  	3007  	2080  	1445  	1050  	731   	511   	381   	245   	169   	119   	62    	28    	14    	3     	1     	1     	nan   

