Criação das árvores ordenadas:
n_persons	index	time        
100000   	0    	5.113860e-02
100000   	1    	6.222790e-02
100000   	2    	5.407360e-02
100000   	3    	4.566060e-02

Procura de nós nas árvores:
n_persons	index	time        
100000   	0    	5.352190e-02
100000   	1    	6.029120e-02
100000   	2    	5.789770e-02
100000   	3    	5.109540e-02

Maior profundidade das árvores:
n_persons	index	time        	depth
100000   	0    	4.502700e-03	40   
100000   	1    	4.313200e-03	39   
100000   	2    	5.160200e-03	38   
100000   	3    	5.470000e-03	38   

Número de nós em cada nível:
n_persons	index	time        	lvl0  	lvl1  	lvl2  	lvl3  	lvl4  	lvl5  	lvl6  	lvl7  	lvl8  	lvl9  	lvl10 	lvl11 	lvl12 	lvl13 	lvl14 	lvl15 	lvl16 	lvl17 	lvl18 	lvl19 	lvl20 	lvl21 	lvl22 	lvl23 	lvl24 	lvl25 	lvl26 	lvl27 	lvl28 	lvl29 	lvl30 	lvl31 	lvl32 	lvl33 	lvl34 	lvl35 	lvl36 	lvl37 	lvl38 	lvl39 	lvl40 
100000   	0    	4.064300e-03	1     	2     	4     	8     	16    	32    	64    	126   	239   	450   	796   	1309  	2047  	2967  	4072  	5315  	6546  	7592  	8422  	8801  	8723  	8320  	7667  	6664  	5518  	4341  	3201  	2411  	1575  	1041  	668   	411   	253   	158   	98    	64    	40    	18    	12    	7     	1     
100000   	1    	3.832500e-03	1     	2     	4     	8     	14    	28    	56    	110   	206   	378   	658   	1093  	1698  	2484  	3469  	4628  	5826  	6993  	8054  	8892  	9302  	9014  	8468  	7353  	6021  	4807  	3594  	2540  	1679  	1079  	688   	406   	240   	108   	53    	25    	14    	4     	2     	1     	nan   
100000   	2    	4.360100e-03	1     	2     	4     	8     	16    	31    	61    	119   	225   	410   	721   	1205  	1942  	2910  	4141  	5343  	6652  	7695  	8682  	9120  	9021  	8701  	7955  	6828  	5501  	4241  	3109  	2128  	1377  	824   	489   	275   	138   	73    	33    	14    	2     	2     	1     	nan   	nan   
100000   	3    	4.445000e-03	1     	2     	4     	8     	16    	32    	63    	125   	241   	450   	794   	1357  	2144  	3172  	4437  	5848  	7152  	8216  	9051  	9197  	8886  	8206  	7245  	6056  	4913  	3807  	2836  	2022  	1466  	971   	582   	336   	195   	87    	44    	23    	9     	4     	2     	nan   	nan   

