Criação das árvores ordenadas:
n_persons	index	time        
100000   	0    	6.000790e-02
100000   	1    	6.216660e-02
100000   	2    	6.195060e-02
100000   	3    	5.128670e-02

Procura de nós nas árvores:
n_persons	index	time        
100000   	0    	5.249900e-02
100000   	1    	6.269970e-02
100000   	2    	6.443310e-02
100000   	3    	9.525760e-02

Maior profundidade das árvores:
n_persons	index	time        	depth
100000   	0    	5.853000e-03	39   
100000   	1    	5.341300e-03	38   
100000   	2    	5.841800e-03	38   
100000   	3    	6.453800e-03	40   

Número de nós em cada nível:
n_persons	index	time        	lvl0  	lvl1  	lvl2  	lvl3  	lvl4  	lvl5  	lvl6  	lvl7  	lvl8  	lvl9  	lvl10 	lvl11 	lvl12 	lvl13 	lvl14 	lvl15 	lvl16 	lvl17 	lvl18 	lvl19 	lvl20 	lvl21 	lvl22 	lvl23 	lvl24 	lvl25 	lvl26 	lvl27 	lvl28 	lvl29 	lvl30 	lvl31 	lvl32 	lvl33 	lvl34 	lvl35 	lvl36 	lvl37 	lvl38 	lvl39 	lvl40 
100000   	0    	4.867100e-03	1     	2     	4     	8     	16    	32    	64    	126   	236   	426   	715   	1183  	1829  	2711  	3796  	5012  	6367  	7676  	8569  	9047  	9086  	8699  	7790  	6691  	5492  	4231  	3182  	2343  	1585  	1114  	751   	487   	333   	180   	99    	57    	31    	16    	10    	3     	nan   
100000   	1    	4.817700e-03	1     	2     	4     	8     	16    	32    	63    	121   	227   	417   	735   	1240  	1974  	2977  	4285  	5806  	7341  	8601  	9429  	9782  	9550  	8773  	7768  	6187  	4644  	3462  	2412  	1593  	1050  	647   	364   	215   	121   	70    	38    	25    	14    	4     	2     	nan   	nan   
100000   	2    	5.331400e-03	1     	2     	4     	8     	16    	32    	63    	123   	229   	424   	748   	1237  	1918  	2824  	3940  	5225  	6582  	7743  	8533  	8889  	8797  	8254  	7538  	6568  	5437  	4282  	3178  	2350  	1730  	1208  	832   	512   	322   	204   	130   	67    	34    	13    	3     	nan   	nan   
100000   	3    	5.190800e-03	1     	2     	4     	8     	16    	32    	62    	117   	219   	402   	687   	1073  	1635  	2410  	3371  	4545  	5723  	6845  	7694  	8210  	8375  	8315  	7721  	6906  	5900  	4919  	3942  	3184  	2498  	1797  	1244  	854   	571   	319   	184   	109   	55    	24    	18    	5     	4     

