Criação das árvores ordenadas:
n_persons	index	time        
100000   	0    	5.310390e-02
100000   	1    	7.857630e-02
100000   	2    	1.381235e-01
100000   	3    	1.176725e-01

Procura de nós nas árvores:
n_persons	index	time        
100000   	0    	7.899710e-02
100000   	1    	7.920390e-02
100000   	2    	1.021608e-01
100000   	3    	6.639710e-02

Maior profundidade das árvores:
n_persons	index	time        	depth
100000   	0    	5.800100e-03	37   
100000   	1    	5.362800e-03	38   
100000   	2    	6.206700e-03	39   
100000   	3    	6.305100e-03	36   

Número de nós em cada nível:
n_persons	index	time        	lvl0  	lvl1  	lvl2  	lvl3  	lvl4  	lvl5  	lvl6  	lvl7  	lvl8  	lvl9  	lvl10 	lvl11 	lvl12 	lvl13 	lvl14 	lvl15 	lvl16 	lvl17 	lvl18 	lvl19 	lvl20 	lvl21 	lvl22 	lvl23 	lvl24 	lvl25 	lvl26 	lvl27 	lvl28 	lvl29 	lvl30 	lvl31 	lvl32 	lvl33 	lvl34 	lvl35 	lvl36 	lvl37 	lvl38 	lvl39 
100000   	0    	5.374700e-03	1     	2     	4     	8     	16    	32    	64    	128   	244   	438   	797   	1332  	2131  	3285  	4615  	6117  	7578  	8759  	9476  	9682  	9295  	8462  	7397  	5911  	4498  	3367  	2319  	1572  	1042  	645   	363   	209   	112   	54    	22    	13    	7     	3     	nan   	nan   
100000   	1    	5.756700e-03	1     	2     	4     	8     	16    	32    	64    	122   	213   	364   	601   	985   	1564  	2418  	3523  	4792  	6211  	7619  	8650  	9396  	9464  	8973  	8202  	7034  	5889  	4549  	3390  	2326  	1551  	910   	548   	296   	143   	83    	31    	16    	6     	2     	2     	nan   
100000   	2    	6.346700e-03	1     	2     	4     	8     	16    	32    	61    	117   	214   	375   	649   	1061  	1638  	2388  	3354  	4392  	5476  	6525  	7344  	7944  	8300  	8297  	7944  	7288  	6523  	5474  	4488  	3427  	2452  	1637  	1111  	679   	345   	185   	117   	67    	38    	14    	9     	4     
100000   	3    	5.494900e-03	1     	2     	4     	8     	15    	30    	60    	120   	233   	435   	742   	1238  	1994  	2981  	4261  	5724  	7165  	8353  	9188  	9529  	9368  	8546  	7433  	6191  	4979  	3815  	2641  	1829  	1223  	784   	453   	296   	176   	104   	50    	25    	4     	nan   	nan   	nan   

