Criação das árvores ordenadas:
n_persons	index	time        
100000   	0    	6.379170e-02
100000   	1    	6.879490e-02
100000   	2    	6.392090e-02
100000   	3    	4.737800e-02

Procura de nós nas árvores:
n_persons	index	time        
100000   	0    	5.939330e-02
100000   	1    	6.130590e-02
100000   	2    	6.172380e-02
100000   	3    	5.262760e-02

Maior profundidade das árvores:
n_persons	index	time        	depth
100000   	0    	4.558500e-03	39   
100000   	1    	4.375900e-03	39   
100000   	2    	4.988000e-03	37   
100000   	3    	5.231100e-03	35   

Número de nós em cada nível:
n_persons	index	time        	lvl0  	lvl1  	lvl2  	lvl3  	lvl4  	lvl5  	lvl6  	lvl7  	lvl8  	lvl9  	lvl10 	lvl11 	lvl12 	lvl13 	lvl14 	lvl15 	lvl16 	lvl17 	lvl18 	lvl19 	lvl20 	lvl21 	lvl22 	lvl23 	lvl24 	lvl25 	lvl26 	lvl27 	lvl28 	lvl29 	lvl30 	lvl31 	lvl32 	lvl33 	lvl34 	lvl35 	lvl36 	lvl37 	lvl38 	lvl39 
100000   	0    	4.134400e-03	1     	2     	4     	8     	16    	32    	64    	128   	246   	440   	768   	1235  	1915  	2785  	3806  	4819  	5752  	6600  	7373  	7840  	7956  	7975  	7650  	6913  	6084  	5067  	4138  	3241  	2417  	1721  	1166  	788   	483   	269   	142   	79    	45    	19    	10    	3     
100000   	1    	3.850600e-03	1     	2     	4     	8     	16    	32    	62    	119   	222   	388   	645   	989   	1515  	2220  	3142  	4239  	5338  	6475  	7616  	8570  	8977  	8926  	8488  	7660  	6618  	5271  	4047  	2970  	2109  	1379  	850   	508   	295   	158   	84    	30    	16    	8     	2     	1     
100000   	2    	4.430700e-03	1     	2     	4     	8     	16    	32    	64    	127   	245   	449   	751   	1251  	1906  	2761  	3733  	4754  	5860  	6856  	7759  	8378  	8635  	8557  	7968  	7151  	6092  	4869  	3769  	2757  	1951  	1308  	859   	528   	321   	156   	73    	39    	8     	2     	nan   	nan   
100000   	3    	4.714600e-03	1     	2     	4     	8     	16    	32    	64    	125   	238   	444   	769   	1285  	2073  	3083  	4400  	5754  	7127  	8309  	9107  	9332  	9145  	8509  	7500  	6283  	4995  	3882  	2861  	1977  	1206  	734   	375   	195   	97    	43    	19    	6     	nan   	nan   	nan   	nan   

