Criação das árvores ordenadas:
n_persons	index	time        
100000   	0    	5.377920e-02
100000   	1    	6.617290e-02
100000   	2    	5.388380e-02
100000   	3    	4.612710e-02

Procura de nós nas árvores:
n_persons	index	time        
100000   	0    	5.513470e-02
100000   	1    	7.109580e-02
100000   	2    	8.755700e-02
100000   	3    	8.501510e-02

Maior profundidade das árvores:
n_persons	index	time        	depth
100000   	0    	5.798700e-03	43   
100000   	1    	5.499400e-03	38   
100000   	2    	6.726400e-03	40   
100000   	3    	5.717000e-03	39   

Número de nós em cada nível:
n_persons	index	time        	lvl0  	lvl1  	lvl2  	lvl3  	lvl4  	lvl5  	lvl6  	lvl7  	lvl8  	lvl9  	lvl10 	lvl11 	lvl12 	lvl13 	lvl14 	lvl15 	lvl16 	lvl17 	lvl18 	lvl19 	lvl20 	lvl21 	lvl22 	lvl23 	lvl24 	lvl25 	lvl26 	lvl27 	lvl28 	lvl29 	lvl30 	lvl31 	lvl32 	lvl33 	lvl34 	lvl35 	lvl36 	lvl37 	lvl38 	lvl39 	lvl40 	lvl41 	lvl42 	lvl43 
100000   	0    	4.105500e-03	1     	2     	4     	8     	16    	32    	61    	118   	222   	401   	690   	1152  	1863  	2800  	3893  	5151  	6298  	7364  	8321  	8719  	8590  	8113  	7280  	6263  	5204  	4289  	3465  	2704  	2046  	1496  	1069  	783   	557   	384   	254   	159   	98    	64    	31    	17    	8     	6     	2     	2     
100000   	1    	4.111500e-03	1     	2     	4     	8     	16    	32    	63    	126   	235   	442   	773   	1240  	1919  	2854  	3979  	5248  	6482  	7682  	8519  	8907  	8941  	8492  	7722  	6706  	5580  	4373  	3257  	2296  	1591  	1060  	672   	374   	202   	96    	59    	29    	11    	6     	1     	nan   	nan   	nan   	nan   	nan   
100000   	2    	5.297500e-03	1     	2     	4     	8     	16    	31    	61    	120   	224   	402   	701   	1164  	1866  	2829  	3955  	5178  	6405  	7460  	8203  	8569  	8568  	8118  	7486  	6679  	5684  	4669  	3648  	2744  	1906  	1261  	814   	511   	311   	174   	95    	53    	37    	21    	16    	4     	2     	nan   	nan   	nan   
100000   	3    	4.483800e-03	1     	2     	4     	8     	16    	32    	64    	124   	231   	406   	683   	1134  	1796  	2621  	3625  	4762  	5949  	7018  	7872  	8357  	8389  	8118  	7555  	6688  	5682  	4676  	3726  	2933  	2237  	1630  	1255  	894   	615   	391   	237   	128   	82    	43    	13    	3     	nan   	nan   	nan   	nan   

