Criação das árvores ordenadas:
n_persons	index	time        
100000   	0    	7.005390e-02
100000   	1    	6.531450e-02
100000   	2    	5.463480e-02
100000   	3    	5.239490e-02

Procura de nós nas árvores:
n_persons	index	time        
100000   	0    	5.588590e-02
100000   	1    	6.185600e-02
100000   	2    	5.927050e-02
100000   	3    	5.616300e-02

Maior profundidade das árvores:
n_persons	index	time        	depth
100000   	0    	4.994000e-03	40   
100000   	1    	4.658100e-03	40   
100000   	2    	4.889100e-03	39   
100000   	3    	5.237800e-03	42   

Número de nós em cada nível:
n_persons	index	time        	lvl0  	lvl1  	lvl2  	lvl3  	lvl4  	lvl5  	lvl6  	lvl7  	lvl8  	lvl9  	lvl10 	lvl11 	lvl12 	lvl13 	lvl14 	lvl15 	lvl16 	lvl17 	lvl18 	lvl19 	lvl20 	lvl21 	lvl22 	lvl23 	lvl24 	lvl25 	lvl26 	lvl27 	lvl28 	lvl29 	lvl30 	lvl31 	lvl32 	lvl33 	lvl34 	lvl35 	lvl36 	lvl37 	lvl38 	lvl39 	lvl40 	lvl41 	lvl42 
100000   	0    	3.960600e-03	1     	2     	4     	8     	16    	32    	64    	126   	241   	436   	769   	1310  	2108  	3191  	4621  	6156  	7612  	8908  	9646  	10052 	9650  	8780  	7337  	5856  	4355  	2969  	2039  	1358  	879   	536   	322   	208   	141   	84    	66    	47    	36    	21    	7     	4     	2     	nan   	nan   
100000   	1    	4.399200e-03	1     	2     	4     	8     	16    	32    	64    	121   	227   	408   	711   	1181  	1879  	2730  	3682  	4864  	6060  	7257  	8209  	8686  	8727  	8439  	7836  	6870  	5769  	4646  	3574  	2642  	1871  	1345  	919   	554   	301   	189   	98    	44    	20    	7     	3     	3     	1     	nan   	nan   
100000   	2    	4.645100e-03	1     	2     	4     	8     	16    	32    	63    	124   	233   	436   	785   	1311  	2051  	3010  	4103  	5286  	6424  	7533  	8428  	8815  	8893  	8584  	7765  	6787  	5683  	4419  	3181  	2184  	1469  	970   	606   	370   	205   	116   	61    	27    	9     	3     	2     	1     	nan   	nan   	nan   
100000   	3    	4.722600e-03	1     	2     	4     	8     	16    	31    	61    	120   	233   	426   	748   	1247  	1917  	2863  	3945  	5085  	6233  	7189  	7877  	8098  	8070  	7739  	7204  	6518  	5673  	4717  	3875  	3055  	2271  	1612  	1135  	764   	511   	316   	202   	117   	47    	31    	16    	9     	7     	4     	3     

