Criação das árvores ordenadas:
n_persons	index	time        
100000   	0    	5.116890e-02
100000   	1    	6.327480e-02
100000   	2    	5.668590e-02
100000   	3    	4.943670e-02

Procura de nós nas árvores:
n_persons	index	time        
100000   	0    	5.186550e-02
100000   	1    	6.051320e-02
100000   	2    	5.682980e-02
100000   	3    	5.339540e-02

Maior profundidade das árvores:
n_persons	index	time        	depth
100000   	0    	4.972700e-03	37   
100000   	1    	5.011000e-03	38   
100000   	2    	5.056800e-03	38   
100000   	3    	5.157500e-03	38   

Número de nós em cada nível:
n_persons	index	time        	lvl0  	lvl1  	lvl2  	lvl3  	lvl4  	lvl5  	lvl6  	lvl7  	lvl8  	lvl9  	lvl10 	lvl11 	lvl12 	lvl13 	lvl14 	lvl15 	lvl16 	lvl17 	lvl18 	lvl19 	lvl20 	lvl21 	lvl22 	lvl23 	lvl24 	lvl25 	lvl26 	lvl27 	lvl28 	lvl29 	lvl30 	lvl31 	lvl32 	lvl33 	lvl34 	lvl35 	lvl36 	lvl37 	lvl38 
100000   	0    	4.099300e-03	1     	2     	4     	8     	16    	32    	64    	125   	234   	428   	772   	1305  	2043  	3076  	4443  	5906  	7466  	8801  	9629  	9941  	9587  	8860  	7537  	6096  	4692  	3359  	2309  	1453  	846   	442   	233   	128   	75    	45    	23    	13    	5     	1     	nan   
100000   	1    	4.154500e-03	1     	2     	4     	8     	16    	32    	64    	122   	232   	419   	734   	1222  	1946  	2842  	3881  	5032  	6091  	7145  	7919  	8327  	8475  	8424  	7919  	7146  	6082  	4834  	3700  	2685  	1871  	1220  	730   	418   	231   	110   	65    	31    	13    	5     	2     
100000   	2    	4.210400e-03	1     	2     	4     	8     	16    	32    	64    	127   	246   	463   	811   	1351  	2095  	3146  	4426  	5939  	7275  	8540  	9201  	9461  	9026  	8281  	7124  	5843  	4698  	3602  	2696  	1926  	1278  	857   	580   	355   	239   	157   	72    	32    	14    	8     	4     
100000   	3    	4.768700e-03	1     	2     	4     	8     	16    	32    	62    	122   	241   	445   	788   	1317  	2139  	3159  	4373  	5681  	6962  	8034  	8780  	9151  	9006  	8450  	7568  	6389  	5120  	4008  	2917  	2014  	1311  	813   	492   	252   	143   	89    	52    	31    	16    	9     	3     

