Criação das árvores ordenadas:
n_persons	index	time        
100000   	0    	7.239860e-02
100000   	1    	1.636677e-01
100000   	2    	7.068260e-02
100000   	3    	4.992020e-02

Procura de nós nas árvores:
n_persons	index	time        
100000   	0    	5.405500e-02
100000   	1    	6.045060e-02
100000   	2    	8.565470e-02
100000   	3    	7.261110e-02

Maior profundidade das árvores:
n_persons	index	time        	depth
100000   	0    	6.465200e-03	40   
100000   	1    	5.501000e-03	39   
100000   	2    	6.050400e-03	39   
100000   	3    	6.702700e-03	43   

Número de nós em cada nível:
n_persons	index	time        	lvl0  	lvl1  	lvl2  	lvl3  	lvl4  	lvl5  	lvl6  	lvl7  	lvl8  	lvl9  	lvl10 	lvl11 	lvl12 	lvl13 	lvl14 	lvl15 	lvl16 	lvl17 	lvl18 	lvl19 	lvl20 	lvl21 	lvl22 	lvl23 	lvl24 	lvl25 	lvl26 	lvl27 	lvl28 	lvl29 	lvl30 	lvl31 	lvl32 	lvl33 	lvl34 	lvl35 	lvl36 	lvl37 	lvl38 	lvl39 	lvl40 	lvl41 	lvl42 	lvl43 
100000   	0    	4.845300e-03	1     	2     	4     	8     	16    	32    	62    	120   	222   	389   	655   	1061  	1674  	2537  	3578  	4825  	6177  	7398  	8300  	8905  	9003  	8774  	7987  	6958  	5922  	4672  	3583  	2595  	1792  	1127  	691   	422   	231   	123   	64    	38    	25    	16    	7     	2     	2     	nan   	nan   	nan   
100000   	1    	6.397400e-03	1     	2     	4     	8     	16    	30    	57    	112   	209   	380   	632   	1035  	1595  	2303  	3153  	4077  	5019  	5909  	6664  	7301  	7671  	7823  	7821  	7446  	6831  	5935  	4979  	3974  	3047  	2241  	1513  	967   	579   	332   	174   	80    	54    	14    	8     	4     	nan   	nan   	nan   	nan   
100000   	2    	5.960400e-03	1     	2     	4     	8     	16    	32    	64    	124   	235   	443   	780   	1338  	2170  	3291  	4604  	6000  	7407  	8470  	9255  	9408  	9084  	8376  	7281  	6035  	4715  	3446  	2439  	1670  	1167  	782   	539   	363   	223   	113   	62    	33    	13    	4     	2     	1     	nan   	nan   	nan   	nan   
100000   	3    	5.691000e-03	1     	2     	4     	8     	16    	30    	57    	106   	199   	351   	605   	993   	1540  	2295  	3224  	4201  	5359  	6378  	7298  	7870  	7982  	7872  	7452  	6741  	6128  	5324  	4560  	3747  	2953  	2237  	1607  	1132  	743   	458   	279   	134   	66    	23    	10    	7     	4     	1     	2     	1     

