Criação das árvores ordenadas:
n_persons	index	time        
100000   	0    	5.110820e-02
100000   	1    	6.175290e-02
100000   	2    	5.587420e-02
100000   	3    	4.805070e-02

Procura de nós nas árvores:
n_persons	index	time        
100000   	0    	5.449590e-02
100000   	1    	6.863470e-02
100000   	2    	6.027850e-02
100000   	3    	5.235940e-02

Maior profundidade das árvores:
n_persons	index	time        	depth
100000   	0    	4.271600e-03	38   
100000   	1    	4.508100e-03	40   
100000   	2    	4.930200e-03	39   
100000   	3    	4.914900e-03	42   

Número de nós em cada nível:
n_persons	index	time        	lvl0  	lvl1  	lvl2  	lvl3  	lvl4  	lvl5  	lvl6  	lvl7  	lvl8  	lvl9  	lvl10 	lvl11 	lvl12 	lvl13 	lvl14 	lvl15 	lvl16 	lvl17 	lvl18 	lvl19 	lvl20 	lvl21 	lvl22 	lvl23 	lvl24 	lvl25 	lvl26 	lvl27 	lvl28 	lvl29 	lvl30 	lvl31 	lvl32 	lvl33 	lvl34 	lvl35 	lvl36 	lvl37 	lvl38 	lvl39 	lvl40 	lvl41 	lvl42 
100000   	0    	3.779900e-03	1     	2     	4     	8     	16    	32    	64    	123   	230   	416   	728   	1174  	1853  	2754  	3861  	5209  	6668  	7950  	8945  	9457  	9262  	8698  	7713  	6522  	5248  	4150  	3031  	2118  	1405  	954   	587   	363   	199   	109   	61    	42    	32    	9     	2     	nan   	nan   	nan   	nan   
100000   	1    	3.962100e-03	1     	2     	4     	8     	16    	28    	52    	95    	168   	290   	501   	816   	1258  	1900  	2822  	4006  	5325  	6730  	7960  	8948  	9541  	9638  	9179  	8097  	6774  	5116  	3692  	2587  	1667  	1075  	696   	431   	245   	145   	87    	44    	27    	11    	8     	8     	2     	nan   	nan   
100000   	2    	4.267300e-03	1     	2     	4     	8     	16    	30    	59    	114   	195   	320   	513   	787   	1168  	1659  	2272  	3076  	4029  	5012  	6006  	7022  	7810  	8418  	8573  	8386  	7620  	6654  	5534  	4425  	3362  	2438  	1679  	1125  	703   	442   	254   	157   	81    	35    	10    	1     	nan   	nan   	nan   
100000   	3    	5.221000e-03	1     	2     	4     	8     	16    	32    	62    	118   	202   	340   	562   	908   	1446  	2173  	2977  	3973  	4986  	5999  	6906  	7628  	8059  	8170  	7976  	7590  	6889  	6004  	4880  	3778  	2838  	2004  	1352  	877   	562   	327   	171   	87    	44    	21    	15    	5     	5     	2     	1     

