Criação das árvores ordenadas:
n_persons	index	time        
100000   	0    	5.181950e-02
100000   	1    	6.059860e-02
100000   	2    	5.529750e-02
100000   	3    	5.230710e-02

Procura de nós nas árvores:
n_persons	index	time        
100000   	0    	5.391560e-02
100000   	1    	6.546070e-02
100000   	2    	5.871640e-02
100000   	3    	5.329700e-02

Maior profundidade das árvores:
n_persons	index	time        	depth
100000   	0    	4.715100e-03	40   
100000   	1    	4.305700e-03	40   
100000   	2    	4.871900e-03	38   
100000   	3    	5.362100e-03	42   

Número de nós em cada nível:
n_persons	index	time        	lvl0  	lvl1  	lvl2  	lvl3  	lvl4  	lvl5  	lvl6  	lvl7  	lvl8  	lvl9  	lvl10 	lvl11 	lvl12 	lvl13 	lvl14 	lvl15 	lvl16 	lvl17 	lvl18 	lvl19 	lvl20 	lvl21 	lvl22 	lvl23 	lvl24 	lvl25 	lvl26 	lvl27 	lvl28 	lvl29 	lvl30 	lvl31 	lvl32 	lvl33 	lvl34 	lvl35 	lvl36 	lvl37 	lvl38 	lvl39 	lvl40 	lvl41 	lvl42 
100000   	0    	3.860700e-03	1     	2     	4     	8     	16    	32    	63    	121   	224   	397   	686   	1105  	1723  	2558  	3482  	4530  	5595  	6392  	7101  	7614  	7700  	7474  	6959  	6270  	5451  	4712  	4023  	3402  	2889  	2432  	2011  	1590  	1216  	867   	589   	378   	199   	104   	54    	21    	5     	nan   	nan   
100000   	1    	3.931500e-03	1     	2     	4     	8     	16    	32    	63    	122   	227   	390   	662   	1072  	1633  	2371  	3362  	4530  	5900  	7283  	8470  	9182  	9360  	9009  	8367  	7276  	6008  	4605  	3375  	2370  	1539  	1034  	673   	418   	272   	151   	85    	54    	41    	23    	6     	3     	1     	nan   	nan   
100000   	2    	4.829700e-03	1     	2     	4     	8     	16    	32    	62    	119   	220   	387   	664   	1078  	1651  	2417  	3401  	4519  	5681  	6720  	7693  	8358  	8361  	8059  	7544  	7015  	6176  	5201  	4271  	3302  	2368  	1675  	1219  	781   	498   	270   	133   	59    	27    	7     	1     	nan   	nan   	nan   	nan   
100000   	3    	4.796300e-03	1     	2     	4     	8     	16    	32    	63    	121   	219   	378   	624   	951   	1382  	1931  	2612  	3445  	4284  	5223  	6275  	7210  	8010  	8486  	8551  	8096  	7288  	6356  	5210  	4070  	3044  	2145  	1491  	960   	612   	353   	237   	151   	78    	38    	20    	11    	8     	3     	1     

