Criação das árvores ordenadas:
n_persons	index	time        
100000   	0    	5.228590e-02
100000   	1    	6.487160e-02
100000   	2    	5.434750e-02
100000   	3    	4.899960e-02

Procura de nós nas árvores:
n_persons	index	time        
100000   	0    	5.661540e-02
100000   	1    	7.237290e-02
100000   	2    	5.671030e-02
100000   	3    	5.187320e-02

Maior profundidade das árvores:
n_persons	index	time        	depth
100000   	0    	5.032200e-03	40   
100000   	1    	4.718400e-03	40   
100000   	2    	5.556000e-03	38   
100000   	3    	5.086200e-03	40   

Número de nós em cada nível:
n_persons	index	time        	lvl0  	lvl1  	lvl2  	lvl3  	lvl4  	lvl5  	lvl6  	lvl7  	lvl8  	lvl9  	lvl10 	lvl11 	lvl12 	lvl13 	lvl14 	lvl15 	lvl16 	lvl17 	lvl18 	lvl19 	lvl20 	lvl21 	lvl22 	lvl23 	lvl24 	lvl25 	lvl26 	lvl27 	lvl28 	lvl29 	lvl30 	lvl31 	lvl32 	lvl33 	lvl34 	lvl35 	lvl36 	lvl37 	lvl38 	lvl39 	lvl40 
100000   	0    	3.931200e-03	1     	2     	4     	8     	16    	32    	63    	123   	228   	422   	729   	1226  	1900  	2878  	3994  	5177  	6266  	7254  	8132  	8518  	8528  	8201  	7421  	6479  	5338  	4272  	3389  	2670  	2026  	1493  	1131  	837   	536   	322   	181   	115   	54    	22    	6     	4     	2     
100000   	1    	3.895200e-03	1     	2     	4     	8     	16    	32    	63    	118   	210   	366   	616   	950   	1388  	1945  	2605  	3343  	4227  	5216  	6254  	7293  	8053  	8567  	8494  	8208  	7433  	6348  	5188  	4051  	3098  	2183  	1485  	936   	590   	332   	187   	96    	49    	25    	9     	8     	3     
100000   	2    	4.442100e-03	1     	2     	4     	8     	16    	32    	63    	125   	235   	428   	760   	1230  	1892  	2720  	3822  	4992  	6223  	7284  	8064  	8451  	8533  	8107  	7450  	6644  	5697  	4801  	3818  	2920  	2042  	1441  	936   	560   	327   	187   	97    	61    	22    	4     	1     	nan   	nan   
100000   	3    	4.249100e-03	1     	2     	4     	8     	16    	31    	58    	107   	187   	330   	560   	920   	1428  	2204  	3156  	4275  	5434  	6495  	7346  	7976  	8216  	8167  	7853  	7139  	6292  	5522  	4526  	3591  	2706  	1958  	1362  	893   	566   	331   	189   	90    	35    	18    	5     	2     	1     

