Criação das árvores ordenadas:
n_persons	index	time        
100000   	0    	5.755980e-02
100000   	1    	6.838180e-02
100000   	2    	5.811910e-02
100000   	3    	5.794390e-02

Procura de nós nas árvores:
n_persons	index	time        
100000   	0    	8.312100e-02
100000   	1    	1.030249e-01
100000   	2    	1.124884e-01
100000   	3    	1.033472e-01

Maior profundidade das árvores:
n_persons	index	time        	depth
100000   	0    	5.389100e-03	41   
100000   	1    	5.513000e-03	42   
100000   	2    	1.024070e-02	42   
100000   	3    	5.922000e-03	39   

Número de nós em cada nível:
n_persons	index	time        	lvl0  	lvl1  	lvl2  	lvl3  	lvl4  	lvl5  	lvl6  	lvl7  	lvl8  	lvl9  	lvl10 	lvl11 	lvl12 	lvl13 	lvl14 	lvl15 	lvl16 	lvl17 	lvl18 	lvl19 	lvl20 	lvl21 	lvl22 	lvl23 	lvl24 	lvl25 	lvl26 	lvl27 	lvl28 	lvl29 	lvl30 	lvl31 	lvl32 	lvl33 	lvl34 	lvl35 	lvl36 	lvl37 	lvl38 	lvl39 	lvl40 	lvl41 	lvl42 
100000   	0    	9.764300e-03	1     	2     	4     	8     	16    	32    	64    	125   	236   	436   	761   	1270  	1979  	2859  	3925  	5065  	6125  	6996  	7701  	8020  	8007  	7759  	7336  	6509  	5783  	4891  	3955  	3048  	2370  	1663  	1127  	705   	461   	289   	179   	108   	83    	51    	24    	15    	7     	5     	nan   
100000   	1    	5.107500e-03	1     	2     	4     	8     	16    	32    	64    	123   	233   	418   	741   	1222  	1896  	2783  	3863  	5040  	5972  	6806  	7348  	7713  	7753  	7603  	7165  	6585  	5867  	5106  	4282  	3455  	2686  	1993  	1318  	822   	482   	267   	145   	80    	47    	23    	13    	14    	5     	3     	1     
100000   	2    	9.556400e-03	1     	2     	4     	8     	16    	32    	64    	127   	240   	446   	769   	1281  	1974  	2912  	4078  	5300  	6636  	7490  	8070  	8410  	8372  	7881  	7234  	6491  	5440  	4426  	3488  	2779  	2067  	1429  	987   	682   	398   	220   	124   	59    	41    	14    	4     	1     	1     	1     	1     
100000   	3    	5.383400e-03	1     	2     	4     	8     	16    	31    	60    	117   	221   	410   	729   	1239  	1968  	2972  	4185  	5462  	6743  	7935  	9005  	9476  	9392  	8823  	7751  	6457  	5129  	3876  	2751  	1869  	1295  	820   	523   	312   	193   	113   	56    	28    	15    	8     	4     	1     	nan   	nan   	nan   

