Criação das árvores ordenadas:
n_persons	index	time        
100000   	0    	5.611310e-02
100000   	1    	6.400420e-02
100000   	2    	6.475770e-02
100000   	3    	5.658330e-02

Procura de nós nas árvores:
n_persons	index	time        
100000   	0    	5.959010e-02
100000   	1    	7.283710e-02
100000   	2    	5.963240e-02
100000   	3    	4.974650e-02

Maior profundidade das árvores:
n_persons	index	time        	depth
100000   	0    	4.626400e-03	42   
100000   	1    	4.559900e-03	39   
100000   	2    	4.649000e-03	38   
100000   	3    	5.208400e-03	41   

Número de nós em cada nível:
n_persons	index	time        	lvl0  	lvl1  	lvl2  	lvl3  	lvl4  	lvl5  	lvl6  	lvl7  	lvl8  	lvl9  	lvl10 	lvl11 	lvl12 	lvl13 	lvl14 	lvl15 	lvl16 	lvl17 	lvl18 	lvl19 	lvl20 	lvl21 	lvl22 	lvl23 	lvl24 	lvl25 	lvl26 	lvl27 	lvl28 	lvl29 	lvl30 	lvl31 	lvl32 	lvl33 	lvl34 	lvl35 	lvl36 	lvl37 	lvl38 	lvl39 	lvl40 	lvl41 	lvl42 
100000   	0    	5.487900e-03	1     	2     	4     	8     	16    	31    	61    	113   	214   	390   	652   	1087  	1697  	2543  	3542  	4584  	5684  	6805  	7666  	8258  	8523  	8429  	7879  	7087  	6050  	5069  	4083  	3037  	2167  	1508  	1070  	729   	484   	277   	129   	56    	34    	12    	7     	6     	2     	2     	2     
100000   	1    	5.031500e-03	1     	2     	4     	8     	16    	30    	58    	111   	209   	384   	674   	1105  	1729  	2563  	3589  	4750  	5833  	6781  	7553  	8236  	8512  	8389  	7964  	7284  	6367  	5192  	4082  	3074  	2121  	1386  	856   	482   	308   	160   	93    	46    	25    	12    	8     	3     	nan   	nan   	nan   
100000   	2    	4.366700e-03	1     	2     	4     	8     	16    	32    	64    	127   	239   	445   	786   	1314  	2103  	3038  	4202  	5492  	6857  	8011  	8951  	9361  	9331  	8725  	7849  	6573  	5109  	3898  	2792  	1883  	1230  	745   	412   	204   	111   	48    	21    	12    	2     	1     	1     	nan   	nan   	nan   	nan   
100000   	3    	4.869300e-03	1     	2     	4     	8     	16    	32    	62    	118   	201   	345   	587   	944   	1477  	2198  	3028  	4035  	5113  	6123  	6953  	7654  	8056  	8214  	8092  	7525  	6832  	5899  	4770  	3704  	2689  	1900  	1331  	853   	508   	299   	188   	109   	63    	32    	16    	11    	6     	2     	nan   

