Criação das árvores ordenadas:
n_persons	index	time        
100000   	0    	5.126040e-02
100000   	1    	6.134900e-02
100000   	2    	5.447360e-02
100000   	3    	4.733000e-02

Procura de nós nas árvores:
n_persons	index	time        
100000   	0    	5.783400e-02
100000   	1    	6.564750e-02
100000   	2    	5.704500e-02
100000   	3    	4.917930e-02

Maior profundidade das árvores:
n_persons	index	time        	depth
100000   	0    	4.271000e-03	38   
100000   	1    	4.201600e-03	35   
100000   	2    	5.569600e-03	39   
100000   	3    	4.898100e-03	39   

Número de nós em cada nível:
n_persons	index	time        	lvl0  	lvl1  	lvl2  	lvl3  	lvl4  	lvl5  	lvl6  	lvl7  	lvl8  	lvl9  	lvl10 	lvl11 	lvl12 	lvl13 	lvl14 	lvl15 	lvl16 	lvl17 	lvl18 	lvl19 	lvl20 	lvl21 	lvl22 	lvl23 	lvl24 	lvl25 	lvl26 	lvl27 	lvl28 	lvl29 	lvl30 	lvl31 	lvl32 	lvl33 	lvl34 	lvl35 	lvl36 	lvl37 	lvl38 	lvl39 
100000   	0    	3.873600e-03	1     	2     	4     	8     	15    	30    	60    	115   	195   	335   	538   	871   	1359  	1992  	2836  	3881  	5016  	6195  	7308  	8141  	8655  	8793  	8549  	7859  	6848  	5550  	4379  	3315  	2476  	1762  	1158  	734   	459   	254   	154   	92    	40    	16    	5     	nan   
100000   	1    	4.067300e-03	1     	2     	4     	8     	16    	32    	64    	127   	238   	433   	769   	1284  	2035  	2934  	4136  	5470  	6885  	8312  	9256  	9809  	9742  	8977  	7923  	6660  	5150  	3659  	2455  	1531  	962   	531   	301   	155   	80    	44    	11    	4     	nan   	nan   	nan   	nan   
100000   	2    	5.164900e-03	1     	2     	4     	8     	16    	32    	64    	124   	228   	403   	670   	1066  	1588  	2297  	3041  	3870  	4800  	5759  	6622  	7513  	8207  	8545  	8480  	7935  	7158  	5968  	4845  	3736  	2659  	1756  	1095  	688   	412   	226   	107   	39    	21    	9     	4     	2     
100000   	3    	4.684800e-03	1     	2     	4     	8     	16    	31    	62    	119   	220   	397   	646   	1033  	1564  	2225  	3017  	4003  	5129  	6177  	7100  	7798  	8167  	8240  	7954  	7340  	6459  	5552  	4573  	3634  	2801  	2015  	1387  	927   	566   	368   	239   	127   	65    	25    	8     	1     

