Criação das árvores ordenadas:
n_persons	index	time        
100000   	0    	5.274460e-02
100000   	1    	7.244970e-02
100000   	2    	5.617080e-02
100000   	3    	4.763040e-02

Procura de nós nas árvores:
n_persons	index	time        
100000   	0    	5.245400e-02
100000   	1    	6.458870e-02
100000   	2    	5.637550e-02
100000   	3    	5.037230e-02

Maior profundidade das árvores:
n_persons	index	time        	depth
100000   	0    	4.538800e-03	43   
100000   	1    	4.422500e-03	40   
100000   	2    	4.818300e-03	40   
100000   	3    	5.285100e-03	42   

Número de nós em cada nível:
n_persons	index	time        	lvl0  	lvl1  	lvl2  	lvl3  	lvl4  	lvl5  	lvl6  	lvl7  	lvl8  	lvl9  	lvl10 	lvl11 	lvl12 	lvl13 	lvl14 	lvl15 	lvl16 	lvl17 	lvl18 	lvl19 	lvl20 	lvl21 	lvl22 	lvl23 	lvl24 	lvl25 	lvl26 	lvl27 	lvl28 	lvl29 	lvl30 	lvl31 	lvl32 	lvl33 	lvl34 	lvl35 	lvl36 	lvl37 	lvl38 	lvl39 	lvl40 	lvl41 	lvl42 	lvl43 
100000   	0    	4.011900e-03	1     	2     	4     	8     	16    	32    	61    	117   	218   	374   	615   	982   	1540  	2244  	3071  	3961  	4913  	5762  	6674  	7324  	7694  	7871  	7703  	7205  	6531  	5707  	4835  	3935  	3113  	2374  	1728  	1197  	789   	533   	341   	223   	131   	76    	39    	27    	18    	8     	2     	1     
100000   	1    	4.261500e-03	1     	2     	4     	8     	16    	32    	64    	124   	220   	364   	558   	831   	1230  	1720  	2394  	3265  	4222  	5371  	6488  	7466  	8266  	8681  	8688  	8404  	7689  	6679  	5380  	4078  	2845  	1873  	1205  	753   	454   	265   	179   	90    	45    	25    	15    	5     	1     	nan   	nan   	nan   
100000   	2    	4.456900e-03	1     	2     	4     	8     	16    	32    	64    	126   	236   	421   	706   	1110  	1673  	2387  	3284  	4258  	5280  	6284  	7073  	7672  	8123  	8111  	7825  	7249  	6366  	5470  	4493  	3557  	2624  	1846  	1273  	862   	577   	401   	246   	151   	95    	47    	35    	9     	3     	nan   	nan   	nan   
100000   	3    	4.330000e-03	1     	2     	4     	8     	16    	32    	64    	127   	244   	443   	765   	1260  	1999  	2993  	4204  	5534  	6900  	8083  	8802  	9041  	8794  	8158  	7212  	6099  	5024  	3930  	3018  	2234  	1632  	1176  	773   	505   	346   	216   	139   	91    	60    	35    	17    	12    	4     	2     	1     	nan   

