Criação das árvores ordenadas:
n_persons	index	time        
100000   	0    	1.218944e-01
100000   	1    	8.156240e-02
100000   	2    	8.686670e-02
100000   	3    	8.581510e-02

Procura de nós nas árvores:
n_persons	index	time        
100000   	0    	8.189760e-02
100000   	1    	7.930170e-02
100000   	2    	5.850580e-02
100000   	3    	5.127090e-02

Maior profundidade das árvores:
n_persons	index	time        	depth
100000   	0    	4.842800e-03	39   
100000   	1    	4.849500e-03	42   
100000   	2    	5.390500e-03	37   
100000   	3    	5.391400e-03	42   

Número de nós em cada nível:
n_persons	index	time        	lvl0  	lvl1  	lvl2  	lvl3  	lvl4  	lvl5  	lvl6  	lvl7  	lvl8  	lvl9  	lvl10 	lvl11 	lvl12 	lvl13 	lvl14 	lvl15 	lvl16 	lvl17 	lvl18 	lvl19 	lvl20 	lvl21 	lvl22 	lvl23 	lvl24 	lvl25 	lvl26 	lvl27 	lvl28 	lvl29 	lvl30 	lvl31 	lvl32 	lvl33 	lvl34 	lvl35 	lvl36 	lvl37 	lvl38 	lvl39 	lvl40 	lvl41 	lvl42 
100000   	0    	3.920600e-03	1     	2     	4     	8     	16    	32    	64    	122   	221   	383   	643   	1075  	1716  	2599  	3702  	5001  	6376  	7562  	8403  	8846  	8918  	8513  	7789  	6880  	5752  	4584  	3421  	2489  	1721  	1206  	815   	520   	285   	160   	79    	41    	24    	15    	8     	4     	nan   	nan   	nan   
100000   	1    	3.933400e-03	1     	2     	4     	8     	16    	32    	64    	123   	228   	398   	640   	996   	1463  	2133  	2967  	3960  	5070  	6178  	7211  	8011  	8335  	8438  	8084  	7480  	6731  	5656  	4480  	3452  	2543  	1791  	1263  	834   	535   	317   	192   	142   	89    	61    	41    	18    	9     	3     	1     
100000   	2    	5.086800e-03	1     	2     	4     	8     	16    	32    	62    	121   	226   	412   	705   	1129  	1719  	2523  	3469  	4562  	5765  	6959  	7811  	8551  	8730  	8514  	7839  	7061  	5972  	4839  	3882  	2950  	2147  	1496  	992   	664   	382   	231   	125   	67    	26    	6     	nan   	nan   	nan   	nan   	nan   
100000   	3    	5.672400e-03	1     	2     	4     	8     	16    	32    	64    	123   	230   	395   	658   	1014  	1496  	2095  	2848  	3741  	4696  	5773  	6804  	7714  	8414  	8772  	8559  	7881  	6985  	5849  	4631  	3533  	2592  	1831  	1199  	800   	505   	307   	184   	115   	64    	32    	19    	8     	3     	2     	1     

