Criação das árvores ordenadas:
n_persons	index	time        
100000   	0    	5.468910e-02
100000   	1    	6.779010e-02
100000   	2    	5.587810e-02
100000   	3    	8.572940e-02

Procura de nós nas árvores:
n_persons	index	time        
100000   	0    	1.091837e-01
100000   	1    	6.453970e-02
100000   	2    	6.082590e-02
100000   	3    	5.351280e-02

Maior profundidade das árvores:
n_persons	index	time        	depth
100000   	0    	4.705400e-03	39   
100000   	1    	4.665200e-03	41   
100000   	2    	5.191500e-03	37   
100000   	3    	4.957700e-03	38   

Número de nós em cada nível:
n_persons	index	time        	lvl0  	lvl1  	lvl2  	lvl3  	lvl4  	lvl5  	lvl6  	lvl7  	lvl8  	lvl9  	lvl10 	lvl11 	lvl12 	lvl13 	lvl14 	lvl15 	lvl16 	lvl17 	lvl18 	lvl19 	lvl20 	lvl21 	lvl22 	lvl23 	lvl24 	lvl25 	lvl26 	lvl27 	lvl28 	lvl29 	lvl30 	lvl31 	lvl32 	lvl33 	lvl34 	lvl35 	lvl36 	lvl37 	lvl38 	lvl39 	lvl40 	lvl41 
100000   	0    	4.069300e-03	1     	2     	4     	8     	15    	28    	56    	106   	197   	363   	624   	1012  	1576  	2305  	3222  	4253  	5323  	6353  	7313  	7853  	8145  	8077  	7618  	6997  	6152  	5323  	4473  	3651  	2966  	2182  	1525  	963   	591   	349   	187   	98    	55    	19    	11    	4     	nan   	nan   
100000   	1    	4.319900e-03	1     	2     	4     	8     	16    	26    	50    	92    	162   	274   	461   	743   	1162  	1787  	2623  	3712  	4848  	6071  	7175  	8083  	8584  	8680  	8226  	7571  	6559  	5548  	4609  	3713  	2797  	2094  	1526  	1032  	706   	457   	269   	167   	87    	43    	17    	9     	4     	2     
100000   	2    	5.267500e-03	1     	2     	4     	8     	16    	32    	64    	122   	226   	425   	738   	1236  	1927  	2900  	4115  	5525  	7009  	8270  	9214  	9668  	9595  	9016  	7872  	6457  	5054  	3777  	2620  	1726  	1077  	622   	329   	174   	107   	44    	17    	4     	6     	1     	nan   	nan   	nan   	nan   
100000   	3    	5.037200e-03	1     	2     	4     	8     	16    	32    	64    	127   	246   	459   	796   	1363  	2205  	3358  	4730  	6260  	7770  	8886  	9510  	9735  	9351  	8545  	7278  	5909  	4437  	3164  	2135  	1386  	871   	535   	332   	200   	116   	62    	44    	35    	17    	9     	2     	nan   	nan   	nan   

