Criação das árvores ordenadas:
n_persons	index	time        
100000   	0    	5.632870e-02
100000   	1    	6.621790e-02
100000   	2    	5.634280e-02
100000   	3    	4.681380e-02

Procura de nós nas árvores:
n_persons	index	time        
100000   	0    	5.403050e-02
100000   	1    	6.755480e-02
100000   	2    	5.972000e-02
100000   	3    	5.174410e-02

Maior profundidade das árvores:
n_persons	index	time        	depth
100000   	0    	4.412500e-03	37   
100000   	1    	4.595600e-03	44   
100000   	2    	4.934600e-03	39   
100000   	3    	4.844200e-03	41   

Número de nós em cada nível:
n_persons	index	time        	lvl0  	lvl1  	lvl2  	lvl3  	lvl4  	lvl5  	lvl6  	lvl7  	lvl8  	lvl9  	lvl10 	lvl11 	lvl12 	lvl13 	lvl14 	lvl15 	lvl16 	lvl17 	lvl18 	lvl19 	lvl20 	lvl21 	lvl22 	lvl23 	lvl24 	lvl25 	lvl26 	lvl27 	lvl28 	lvl29 	lvl30 	lvl31 	lvl32 	lvl33 	lvl34 	lvl35 	lvl36 	lvl37 	lvl38 	lvl39 	lvl40 	lvl41 	lvl42 	lvl43 	lvl44 
100000   	0    	3.854600e-03	1     	2     	4     	8     	16    	32    	64    	124   	231   	419   	753   	1244  	1984  	2904  	4090  	5369  	6608  	7647  	8546  	8954  	8867  	8386  	7595  	6611  	5454  	4360  	3344  	2413  	1671  	1052  	615   	342   	168   	76    	29    	12    	3     	2     	nan   	nan   	nan   	nan   	nan   	nan   	nan   
100000   	1    	3.879900e-03	1     	2     	4     	8     	16    	32    	63    	115   	216   	389   	668   	1090  	1671  	2449  	3356  	4356  	5464  	6559  	7418  	8055  	8398  	8366  	7972  	7204  	6211  	5078  	3996  	2982  	2239  	1672  	1173  	884   	599   	417   	295   	193   	145   	98    	52    	36    	31    	15    	6     	5     	1     
100000   	2    	4.714500e-03	1     	2     	4     	8     	16    	32    	64    	121   	224   	400   	693   	1167  	1771  	2608  	3614  	4798  	6018  	7219  	8246  	9001  	9291  	8916  	8265  	7027  	5770  	4532  	3362  	2441  	1650  	1081  	683   	414   	233   	152   	92    	55    	19    	8     	1     	1     	nan   	nan   	nan   	nan   	nan   
100000   	3    	4.536100e-03	1     	2     	4     	8     	16    	32    	63    	122   	223   	381   	651   	1036  	1575  	2330  	3194  	4214  	5268  	6338  	7280  	7919  	8406  	8610  	8318  	7608  	6570  	5422  	4343  	3265  	2320  	1602  	1092  	727   	454   	255   	146   	88    	54    	33    	18    	8     	3     	1     	nan   	nan   	nan   

