Criação das árvores ordenadas:
n_persons	index	time        
100000   	0    	5.571310e-02
100000   	1    	6.733470e-02
100000   	2    	1.067060e-01
100000   	3    	7.581490e-02

Procura de nós nas árvores:
n_persons	index	time        
100000   	0    	5.541500e-02
100000   	1    	6.157350e-02
100000   	2    	5.597770e-02
100000   	3    	7.320130e-02

Maior profundidade das árvores:
n_persons	index	time        	depth
100000   	0    	6.986700e-03	38   
100000   	1    	6.256700e-03	40   
100000   	2    	6.220400e-03	38   
100000   	3    	5.567500e-03	40   

Número de nós em cada nível:
n_persons	index	time        	lvl0  	lvl1  	lvl2  	lvl3  	lvl4  	lvl5  	lvl6  	lvl7  	lvl8  	lvl9  	lvl10 	lvl11 	lvl12 	lvl13 	lvl14 	lvl15 	lvl16 	lvl17 	lvl18 	lvl19 	lvl20 	lvl21 	lvl22 	lvl23 	lvl24 	lvl25 	lvl26 	lvl27 	lvl28 	lvl29 	lvl30 	lvl31 	lvl32 	lvl33 	lvl34 	lvl35 	lvl36 	lvl37 	lvl38 	lvl39 	lvl40 
100000   	0    	5.203700e-03	1     	2     	4     	8     	16    	32    	63    	121   	224   	397   	652   	1037  	1495  	2087  	2794  	3640  	4584  	5590  	6510  	7339  	7941  	8233  	8185  	7790  	7048  	6279  	5164  	4049  	3042  	2171  	1476  	950   	549   	304   	136   	58    	19    	8     	2     	nan   	nan   
100000   	1    	5.295000e-03	1     	2     	4     	8     	16    	32    	64    	127   	239   	423   	706   	1130  	1680  	2366  	3344  	4346  	5535  	6613  	7526  	8190  	8601  	8592  	8051  	7268  	6267  	5153  	4053  	3140  	2257  	1575  	1037  	683   	440   	250   	132   	74    	41    	22    	9     	2     	1     
100000   	2    	4.586200e-03	1     	2     	4     	8     	16    	32    	64    	127   	244   	451   	783   	1263  	1943  	2809  	3885  	5058  	6242  	7425  	8348  	9053  	9175  	8840  	7966  	6819  	5675  	4429  	3230  	2214  	1490  	995   	642   	391   	201   	102   	45    	16    	6     	5     	1     	nan   	nan   
100000   	3    	4.900800e-03	1     	2     	4     	8     	16    	32    	62    	121   	228   	421   	729   	1218  	1889  	2738  	3756  	4810  	5982  	7035  	7723  	8320  	8491  	8133  	7583  	6846  	5888  	4880  	3981  	3109  	2198  	1510  	959   	599   	355   	179   	90    	46    	26    	14    	11    	5     	2     

