Criação das árvores ordenadas:
n_persons	index	time        
100000   	0    	5.109270e-02
100000   	1    	6.239790e-02
100000   	2    	5.529510e-02
100000   	3    	4.894730e-02

Procura de nós nas árvores:
n_persons	index	time        
100000   	0    	5.194080e-02
100000   	1    	6.088230e-02
100000   	2    	5.915780e-02
100000   	3    	4.941270e-02

Maior profundidade das árvores:
n_persons	index	time        	depth
100000   	0    	4.738400e-03	38   
100000   	1    	4.478100e-03	41   
100000   	2    	5.042600e-03	39   
100000   	3    	5.152000e-03	41   

Número de nós em cada nível:
n_persons	index	time        	lvl0  	lvl1  	lvl2  	lvl3  	lvl4  	lvl5  	lvl6  	lvl7  	lvl8  	lvl9  	lvl10 	lvl11 	lvl12 	lvl13 	lvl14 	lvl15 	lvl16 	lvl17 	lvl18 	lvl19 	lvl20 	lvl21 	lvl22 	lvl23 	lvl24 	lvl25 	lvl26 	lvl27 	lvl28 	lvl29 	lvl30 	lvl31 	lvl32 	lvl33 	lvl34 	lvl35 	lvl36 	lvl37 	lvl38 	lvl39 	lvl40 	lvl41 
100000   	0    	4.908400e-03	1     	2     	4     	8     	16    	32    	62    	120   	227   	431   	772   	1353  	2146  	3169  	4346  	5614  	6937  	8063  	8909  	9376  	9252  	8621  	7686  	6268  	4939  	3727  	2682  	1931  	1358  	832   	521   	297   	161   	75    	37    	14    	6     	4     	1     	nan   	nan   	nan   
100000   	1    	4.093900e-03	1     	2     	4     	8     	16    	32    	60    	115   	222   	391   	665   	1080  	1618  	2391  	3323  	4374  	5429  	6590  	7507  	8204  	8524  	8449  	8047  	7226  	6283  	5142  	4108  	3183  	2341  	1638  	1119  	740   	471   	300   	174   	97    	57    	34    	17    	11    	6     	1     
100000   	2    	4.571300e-03	1     	2     	4     	8     	16    	32    	63    	125   	234   	429   	743   	1234  	1841  	2657  	3668  	4817  	6009  	7175  	8088  	8727  	8924  	8767  	7944  	7033  	5803  	4668  	3578  	2689  	1891  	1251  	758   	406   	209   	101   	56    	28    	12    	7     	1     	1     	nan   	nan   
100000   	3    	4.684200e-03	1     	2     	4     	8     	16    	32    	58    	104   	185   	330   	567   	933   	1472  	2146  	2994  	4075  	5202  	6328  	7158  	7908  	8260  	8285  	7997  	7393  	6569  	5651  	4699  	3717  	2711  	1845  	1241  	841   	539   	345   	180   	90    	49    	31    	17    	10    	5     	2     

