Criação das árvores ordenadas:
n_persons	index	time        
100000   	0    	5.193800e-02
100000   	1    	6.290640e-02
100000   	2    	5.722780e-02
100000   	3    	4.755700e-02

Procura de nós nas árvores:
n_persons	index	time        
100000   	0    	5.131580e-02
100000   	1    	5.747570e-02
100000   	2    	6.323130e-02
100000   	3    	5.127870e-02

Maior profundidade das árvores:
n_persons	index	time        	depth
100000   	0    	4.529600e-03	40   
100000   	1    	4.310400e-03	41   
100000   	2    	5.018100e-03	39   
100000   	3    	5.593300e-03	43   

Número de nós em cada nível:
n_persons	index	time        	lvl0  	lvl1  	lvl2  	lvl3  	lvl4  	lvl5  	lvl6  	lvl7  	lvl8  	lvl9  	lvl10 	lvl11 	lvl12 	lvl13 	lvl14 	lvl15 	lvl16 	lvl17 	lvl18 	lvl19 	lvl20 	lvl21 	lvl22 	lvl23 	lvl24 	lvl25 	lvl26 	lvl27 	lvl28 	lvl29 	lvl30 	lvl31 	lvl32 	lvl33 	lvl34 	lvl35 	lvl36 	lvl37 	lvl38 	lvl39 	lvl40 	lvl41 	lvl42 	lvl43 
100000   	0    	5.103900e-03	1     	2     	4     	8     	16    	31    	62    	119   	226   	420   	766   	1307  	2080  	3103  	4303  	5618  	6885  	7896  	8500  	8725  	8584  	7980  	7143  	6094  	5136  	4123  	3173  	2297  	1690  	1274  	937   	604   	380   	215   	142   	67    	44    	22    	15    	6     	2     	nan   	nan   	nan   
100000   	1    	3.936100e-03	1     	2     	4     	8     	16    	32    	64    	123   	221   	394   	653   	1048  	1598  	2355  	3309  	4416  	5688  	6852  	7800  	8389  	8685  	8627  	8302  	7494  	6459  	5173  	3905  	2864  	2039  	1405  	866   	515   	319   	166   	107   	55    	30    	12    	1     	1     	1     	1     	nan   	nan   
100000   	2    	4.430600e-03	1     	2     	4     	8     	16    	32    	62    	114   	193   	334   	528   	838   	1317  	1991  	2866  	3939  	5176  	6394  	7434  	8242  	8661  	8410  	7918  	7292  	6497  	5529  	4449  	3551  	2639  	1934  	1361  	935   	592   	323   	188   	117   	62    	33    	15    	3     	nan   	nan   	nan   	nan   
100000   	3    	6.076900e-03	1     	2     	4     	8     	16    	32    	64    	124   	237   	417   	712   	1149  	1776  	2594  	3558  	4608  	5595  	6569  	7368  	8051  	8378  	8238  	7831  	7157  	6252  	5162  	4037  	3125  	2367  	1603  	1115  	749   	460   	301   	170   	73    	39    	30    	13    	5     	3     	4     	2     	1     

