Criação das árvores ordenadas:
n_persons	index	time        
100000   	0    	5.017310e-02
100000   	1    	6.032740e-02
100000   	2    	5.509120e-02
100000   	3    	4.866960e-02

Procura de nós nas árvores:
n_persons	index	time        
100000   	0    	5.467960e-02
100000   	1    	6.644380e-02
100000   	2    	5.978140e-02
100000   	3    	5.190360e-02

Maior profundidade das árvores:
n_persons	index	time        	depth
100000   	0    	4.714800e-03	40   
100000   	1    	5.033700e-03	41   
100000   	2    	5.537400e-03	38   
100000   	3    	5.330600e-03	39   

Número de nós em cada nível:
n_persons	index	time        	lvl0  	lvl1  	lvl2  	lvl3  	lvl4  	lvl5  	lvl6  	lvl7  	lvl8  	lvl9  	lvl10 	lvl11 	lvl12 	lvl13 	lvl14 	lvl15 	lvl16 	lvl17 	lvl18 	lvl19 	lvl20 	lvl21 	lvl22 	lvl23 	lvl24 	lvl25 	lvl26 	lvl27 	lvl28 	lvl29 	lvl30 	lvl31 	lvl32 	lvl33 	lvl34 	lvl35 	lvl36 	lvl37 	lvl38 	lvl39 	lvl40 	lvl41 
100000   	0    	4.402000e-03	1     	2     	4     	8     	16    	32    	64    	127   	236   	418   	749   	1280  	2021  	3009  	4196  	5538  	6814  	7866  	8645  	8855  	8675  	8157  	7325  	6262  	5310  	4228  	3209  	2359  	1666  	1142  	717   	431   	258   	169   	102   	51    	28    	16    	9     	3     	2     	nan   
100000   	1    	4.093500e-03	1     	2     	4     	8     	16    	32    	60    	113   	192   	327   	573   	939   	1423  	2145  	3126  	4243  	5611  	6794  	7861  	8755  	9139  	9129  	8586  	7620  	6424  	5029  	3771  	2783  	1970  	1283  	802   	483   	301   	188   	115   	63    	47    	26    	10    	3     	2     	1     
100000   	2    	4.721700e-03	1     	2     	4     	8     	16    	32    	64    	124   	236   	419   	705   	1162  	1783  	2653  	3775  	5021  	6355  	7536  	8465  	9179  	9299  	8871  	7999  	6896  	5555  	4404  	3290  	2311  	1527  	979   	611   	359   	198   	91    	38    	16    	9     	5     	2     	nan   	nan   	nan   
100000   	3    	4.934400e-03	1     	2     	4     	8     	16    	32    	62    	122   	235   	428   	715   	1152  	1779  	2612  	3640  	4789  	5828  	6854  	7644  	8064  	8161  	7955  	7411  	6780  	5978  	5092  	4198  	3294  	2522  	1781  	1164  	751   	439   	224   	127   	70    	38    	20    	5     	3     	nan   	nan   

