Criação das árvores ordenadas:
n_persons	index	time        
100000   	0    	5.241070e-02
100000   	1    	6.394980e-02
100000   	2    	5.468920e-02
100000   	3    	4.673020e-02

Procura de nós nas árvores:
n_persons	index	time        
100000   	0    	5.673270e-02
100000   	1    	8.173410e-02
100000   	2    	6.164080e-02
100000   	3    	4.850620e-02

Maior profundidade das árvores:
n_persons	index	time        	depth
100000   	0    	4.980100e-03	39   
100000   	1    	4.898100e-03	39   
100000   	2    	5.462700e-03	40   
100000   	3    	5.465100e-03	41   

Número de nós em cada nível:
n_persons	index	time        	lvl0  	lvl1  	lvl2  	lvl3  	lvl4  	lvl5  	lvl6  	lvl7  	lvl8  	lvl9  	lvl10 	lvl11 	lvl12 	lvl13 	lvl14 	lvl15 	lvl16 	lvl17 	lvl18 	lvl19 	lvl20 	lvl21 	lvl22 	lvl23 	lvl24 	lvl25 	lvl26 	lvl27 	lvl28 	lvl29 	lvl30 	lvl31 	lvl32 	lvl33 	lvl34 	lvl35 	lvl36 	lvl37 	lvl38 	lvl39 	lvl40 	lvl41 
100000   	0    	4.984700e-03	1     	2     	4     	8     	16    	32    	63    	125   	236   	426   	715   	1144  	1739  	2480  	3414  	4509  	5601  	6614  	7716  	8421  	8922  	8937  	8599  	7707  	6626  	5177  	3788  	2649  	1768  	1093  	673   	369   	203   	105   	57    	32    	15    	6     	5     	3     	nan   	nan   
100000   	1    	4.493000e-03	1     	2     	4     	8     	16    	32    	63    	121   	235   	431   	722   	1152  	1791  	2586  	3533  	4527  	5654  	6869  	7829  	8583  	8883  	8647  	8027  	7212  	6209  	4966  	3767  	2857  	1989  	1371  	835   	486   	291   	166   	92    	33    	6     	2     	1     	1     	nan   	nan   
100000   	2    	5.024400e-03	1     	2     	4     	8     	16    	32    	61    	118   	215   	389   	666   	1065  	1594  	2315  	3270  	4395  	5628  	6944  	8059  	8959  	9312  	9195  	8642  	7688  	6330  	4902  	3625  	2481  	1647  	1006  	616   	345   	210   	114   	65    	40    	21    	12    	6     	1     	1     	nan   
100000   	3    	4.881800e-03	1     	2     	4     	8     	16    	32    	64    	127   	253   	491   	873   	1460  	2254  	3283  	4503  	5758  	6964  	8100  	8708  	8898  	8680  	7947  	6928  	5836  	4764  	3809  	2987  	2245  	1656  	1168  	819   	510   	335   	199   	146   	84    	41    	24    	14    	5     	2     	2     

