Criação das árvores ordenadas:
n_persons	index	time        
100000   	0    	5.053780e-02
100000   	1    	6.264540e-02
100000   	2    	5.454770e-02
100000   	3    	4.897350e-02

Procura de nós nas árvores:
n_persons	index	time        
100000   	0    	5.426010e-02
100000   	1    	6.276510e-02
100000   	2    	5.824810e-02
100000   	3    	4.943070e-02

Maior profundidade das árvores:
n_persons	index	time        	depth
100000   	0    	4.778200e-03	37   
100000   	1    	4.341800e-03	39   
100000   	2    	4.706100e-03	40   
100000   	3    	5.000300e-03	39   

Número de nós em cada nível:
n_persons	index	time        	lvl0  	lvl1  	lvl2  	lvl3  	lvl4  	lvl5  	lvl6  	lvl7  	lvl8  	lvl9  	lvl10 	lvl11 	lvl12 	lvl13 	lvl14 	lvl15 	lvl16 	lvl17 	lvl18 	lvl19 	lvl20 	lvl21 	lvl22 	lvl23 	lvl24 	lvl25 	lvl26 	lvl27 	lvl28 	lvl29 	lvl30 	lvl31 	lvl32 	lvl33 	lvl34 	lvl35 	lvl36 	lvl37 	lvl38 	lvl39 	lvl40 
100000   	0    	4.277100e-03	1     	2     	4     	8     	16    	30    	60    	116   	216   	386   	673   	1103  	1723  	2519  	3535  	4797  	6092  	7294  	8342  	8969  	9121  	8698  	8109  	7072  	5901  	4672  	3522  	2593  	1819  	1137  	681   	414   	205   	93    	46    	21    	8     	2     	nan   	nan   	nan   
100000   	1    	4.061500e-03	1     	2     	4     	8     	16    	32    	61    	113   	200   	352   	580   	872   	1289  	1837  	2506  	3374  	4306  	5362  	6382  	7426  	8285  	8753  	8933  	8483  	7553  	6490  	5175  	3941  	2803  	1945  	1253  	752   	409   	259   	129   	61    	33    	12    	5     	3     	nan   
100000   	2    	4.444200e-03	1     	2     	4     	8     	16    	31    	62    	119   	222   	394   	683   	1089  	1696  	2455  	3402  	4472  	5689  	6708  	7548  	8029  	8248  	8111  	7701  	7044  	6191  	5368  	4418  	3360  	2451  	1724  	1167  	706   	398   	235   	131   	58    	30    	17    	7     	3     	2     
100000   	3    	4.318400e-03	1     	2     	4     	8     	16    	32    	64    	123   	234   	441   	773   	1299  	2064  	3100  	4366  	5761  	7073  	8252  	8967  	9340  	9047  	8441  	7452  	6266  	5182  	3936  	2846  	1888  	1239  	723   	461   	271   	161   	86    	42    	18    	6     	9     	4     	2     	nan   

