Criação das árvores ordenadas:
n_persons	index	time        
100000   	0    	5.181240e-02
100000   	1    	6.469890e-02
100000   	2    	5.849230e-02
100000   	3    	4.642510e-02

Procura de nós nas árvores:
n_persons	index	time        
100000   	0    	5.474360e-02
100000   	1    	6.408230e-02
100000   	2    	5.602590e-02
100000   	3    	5.148810e-02

Maior profundidade das árvores:
n_persons	index	time        	depth
100000   	0    	4.837800e-03	37   
100000   	1    	4.389500e-03	42   
100000   	2    	4.824100e-03	37   
100000   	3    	5.600100e-03	39   

Número de nós em cada nível:
n_persons	index	time        	lvl0  	lvl1  	lvl2  	lvl3  	lvl4  	lvl5  	lvl6  	lvl7  	lvl8  	lvl9  	lvl10 	lvl11 	lvl12 	lvl13 	lvl14 	lvl15 	lvl16 	lvl17 	lvl18 	lvl19 	lvl20 	lvl21 	lvl22 	lvl23 	lvl24 	lvl25 	lvl26 	lvl27 	lvl28 	lvl29 	lvl30 	lvl31 	lvl32 	lvl33 	lvl34 	lvl35 	lvl36 	lvl37 	lvl38 	lvl39 	lvl40 	lvl41 	lvl42 
100000   	0    	4.432200e-03	1     	2     	4     	8     	16    	32    	64    	126   	242   	433   	752   	1281  	2130  	3245  	4473  	5864  	7148  	8219  	8907  	9324  	9041  	8368  	7419  	6240  	4958  	3870  	2844  	1951  	1310  	762   	424   	247   	153   	78    	38    	19    	6     	1     	nan   	nan   	nan   	nan   	nan   
100000   	1    	4.021000e-03	1     	2     	4     	8     	16    	32    	62    	102   	189   	320   	540   	885   	1364  	2044  	2911  	4023  	5185  	6451  	7551  	8393  	8772  	8711  	8163  	7122  	6151  	5025  	4111  	3299  	2593  	1923  	1408  	976   	652   	401   	264   	177   	91    	37    	22    	10    	7     	1     	1     
100000   	2    	4.390600e-03	1     	2     	4     	8     	16    	32    	62    	121   	232   	420   	745   	1267  	2003  	3000  	4100  	5351  	6595  	7596  	8372  	8756  	8765  	8397  	7612  	6669  	5545  	4488  	3375  	2420  	1659  	1038  	625   	358   	190   	104   	41    	23    	7     	1     	nan   	nan   	nan   	nan   	nan   
100000   	3    	4.457200e-03	1     	2     	4     	8     	16    	32    	64    	125   	241   	445   	772   	1271  	1999  	2962  	4140  	5439  	6774  	7912  	8698  	9047  	8879  	8380  	7529  	6547  	5423  	4208  	3139  	2238  	1459  	904   	577   	336   	199   	114   	62    	32    	13    	5     	3     	1     	nan   	nan   	nan   

