Criação das árvores ordenadas:
n_persons	index	time        
100000   	0    	6.593940e-02
100000   	1    	7.993020e-02
100000   	2    	8.780820e-02
100000   	3    	1.125989e-01

Procura de nós nas árvores:
n_persons	index	time        
100000   	0    	9.148610e-02
100000   	1    	2.030810e-01
100000   	2    	1.058331e-01
100000   	3    	8.287030e-02

Maior profundidade das árvores:
n_persons	index	time        	depth
100000   	0    	5.267800e-03	39   
100000   	1    	5.485100e-03	38   
100000   	2    	6.631800e-03	39   
100000   	3    	6.561900e-03	38   

Número de nós em cada nível:
n_persons	index	time        	lvl0  	lvl1  	lvl2  	lvl3  	lvl4  	lvl5  	lvl6  	lvl7  	lvl8  	lvl9  	lvl10 	lvl11 	lvl12 	lvl13 	lvl14 	lvl15 	lvl16 	lvl17 	lvl18 	lvl19 	lvl20 	lvl21 	lvl22 	lvl23 	lvl24 	lvl25 	lvl26 	lvl27 	lvl28 	lvl29 	lvl30 	lvl31 	lvl32 	lvl33 	lvl34 	lvl35 	lvl36 	lvl37 	lvl38 	lvl39 
100000   	0    	1.276060e-02	1     	2     	4     	8     	16    	32    	61    	113   	200   	337   	545   	855   	1250  	1842  	2563  	3487  	4445  	5495  	6331  	7107  	7613  	7854  	7772  	7458  	6877  	6205  	5356  	4466  	3536  	2773  	1982  	1338  	902   	590   	299   	166   	73    	35    	9     	2     
100000   	1    	4.813300e-03	1     	2     	4     	8     	16    	31    	61    	122   	229   	412   	702   	1133  	1763  	2521  	3495  	4585  	5708  	6858  	7799  	8450  	8858  	8701  	8217  	7440  	6327  	5032  	3838  	2834  	1966  	1271  	759   	425   	231   	114   	49    	19    	13    	3     	3     	nan   
100000   	2    	4.898500e-03	1     	2     	4     	8     	16    	32    	64    	122   	238   	445   	785   	1316  	2100  	3159  	4388  	5775  	7121  	8247  	8987  	9393  	9310  	8778  	7595  	6200  	4882  	3625  	2508  	1722  	1178  	741   	479   	300   	205   	139   	75    	35    	14    	7     	3     	1     
100000   	3    	5.382400e-03	1     	2     	4     	8     	16    	32    	63    	122   	227   	390   	632   	1006  	1530  	2206  	3047  	4081  	5187  	6367  	7359  	8076  	8458  	8547  	8319  	7627  	6751  	5722  	4527  	3372  	2396  	1597  	991   	578   	347   	206   	122   	57    	22    	4     	1     	nan   

