Criação das árvores ordenadas:
n_persons	index	time        
100000   	0    	5.116570e-02
100000   	1    	6.275340e-02
100000   	2    	5.405090e-02
100000   	3    	4.609830e-02

Procura de nós nas árvores:
n_persons	index	time        
100000   	0    	5.341590e-02
100000   	1    	6.207860e-02
100000   	2    	5.679990e-02
100000   	3    	5.884360e-02

Maior profundidade das árvores:
n_persons	index	time        	depth
100000   	0    	4.476300e-03	39   
100000   	1    	4.385600e-03	40   
100000   	2    	4.880500e-03	38   
100000   	3    	5.261800e-03	37   

Número de nós em cada nível:
n_persons	index	time        	lvl0  	lvl1  	lvl2  	lvl3  	lvl4  	lvl5  	lvl6  	lvl7  	lvl8  	lvl9  	lvl10 	lvl11 	lvl12 	lvl13 	lvl14 	lvl15 	lvl16 	lvl17 	lvl18 	lvl19 	lvl20 	lvl21 	lvl22 	lvl23 	lvl24 	lvl25 	lvl26 	lvl27 	lvl28 	lvl29 	lvl30 	lvl31 	lvl32 	lvl33 	lvl34 	lvl35 	lvl36 	lvl37 	lvl38 	lvl39 	lvl40 
100000   	0    	4.106400e-03	1     	2     	4     	8     	16    	32    	62    	119   	220   	405   	715   	1200  	1881  	2759  	3862  	5135  	6408  	7644  	8534  	8969  	8936  	8353  	7598  	6522  	5365  	4273  	3302  	2453  	1784  	1250  	861   	551   	360   	212   	116   	62    	15    	7     	3     	1     	nan   
100000   	1    	3.954400e-03	1     	2     	4     	8     	16    	30    	60    	116   	220   	404   	720   	1182  	1795  	2585  	3537  	4616  	5680  	6689  	7445  	7834  	8125  	7926  	7406  	6820  	5983  	5144  	4251  	3340  	2598  	1930  	1340  	875   	559   	336   	203   	112   	62    	20    	12    	11    	3     
100000   	2    	4.290800e-03	1     	2     	4     	8     	16    	32    	64    	127   	240   	443   	781   	1295  	2039  	2979  	4091  	5412  	6704  	7819  	8636  	9025  	9096  	8610  	7698  	6485  	5270  	4071  	2957  	2186  	1456  	905   	612   	388   	232   	146   	81    	54    	26    	8     	1     	nan   	nan   
100000   	3    	4.571300e-03	1     	2     	4     	8     	16    	32    	64    	126   	236   	425   	732   	1187  	1830  	2693  	3747  	5157  	6669  	7982  	8946  	9465  	9351  	8801  	7993  	6714  	5354  	4110  	3013  	2054  	1345  	850   	506   	287   	156   	77    	38    	20    	7     	2     	nan   	nan   	nan   

