Criação das árvores ordenadas:
n_persons	index	time        
100000   	0    	5.981380e-02
100000   	1    	7.067260e-02
100000   	2    	6.395680e-02
100000   	3    	5.755840e-02

Procura de nós nas árvores:
n_persons	index	time        
100000   	0    	6.165690e-02
100000   	1    	7.005450e-02
100000   	2    	6.235750e-02
100000   	3    	5.631880e-02

Maior profundidade das árvores:
n_persons	index	time        	depth
100000   	0    	4.866700e-03	37   
100000   	1    	4.948800e-03	39   
100000   	2    	5.383000e-03	39   
100000   	3    	5.986500e-03	45   

Número de nós em cada nível:
n_persons	index	time        	lvl0  	lvl1  	lvl2  	lvl3  	lvl4  	lvl5  	lvl6  	lvl7  	lvl8  	lvl9  	lvl10 	lvl11 	lvl12 	lvl13 	lvl14 	lvl15 	lvl16 	lvl17 	lvl18 	lvl19 	lvl20 	lvl21 	lvl22 	lvl23 	lvl24 	lvl25 	lvl26 	lvl27 	lvl28 	lvl29 	lvl30 	lvl31 	lvl32 	lvl33 	lvl34 	lvl35 	lvl36 	lvl37 	lvl38 	lvl39 	lvl40 	lvl41 	lvl42 	lvl43 	lvl44 	lvl45 
100000   	0    	5.603500e-03	1     	2     	4     	8     	16    	32    	62    	117   	220   	391   	683   	1144  	1824  	2725  	3861  	5154  	6478  	7539  	8504  	9109  	9169  	8812  	8070  	6934  	5657  	4454  	3306  	2276  	1432  	891   	561   	300   	151   	67    	27    	12    	5     	2     	nan   	nan   	nan   	nan   	nan   	nan   	nan   	nan   
100000   	1    	5.517800e-03	1     	2     	4     	8     	16    	32    	64    	125   	240   	431   	730   	1182  	1777  	2597  	3612  	4788  	6035  	7180  	8226  	8840  	8974  	8778  	8121  	6942  	5717  	4501  	3557  	2628  	1849  	1284  	780   	469   	263   	131   	53    	32    	15    	13    	2     	1     	nan   	nan   	nan   	nan   	nan   	nan   
100000   	2    	5.051500e-03	1     	2     	4     	8     	16    	32    	63    	122   	238   	422   	741   	1173  	1804  	2628  	3645  	4825  	6118  	7409  	8403  	9101  	9206  	8834  	7979  	6887  	5639  	4319  	3285  	2385  	1665  	1146  	747   	485   	303   	170   	103   	59    	26    	4     	2     	1     	nan   	nan   	nan   	nan   	nan   	nan   
100000   	3    	4.937100e-03	1     	2     	4     	8     	16    	31    	57    	109   	205   	362   	631   	1032  	1648  	2533  	3637  	4872  	6007  	7051  	7827  	8415  	8656  	8391  	7698  	6858  	5823  	4830  	3835  	2980  	2131  	1532  	1059  	660   	425   	251   	166   	99    	68    	37    	27    	12    	5     	4     	1     	1     	1     	2     

