Criação das árvores ordenadas:
n_persons	index	time        
100000   	0    	7.343940e-02
100000   	1    	8.332820e-02
100000   	2    	1.384875e-01
100000   	3    	9.274690e-02

Procura de nós nas árvores:
n_persons	index	time        
100000   	0    	7.393210e-02
100000   	1    	9.139830e-02
100000   	2    	7.447180e-02
100000   	3    	5.582690e-02

Maior profundidade das árvores:
n_persons	index	time        	depth
100000   	0    	4.380500e-03	42   
100000   	1    	4.211200e-03	38   
100000   	2    	5.820000e-03	39   
100000   	3    	8.762800e-03	38   

Número de nós em cada nível:
n_persons	index	time        	lvl0  	lvl1  	lvl2  	lvl3  	lvl4  	lvl5  	lvl6  	lvl7  	lvl8  	lvl9  	lvl10 	lvl11 	lvl12 	lvl13 	lvl14 	lvl15 	lvl16 	lvl17 	lvl18 	lvl19 	lvl20 	lvl21 	lvl22 	lvl23 	lvl24 	lvl25 	lvl26 	lvl27 	lvl28 	lvl29 	lvl30 	lvl31 	lvl32 	lvl33 	lvl34 	lvl35 	lvl36 	lvl37 	lvl38 	lvl39 	lvl40 	lvl41 	lvl42 
100000   	0    	4.478300e-03	1     	2     	4     	8     	16    	32    	64    	123   	234   	424   	749   	1227  	1925  	2809  	3853  	4987  	6203  	7211  	8007  	8620  	8762  	8319  	7636  	6690  	5566  	4442  	3486  	2707  	1914  	1350  	932   	622   	395   	257   	167   	109   	62    	34    	19    	14    	10    	6     	2     
100000   	1    	4.837700e-03	1     	2     	4     	8     	16    	32    	63    	108   	195   	341   	558   	895   	1388  	2052  	2994  	4164  	5418  	6561  	7551  	8046  	8255  	8145  	7800  	7154  	6289  	5407  	4512  	3594  	2749  	2024  	1436  	952   	584   	338   	196   	97    	45    	22    	4     	nan   	nan   	nan   	nan   
100000   	2    	4.825600e-03	1     	2     	4     	8     	16    	32    	63    	115   	208   	374   	638   	1046  	1642  	2439  	3431  	4556  	5805  	6987  	8026  	8691  	8961  	8761  	8216  	7307  	6120  	4867  	3806  	2752  	1898  	1232  	790   	505   	308   	178   	92    	63    	35    	20    	4     	1     	nan   	nan   	nan   
100000   	3    	7.814400e-03	1     	2     	4     	8     	16    	32    	63    	120   	224   	406   	700   	1124  	1719  	2417  	3206  	4177  	5154  	6221  	7156  	7965  	8557  	8829  	8453  	7673  	6710  	5516  	4220  	3128  	2242  	1584  	1029  	629   	374   	196   	92    	35    	14    	3     	1     	nan   	nan   	nan   	nan   

