Criação das árvores ordenadas:
n_persons	index	time        
100000   	0    	5.228550e-02
100000   	1    	6.346500e-02
100000   	2    	5.458240e-02
100000   	3    	5.557790e-02

Procura de nós nas árvores:
n_persons	index	time        
100000   	0    	5.329030e-02
100000   	1    	6.570140e-02
100000   	2    	5.729800e-02
100000   	3    	5.042710e-02

Maior profundidade das árvores:
n_persons	index	time        	depth
100000   	0    	4.364300e-03	41   
100000   	1    	4.249800e-03	36   
100000   	2    	5.195300e-03	39   
100000   	3    	4.950000e-03	43   

Número de nós em cada nível:
n_persons	index	time        	lvl0  	lvl1  	lvl2  	lvl3  	lvl4  	lvl5  	lvl6  	lvl7  	lvl8  	lvl9  	lvl10 	lvl11 	lvl12 	lvl13 	lvl14 	lvl15 	lvl16 	lvl17 	lvl18 	lvl19 	lvl20 	lvl21 	lvl22 	lvl23 	lvl24 	lvl25 	lvl26 	lvl27 	lvl28 	lvl29 	lvl30 	lvl31 	lvl32 	lvl33 	lvl34 	lvl35 	lvl36 	lvl37 	lvl38 	lvl39 	lvl40 	lvl41 	lvl42 	lvl43 
100000   	0    	3.986600e-03	1     	2     	4     	8     	16    	32    	64    	125   	235   	423   	735   	1270  	2032  	3003  	4184  	5527  	6831  	7885  	8614  	8980  	8952  	8386  	7536  	6419  	5270  	4150  	3095  	2181  	1420  	948   	604   	410   	259   	162   	119   	55    	33    	16    	6     	5     	2     	1     	nan   	nan   
100000   	1    	3.865200e-03	1     	2     	4     	8     	16    	30    	58    	113   	214   	398   	706   	1171  	1848  	2748  	3864  	5215  	6613  	7745  	8685  	9193  	9200  	8699  	7823  	6689  	5496  	4284  	3201  	2245  	1518  	952   	563   	351   	202   	82    	41    	16    	6     	nan   	nan   	nan   	nan   	nan   	nan   	nan   
100000   	2    	4.916400e-03	1     	2     	4     	8     	16    	32    	59    	117   	214   	386   	673   	1112  	1797  	2638  	3748  	4998  	6337  	7465  	8300  	8837  	9001  	8652  	7890  	6777  	5628  	4470  	3478  	2602  	1834  	1211  	753   	445   	251   	135   	76    	30    	15    	5     	2     	1     	nan   	nan   	nan   	nan   
100000   	3    	4.321900e-03	1     	2     	4     	8     	16    	32    	64    	123   	220   	385   	632   	990   	1513  	2158  	2959  	3942  	5061  	6244  	7236  	7910  	8132  	8179  	7890  	7345  	6463  	5466  	4340  	3467  	2640  	2077  	1525  	1049  	716   	444   	294   	191   	114   	72    	39    	26    	17    	11    	2     	1     

