Criação das árvores ordenadas:
n_persons	index	time        
100000   	0    	5.612320e-02
100000   	1    	6.452070e-02
100000   	2    	5.578320e-02
100000   	3    	4.751270e-02

Procura de nós nas árvores:
n_persons	index	time        
100000   	0    	6.364330e-02
100000   	1    	7.343670e-02
100000   	2    	5.879440e-02
100000   	3    	5.371400e-02

Maior profundidade das árvores:
n_persons	index	time        	depth
100000   	0    	4.366900e-03	43   
100000   	1    	4.493100e-03	43   
100000   	2    	4.867500e-03	38   
100000   	3    	5.228200e-03	46   

Número de nós em cada nível:
n_persons	index	time        	lvl0  	lvl1  	lvl2  	lvl3  	lvl4  	lvl5  	lvl6  	lvl7  	lvl8  	lvl9  	lvl10 	lvl11 	lvl12 	lvl13 	lvl14 	lvl15 	lvl16 	lvl17 	lvl18 	lvl19 	lvl20 	lvl21 	lvl22 	lvl23 	lvl24 	lvl25 	lvl26 	lvl27 	lvl28 	lvl29 	lvl30 	lvl31 	lvl32 	lvl33 	lvl34 	lvl35 	lvl36 	lvl37 	lvl38 	lvl39 	lvl40 	lvl41 	lvl42 	lvl43 	lvl44 	lvl45 	lvl46 
100000   	0    	4.063700e-03	1     	2     	4     	8     	16    	31    	57    	109   	199   	356   	599   	947   	1478  	2156  	2992  	3869  	4781  	5764  	6643  	7396  	7777  	7964  	7919  	7555  	6740  	5768  	4786  	3910  	3065  	2240  	1604  	1092  	740   	536   	354   	218   	131   	87    	50    	25    	16    	7     	4     	4     	nan   	nan   	nan   
100000   	1    	3.904600e-03	1     	2     	4     	8     	16    	30    	56    	105   	196   	345   	579   	892   	1322  	1939  	2672  	3573  	4523  	5425  	6053  	6674  	7087  	7258  	7066  	6646  	6115  	5604  	4942  	4253  	3787  	3250  	2716  	2166  	1638  	1153  	781   	489   	290   	177   	91    	39    	21    	12    	3     	1     	nan   	nan   	nan   
100000   	2    	4.417500e-03	1     	2     	4     	8     	16    	32    	64    	124   	232   	417   	713   	1161  	1777  	2595  	3535  	4538  	5503  	6417  	7114  	7689  	8023  	7929  	7832  	7161  	6402  	5486  	4415  	3465  	2603  	1839  	1196  	748   	466   	262   	130   	57    	30    	13    	1     	nan   	nan   	nan   	nan   	nan   	nan   	nan   	nan   
100000   	3    	4.812200e-03	1     	2     	4     	8     	16    	32    	60    	112   	203   	349   	617   	982   	1564  	2341  	3264  	4282  	5391  	6379  	7115  	7551  	7614  	7486  	7158  	6660  	5899  	5246  	4404  	3600  	2897  	2255  	1723  	1333  	960   	719   	557   	417   	259   	183   	119   	83    	59    	45    	28    	14    	5     	3     	1     

