Criação das árvores ordenadas:
n_persons	index	time        
100000   	0    	5.742520e-02
100000   	1    	7.079250e-02
100000   	2    	5.692880e-02
100000   	3    	4.759960e-02

Procura de nós nas árvores:
n_persons	index	time        
100000   	0    	5.597120e-02
100000   	1    	7.016520e-02
100000   	2    	5.713910e-02
100000   	3    	4.930090e-02

Maior profundidade das árvores:
n_persons	index	time        	depth
100000   	0    	6.035300e-03	39   
100000   	1    	4.832400e-03	40   
100000   	2    	5.307100e-03	40   
100000   	3    	5.238500e-03	39   

Número de nós em cada nível:
n_persons	index	time        	lvl0  	lvl1  	lvl2  	lvl3  	lvl4  	lvl5  	lvl6  	lvl7  	lvl8  	lvl9  	lvl10 	lvl11 	lvl12 	lvl13 	lvl14 	lvl15 	lvl16 	lvl17 	lvl18 	lvl19 	lvl20 	lvl21 	lvl22 	lvl23 	lvl24 	lvl25 	lvl26 	lvl27 	lvl28 	lvl29 	lvl30 	lvl31 	lvl32 	lvl33 	lvl34 	lvl35 	lvl36 	lvl37 	lvl38 	lvl39 	lvl40 
100000   	0    	4.257800e-03	1     	2     	4     	8     	16    	32    	64    	126   	239   	440   	776   	1247  	1905  	2767  	3734  	4839  	5852  	6792  	7581  	8062  	8207  	8074  	7691  	6954  	5971  	5102  	4049  	3038  	2210  	1484  	1006  	695   	444   	270   	150   	79    	47    	29    	10    	3     	nan   
100000   	1    	4.337500e-03	1     	2     	4     	8     	16    	32    	62    	120   	224   	400   	683   	1124  	1742  	2577  	3678  	4796  	5995  	7160  	8214  	8927  	9114  	8870  	8067  	7086  	5905  	4734  	3499  	2502  	1704  	1105  	686   	405   	231   	131   	73    	56    	33    	23    	8     	2     	1     
100000   	2    	4.930600e-03	1     	2     	4     	8     	16    	32    	61    	112   	201   	369   	640   	1066  	1692  	2561  	3699  	4983  	6185  	7333  	8132  	8643  	8735  	8385  	7625  	6707  	5706  	4652  	3689  	2773  	2011  	1401  	944   	644   	402   	258   	139   	103   	51    	19    	10    	4     	2     
100000   	3    	4.940500e-03	1     	2     	4     	8     	16    	32    	63    	125   	244   	445   	753   	1219  	1917  	2789  	3906  	5181  	6445  	7704  	8637  	8984  	9053  	8560  	7692  	6675  	5465  	4272  	3236  	2339  	1561  	1024  	669   	394   	229   	161   	95    	54    	30    	10    	4     	2     	nan   

