Criação das árvores ordenadas:
n_persons	index	time        
100000   	0    	5.139410e-02
100000   	1    	1.004560e-01
100000   	2    	8.435630e-02
100000   	3    	5.342740e-02

Procura de nós nas árvores:
n_persons	index	time        
100000   	0    	5.570770e-02
100000   	1    	6.028950e-02
100000   	2    	5.425570e-02
100000   	3    	4.929060e-02

Maior profundidade das árvores:
n_persons	index	time        	depth
100000   	0    	4.299100e-03	39   
100000   	1    	4.303200e-03	40   
100000   	2    	5.448300e-03	36   
100000   	3    	4.947400e-03	40   

Número de nós em cada nível:
n_persons	index	time        	lvl0  	lvl1  	lvl2  	lvl3  	lvl4  	lvl5  	lvl6  	lvl7  	lvl8  	lvl9  	lvl10 	lvl11 	lvl12 	lvl13 	lvl14 	lvl15 	lvl16 	lvl17 	lvl18 	lvl19 	lvl20 	lvl21 	lvl22 	lvl23 	lvl24 	lvl25 	lvl26 	lvl27 	lvl28 	lvl29 	lvl30 	lvl31 	lvl32 	lvl33 	lvl34 	lvl35 	lvl36 	lvl37 	lvl38 	lvl39 	lvl40 
100000   	0    	3.852200e-03	1     	2     	4     	8     	16    	31    	51    	97    	184   	340   	602   	1021  	1546  	2298  	3320  	4504  	5951  	7211  	8234  	8913  	9173  	9069  	8382  	7520  	6338  	4929  	3616  	2593  	1718  	1067  	611   	315   	162   	84    	39    	22    	11    	8     	5     	4     	nan   
100000   	1    	4.258800e-03	1     	2     	4     	8     	16    	32    	64    	121   	228   	426   	747   	1225  	1899  	2780  	3833  	5067  	6450  	7653  	8540  	8911  	8778  	8079  	7223  	6376  	5311  	4419  	3498  	2641  	1879  	1375  	992   	601   	365   	215   	116   	62    	33    	15    	7     	6     	2     
100000   	2    	5.535700e-03	1     	2     	4     	8     	16    	32    	64    	128   	243   	431   	745   	1224  	1941  	2931  	4136  	5572  	7032  	8369  	9347  	9666  	9410  	8676  	7682  	6452  	5159  	3914  	2767  	1772  	1043  	597   	314   	169   	82    	38    	15    	12    	6     	nan   	nan   	nan   	nan   
100000   	3    	4.450300e-03	1     	2     	4     	8     	16    	32    	62    	108   	192   	323   	500   	773   	1164  	1749  	2498  	3462  	4612  	5764  	6904  	7935  	8533  	8786  	8703  	8082  	7237  	6135  	5034  	3914  	2754  	1832  	1208  	732   	458   	245   	124   	59    	29    	16    	6     	3     	1     

