Criação das árvores ordenadas:
n_persons	index	time        
100000   	0    	5.356760e-02
100000   	1    	6.266780e-02
100000   	2    	5.453350e-02
100000   	3    	7.775550e-02

Procura de nós nas árvores:
n_persons	index	time        
100000   	0    	8.168280e-02
100000   	1    	6.879720e-02
100000   	2    	5.766780e-02
100000   	3    	5.284930e-02

Maior profundidade das árvores:
n_persons	index	time        	depth
100000   	0    	5.031300e-03	37   
100000   	1    	5.997800e-03	39   
100000   	2    	6.441300e-03	40   
100000   	3    	6.232400e-03	36   

Número de nós em cada nível:
n_persons	index	time        	lvl0  	lvl1  	lvl2  	lvl3  	lvl4  	lvl5  	lvl6  	lvl7  	lvl8  	lvl9  	lvl10 	lvl11 	lvl12 	lvl13 	lvl14 	lvl15 	lvl16 	lvl17 	lvl18 	lvl19 	lvl20 	lvl21 	lvl22 	lvl23 	lvl24 	lvl25 	lvl26 	lvl27 	lvl28 	lvl29 	lvl30 	lvl31 	lvl32 	lvl33 	lvl34 	lvl35 	lvl36 	lvl37 	lvl38 	lvl39 	lvl40 
100000   	0    	4.148900e-03	1     	2     	4     	8     	16    	32    	62    	122   	230   	424   	761   	1286  	2047  	3073  	4366  	5680  	7032  	8228  	9151  	9458  	9315  	8609  	7518  	6278  	5020  	3725  	2675  	1854  	1216  	782   	466   	272   	151   	73    	40    	17    	5     	1     	nan   	nan   	nan   
100000   	1    	4.222000e-03	1     	2     	4     	8     	16    	31    	57    	108   	196   	320   	521   	841   	1277  	1982  	2865  	3997  	5305  	6610  	7833  	8665  	9050  	8860  	8182  	7337  	6153  	4980  	3910  	3008  	2369  	1865  	1385  	896   	590   	378   	203   	109   	51    	26    	8     	1     	nan   
100000   	2    	4.508700e-03	1     	2     	4     	8     	16    	32    	64    	125   	233   	426   	712   	1122  	1710  	2490  	3448  	4530  	5755  	6952  	7913  	8672  	8992  	8880  	8220  	7274  	6063  	4848  	3693  	2718  	1861  	1275  	838   	507   	288   	165   	71    	40    	29    	15    	6     	1     	1     
100000   	3    	4.640900e-03	1     	2     	4     	8     	16    	32    	64    	123   	234   	427   	737   	1235  	1939  	2897  	4088  	5462  	6872  	8134  	9062  	9586  	9460  	8803  	7941  	6562  	5181  	3909  	2743  	1839  	1175  	699   	396   	202   	97    	45    	18    	6     	1     	nan   	nan   	nan   	nan   

