Criação das árvores ordenadas:
n_persons	index	time        
100000   	0    	5.133400e-02
100000   	1    	6.545970e-02
100000   	2    	5.552520e-02
100000   	3    	4.689520e-02

Procura de nós nas árvores:
n_persons	index	time        
100000   	0    	5.666020e-02
100000   	1    	6.317420e-02
100000   	2    	6.014250e-02
100000   	3    	6.315130e-02

Maior profundidade das árvores:
n_persons	index	time        	depth
100000   	0    	4.594600e-03	40   
100000   	1    	5.544400e-03	37   
100000   	2    	5.002300e-03	41   
100000   	3    	5.239600e-03	40   

Número de nós em cada nível:
n_persons	index	time        	lvl0  	lvl1  	lvl2  	lvl3  	lvl4  	lvl5  	lvl6  	lvl7  	lvl8  	lvl9  	lvl10 	lvl11 	lvl12 	lvl13 	lvl14 	lvl15 	lvl16 	lvl17 	lvl18 	lvl19 	lvl20 	lvl21 	lvl22 	lvl23 	lvl24 	lvl25 	lvl26 	lvl27 	lvl28 	lvl29 	lvl30 	lvl31 	lvl32 	lvl33 	lvl34 	lvl35 	lvl36 	lvl37 	lvl38 	lvl39 	lvl40 	lvl41 
100000   	0    	4.386400e-03	1     	2     	4     	8     	16    	32    	61    	117   	217   	394   	682   	1122  	1730  	2541  	3508  	4619  	5761  	6914  	7747  	8342  	8640  	8653  	8137  	7305  	6173  	5009  	3859  	2928  	2065  	1345  	871   	524   	298   	171   	96    	62    	28    	11    	4     	2     	1     	nan   
100000   	1    	4.094500e-03	1     	2     	4     	8     	16    	32    	64    	128   	250   	463   	815   	1357  	2118  	3087  	4248  	5488  	6732  	7909  	8765  	9254  	9159  	8618  	7684  	6437  	5184  	3934  	2844  	2046  	1343  	843   	510   	307   	190   	92    	37    	21    	7     	3     	nan   	nan   	nan   	nan   
100000   	2    	5.880000e-03	1     	2     	4     	8     	16    	32    	64    	119   	205   	343   	558   	887   	1303  	1831  	2540  	3272  	4174  	5206  	6299  	7179  	7984  	8536  	8629  	8174  	7393  	6307  	5239  	4160  	3220  	2364  	1626  	1033  	602   	328   	167   	90    	52    	32    	14    	4     	2     	1     
100000   	3    	5.577300e-03	1     	2     	4     	8     	16    	31    	61    	119   	220   	393   	670   	1053  	1626  	2380  	3350  	4482  	5598  	6783  	7752  	8472  	8737  	8628  	8108  	7294  	6257  	5038  	3896  	2896  	2138  	1477  	999   	659   	393   	240   	124   	57    	22    	9     	4     	2     	1     	nan   

