Criação das árvores ordenadas:
n_persons	index	time        
100000   	0    	5.210420e-02
100000   	1    	6.895620e-02
100000   	2    	5.607220e-02
100000   	3    	4.651780e-02

Procura de nós nas árvores:
n_persons	index	time        
100000   	0    	5.715860e-02
100000   	1    	6.166310e-02
100000   	2    	5.734550e-02
100000   	3    	4.971890e-02

Maior profundidade das árvores:
n_persons	index	time        	depth
100000   	0    	4.345300e-03	38   
100000   	1    	4.604700e-03	38   
100000   	2    	5.937300e-03	40   
100000   	3    	4.921000e-03	38   

Número de nós em cada nível:
n_persons	index	time        	lvl0  	lvl1  	lvl2  	lvl3  	lvl4  	lvl5  	lvl6  	lvl7  	lvl8  	lvl9  	lvl10 	lvl11 	lvl12 	lvl13 	lvl14 	lvl15 	lvl16 	lvl17 	lvl18 	lvl19 	lvl20 	lvl21 	lvl22 	lvl23 	lvl24 	lvl25 	lvl26 	lvl27 	lvl28 	lvl29 	lvl30 	lvl31 	lvl32 	lvl33 	lvl34 	lvl35 	lvl36 	lvl37 	lvl38 	lvl39 	lvl40 
100000   	0    	4.291600e-03	1     	2     	4     	8     	16    	32    	63    	119   	222   	425   	770   	1325  	2114  	3236  	4536  	5905  	7216  	8287  	8905  	9268  	8949  	8284  	7415  	6216  	4916  	3723  	2753  	1924  	1273  	825   	511   	336   	203   	103   	54    	38    	15    	4     	4     	nan   	nan   
100000   	1    	3.890900e-03	1     	2     	4     	8     	16    	31    	62    	122   	223   	395   	683   	1099  	1686  	2461  	3446  	4582  	5699  	6717  	7680  	8450  	8823  	8671  	8063  	7246  	6095  	4901  	3781  	2839  	2076  	1544  	1029  	663   	422   	230   	122   	65    	41    	17    	5     	nan   	nan   
100000   	2    	4.656400e-03	1     	2     	4     	8     	16    	32    	60    	116   	213   	392   	681   	1147  	1817  	2721  	3776  	4910  	6026  	7200  	8020  	8653  	8764  	8497  	7934  	7091  	6004  	4788  	3643  	2633  	1757  	1150  	758   	464   	290   	182   	113   	68    	38    	22    	7     	1     	1     
100000   	3    	4.366300e-03	1     	2     	4     	8     	16    	32    	64    	126   	244   	454   	790   	1329  	2121  	3160  	4399  	5838  	7270  	8470  	9314  	9624  	9274  	8541  	7405  	6125  	4777  	3666  	2630  	1717  	1082  	678   	391   	219   	126   	54    	26    	12    	7     	3     	1     	nan   	nan   

