Criação das árvores ordenadas:
n_persons	index	time        
100000   	0    	5.099130e-02
100000   	1    	6.144110e-02
100000   	2    	5.560800e-02
100000   	3    	4.994160e-02

Procura de nós nas árvores:
n_persons	index	time        
100000   	0    	5.494030e-02
100000   	1    	7.231030e-02
100000   	2    	6.216230e-02
100000   	3    	4.800940e-02

Maior profundidade das árvores:
n_persons	index	time        	depth
100000   	0    	5.435700e-03	35   
100000   	1    	4.927700e-03	41   
100000   	2    	4.968400e-03	40   
100000   	3    	4.875600e-03	38   

Número de nós em cada nível:
n_persons	index	time        	lvl0  	lvl1  	lvl2  	lvl3  	lvl4  	lvl5  	lvl6  	lvl7  	lvl8  	lvl9  	lvl10 	lvl11 	lvl12 	lvl13 	lvl14 	lvl15 	lvl16 	lvl17 	lvl18 	lvl19 	lvl20 	lvl21 	lvl22 	lvl23 	lvl24 	lvl25 	lvl26 	lvl27 	lvl28 	lvl29 	lvl30 	lvl31 	lvl32 	lvl33 	lvl34 	lvl35 	lvl36 	lvl37 	lvl38 	lvl39 	lvl40 	lvl41 
100000   	0    	3.993400e-03	1     	2     	4     	8     	16    	31    	60    	118   	230   	436   	759   	1301  	2091  	3209  	4492  	5983  	7492  	8715  	9557  	9916  	9599  	8699  	7499  	6009  	4622  	3370  	2341  	1521  	915   	518   	268   	133   	55    	20    	7     	3     	nan   	nan   	nan   	nan   	nan   	nan   
100000   	1    	4.336100e-03	1     	2     	4     	8     	16    	32    	61    	115   	218   	377   	641   	1025  	1590  	2318  	3255  	4371  	5618  	6951  	8092  	8849  	9141  	9030  	8450  	7601  	6399  	5062  	3745  	2643  	1704  	1101  	667   	417   	237   	132   	72    	29    	11    	6     	4     	2     	2     	1     
100000   	2    	4.336200e-03	1     	2     	4     	8     	16    	32    	63    	123   	231   	432   	743   	1216  	1846  	2641  	3573  	4578  	5647  	6674  	7489  	8216  	8574  	8415  	7923  	7153  	6097  	5076  	4050  	3046  	2148  	1458  	978   	633   	418   	245   	129   	56    	35    	17    	9     	4     	1     	nan   
100000   	3    	4.733600e-03	1     	2     	4     	8     	16    	32    	64    	127   	244   	445   	783   	1282  	1976  	2841  	3830  	4934  	5993  	6924  	7647  	8237  	8466  	8186  	7617  	6874  	5963  	4954  	3918  	2893  	2072  	1414  	928   	599   	346   	196   	94    	45    	28    	14    	3     	nan   	nan   	nan   

