Criação das árvores ordenadas:
n_persons	index	time        
100000   	0    	5.317350e-02
100000   	1    	6.304170e-02
100000   	2    	5.741670e-02
100000   	3    	4.951610e-02

Procura de nós nas árvores:
n_persons	index	time        
100000   	0    	5.422430e-02
100000   	1    	7.013730e-02
100000   	2    	6.656940e-02
100000   	3    	4.951880e-02

Maior profundidade das árvores:
n_persons	index	time        	depth
100000   	0    	4.601200e-03	37   
100000   	1    	4.640800e-03	38   
100000   	2    	4.854600e-03	43   
100000   	3    	5.061600e-03	39   

Número de nós em cada nível:
n_persons	index	time        	lvl0  	lvl1  	lvl2  	lvl3  	lvl4  	lvl5  	lvl6  	lvl7  	lvl8  	lvl9  	lvl10 	lvl11 	lvl12 	lvl13 	lvl14 	lvl15 	lvl16 	lvl17 	lvl18 	lvl19 	lvl20 	lvl21 	lvl22 	lvl23 	lvl24 	lvl25 	lvl26 	lvl27 	lvl28 	lvl29 	lvl30 	lvl31 	lvl32 	lvl33 	lvl34 	lvl35 	lvl36 	lvl37 	lvl38 	lvl39 	lvl40 	lvl41 	lvl42 	lvl43 
100000   	0    	3.928900e-03	1     	2     	4     	8     	16    	32    	62    	116   	207   	349   	579   	943   	1482  	2210  	3181  	4374  	5710  	7141  	8484  	9392  	9697  	9328  	8523  	7352  	6046  	4634  	3537  	2568  	1692  	1113  	620   	323   	157   	72    	28    	11    	3     	3     	nan   	nan   	nan   	nan   	nan   	nan   
100000   	1    	4.306200e-03	1     	2     	4     	8     	16    	32    	62    	115   	216   	374   	627   	1027  	1607  	2374  	3366  	4522  	5800  	7056  	8279  	9066  	9426  	9299  	8449  	7469  	6191  	4874  	3508  	2470  	1582  	947   	596   	314   	169   	85    	37    	13    	11    	5     	1     	nan   	nan   	nan   	nan   	nan   
100000   	2    	4.486700e-03	1     	2     	4     	8     	16    	32    	64    	123   	229   	423   	746   	1230  	1929  	2838  	3930  	5056  	6275  	7463  	8467  	8960  	8986  	8576  	7853  	6808  	5540  	4386  	3340  	2354  	1670  	1109  	676   	416   	231   	121   	62    	36    	19    	5     	3     	4     	3     	2     	2     	2     
100000   	3    	4.576200e-03	1     	2     	4     	8     	16    	32    	64    	127   	243   	442   	767   	1285  	1979  	2877  	3939  	5109  	6234  	7270  	8030  	8579  	8501  	8177  	7514  	6637  	5623  	4667  	3708  	2737  	1958  	1387  	879   	531   	321   	178   	91    	50    	20    	7     	5     	1     	nan   	nan   	nan   	nan   

