Criação das árvores ordenadas:
n_persons	index	time        
100000   	0    	5.161940e-02
100000   	1    	6.190710e-02
100000   	2    	5.808850e-02
100000   	3    	4.822070e-02

Procura de nós nas árvores:
n_persons	index	time        
100000   	0    	5.479310e-02
100000   	1    	6.886540e-02
100000   	2    	5.888930e-02
100000   	3    	6.098410e-02

Maior profundidade das árvores:
n_persons	index	time        	depth
100000   	0    	4.755600e-03	39   
100000   	1    	5.065700e-03	38   
100000   	2    	5.098300e-03	40   
100000   	3    	5.272300e-03	38   

Número de nós em cada nível:
n_persons	index	time        	lvl0  	lvl1  	lvl2  	lvl3  	lvl4  	lvl5  	lvl6  	lvl7  	lvl8  	lvl9  	lvl10 	lvl11 	lvl12 	lvl13 	lvl14 	lvl15 	lvl16 	lvl17 	lvl18 	lvl19 	lvl20 	lvl21 	lvl22 	lvl23 	lvl24 	lvl25 	lvl26 	lvl27 	lvl28 	lvl29 	lvl30 	lvl31 	lvl32 	lvl33 	lvl34 	lvl35 	lvl36 	lvl37 	lvl38 	lvl39 	lvl40 
100000   	0    	4.019900e-03	1     	2     	4     	8     	16    	31    	62    	120   	221   	410   	720   	1167  	1775  	2572  	3535  	4668  	5763  	6753  	7555  	7951  	8096  	7948  	7539  	6915  	6097  	5141  	4145  	3254  	2475  	1802  	1233  	813   	526   	314   	179   	97    	52    	27    	10    	3     	nan   
100000   	1    	3.892600e-03	1     	2     	4     	8     	16    	32    	64    	126   	236   	437   	775   	1314  	2094  	3126  	4388  	5861  	7248  	8502  	9287  	9542  	9302  	8565  	7464  	6073  	4681  	3521  	2552  	1841  	1244  	741   	450   	263   	119   	50    	31    	22    	11    	5     	2     	nan   	nan   
100000   	2    	4.359600e-03	1     	2     	4     	8     	16    	32    	60    	110   	208   	378   	654   	1071  	1622  	2346  	3179  	4025  	4982  	5844  	6592  	7059  	7489  	7589  	7513  	7080  	6480  	5795  	4959  	4030  	3197  	2449  	1815  	1292  	891   	584   	329   	168   	75    	41    	18    	11    	2     
100000   	3    	4.234100e-03	1     	2     	4     	8     	16    	32    	64    	121   	232   	410   	695   	1127  	1784  	2683  	3819  	5021  	6286  	7463  	8333  	8921  	9042  	8737  	8011  	6974  	5793  	4417  	3276  	2320  	1614  	1084  	702   	435   	262   	148   	86    	45    	21    	9     	2     	nan   	nan   

