Criação das árvores ordenadas:
n_persons	index	time        
100000   	0    	8.890530e-02
100000   	1    	7.315410e-02
100000   	2    	5.488390e-02
100000   	3    	4.707370e-02

Procura de nós nas árvores:
n_persons	index	time        
100000   	0    	5.186720e-02
100000   	1    	5.835270e-02
100000   	2    	5.473570e-02
100000   	3    	5.006340e-02

Maior profundidade das árvores:
n_persons	index	time        	depth
100000   	0    	4.650000e-03	41   
100000   	1    	4.422400e-03	42   
100000   	2    	4.888500e-03	36   
100000   	3    	4.872600e-03	45   

Número de nós em cada nível:
n_persons	index	time        	lvl0  	lvl1  	lvl2  	lvl3  	lvl4  	lvl5  	lvl6  	lvl7  	lvl8  	lvl9  	lvl10 	lvl11 	lvl12 	lvl13 	lvl14 	lvl15 	lvl16 	lvl17 	lvl18 	lvl19 	lvl20 	lvl21 	lvl22 	lvl23 	lvl24 	lvl25 	lvl26 	lvl27 	lvl28 	lvl29 	lvl30 	lvl31 	lvl32 	lvl33 	lvl34 	lvl35 	lvl36 	lvl37 	lvl38 	lvl39 	lvl40 	lvl41 	lvl42 	lvl43 	lvl44 	lvl45 
100000   	0    	4.188700e-03	1     	2     	4     	8     	16    	32    	63    	116   	205   	359   	609   	983   	1530  	2291  	3227  	4234  	5236  	6311  	7236  	7775  	8008  	7851  	7472  	6900  	6158  	5239  	4404  	3606  	2879  	2251  	1713  	1190  	817   	519   	332   	204   	116   	58    	27    	15    	2     	1     	nan   	nan   	nan   	nan   
100000   	1    	3.896400e-03	1     	2     	4     	8     	16    	32    	62    	123   	228   	398   	647   	1079  	1648  	2475  	3487  	4640  	5922  	6917  	7818  	8454  	8700  	8523  	7948  	7252  	6219  	4993  	3963  	2968  	2013  	1344  	856   	551   	324   	185   	93    	46    	29    	17    	8     	3     	2     	1     	1     	nan   	nan   	nan   
100000   	2    	4.305800e-03	1     	2     	4     	8     	16    	32    	64    	127   	241   	439   	770   	1277  	1990  	2955  	4197  	5593  	6985  	8282  	9262  	9718  	9569  	8908  	7735  	6274  	4889  	3683  	2550  	1752  	1106  	676   	400   	229   	122   	74    	42    	21    	7     	nan   	nan   	nan   	nan   	nan   	nan   	nan   	nan   	nan   
100000   	3    	4.588500e-03	1     	2     	4     	8     	16    	32    	63    	122   	226   	401   	675   	1116  	1785  	2614  	3574  	4698  	5677  	6550  	7313  	7924  	8211  	8119  	7782  	7034  	6162  	5162  	4168  	3216  	2338  	1586  	1088  	705   	483   	339   	238   	181   	139   	83    	61    	43    	25    	13    	10    	7     	4     	2     

