Criação das árvores ordenadas:
n_persons	index	time        
100000   	0    	5.749880e-02
100000   	1    	6.183310e-02
100000   	2    	5.677160e-02
100000   	3    	5.088710e-02

Procura de nós nas árvores:
n_persons	index	time        
100000   	0    	5.501050e-02
100000   	1    	6.052060e-02
100000   	2    	5.670150e-02
100000   	3    	5.208440e-02

Maior profundidade das árvores:
n_persons	index	time        	depth
100000   	0    	4.660500e-03	39   
100000   	1    	4.693100e-03	38   
100000   	2    	5.344300e-03	39   
100000   	3    	4.923300e-03	38   

Número de nós em cada nível:
n_persons	index	time        	lvl0  	lvl1  	lvl2  	lvl3  	lvl4  	lvl5  	lvl6  	lvl7  	lvl8  	lvl9  	lvl10 	lvl11 	lvl12 	lvl13 	lvl14 	lvl15 	lvl16 	lvl17 	lvl18 	lvl19 	lvl20 	lvl21 	lvl22 	lvl23 	lvl24 	lvl25 	lvl26 	lvl27 	lvl28 	lvl29 	lvl30 	lvl31 	lvl32 	lvl33 	lvl34 	lvl35 	lvl36 	lvl37 	lvl38 	lvl39 
100000   	0    	4.012200e-03	1     	2     	4     	8     	16    	32    	64    	124   	232   	419   	749   	1245  	1967  	2865  	3950  	5088  	6262  	7290  	7938  	8468  	8636  	8345  	7803  	6991  	5881  	4691  	3605  	2568  	1789  	1161  	720   	476   	268   	161   	98    	52    	24    	5     	1     	1     
100000   	1    	3.977000e-03	1     	2     	4     	8     	16    	31    	57    	111   	198   	351   	617   	1010  	1631  	2438  	3505  	4734  	6064  	7436  	8580  	9461  	9681  	9355  	8516  	7391  	5945  	4368  	3110  	2073  	1317  	836   	517   	292   	171   	91    	54    	19    	6     	2     	1     	nan   
100000   	2    	4.822700e-03	1     	2     	4     	8     	16    	32    	62    	123   	233   	427   	748   	1244  	1964  	2941  	4101  	5401  	6657  	7740  	8557  	8967  	8974  	8545  	7779  	6609  	5310  	4123  	3112  	2215  	1521  	993   	654   	417   	231   	141   	79    	37    	16    	9     	4     	3     
100000   	3    	4.428700e-03	1     	2     	4     	8     	16    	32    	62    	124   	239   	439   	776   	1269  	2012  	2984  	4218  	5460  	6685  	7765  	8538  	8795  	8680  	8288  	7552  	6451  	5248  	4172  	3251  	2381  	1710  	1111  	700   	460   	267   	133   	79    	44    	28    	12    	4     	nan   

