Criação das árvores ordenadas:
n_persons	index	time        
100000   	0    	5.815100e-02
100000   	1    	6.882000e-02
100000   	2    	5.920690e-02
100000   	3    	4.681560e-02

Procura de nós nas árvores:
n_persons	index	time        
100000   	0    	5.659910e-02
100000   	1    	6.955730e-02
100000   	2    	5.380990e-02
100000   	3    	5.050410e-02

Maior profundidade das árvores:
n_persons	index	time        	depth
100000   	0    	4.486200e-03	43   
100000   	1    	4.732600e-03	38   
100000   	2    	5.106300e-03	39   
100000   	3    	4.826800e-03	38   

Número de nós em cada nível:
n_persons	index	time        	lvl0  	lvl1  	lvl2  	lvl3  	lvl4  	lvl5  	lvl6  	lvl7  	lvl8  	lvl9  	lvl10 	lvl11 	lvl12 	lvl13 	lvl14 	lvl15 	lvl16 	lvl17 	lvl18 	lvl19 	lvl20 	lvl21 	lvl22 	lvl23 	lvl24 	lvl25 	lvl26 	lvl27 	lvl28 	lvl29 	lvl30 	lvl31 	lvl32 	lvl33 	lvl34 	lvl35 	lvl36 	lvl37 	lvl38 	lvl39 	lvl40 	lvl41 	lvl42 	lvl43 
100000   	0    	4.165400e-03	1     	2     	4     	8     	16    	32    	63    	123   	229   	411   	673   	1055  	1587  	2234  	2924  	3544  	4226  	4831  	5364  	5856  	6310  	6591  	6746  	6753  	6682  	6323  	5803  	5093  	4281  	3469  	2651  	2029  	1486  	1060  	665   	374   	216   	138   	66    	35    	17    	13    	12    	4     
100000   	1    	4.345200e-03	1     	2     	4     	8     	16    	31    	62    	119   	228   	416   	730   	1158  	1772  	2584  	3603  	4688  	5822  	6973  	8005  	8690  	8972  	8860  	8224  	7364  	6221  	4926  	3814  	2655  	1706  	1052  	636   	361   	168   	85    	35    	5     	2     	1     	1     	nan   	nan   	nan   	nan   	nan   
100000   	2    	4.691600e-03	1     	2     	4     	8     	16    	31    	61    	113   	199   	322   	531   	823   	1254  	1832  	2596  	3558  	4648  	5826  	7006  	8068  	8714  	8863  	8667  	8056  	7177  	5998  	4888  	3656  	2656  	1780  	1134  	667   	398   	229   	129   	54    	22    	5     	5     	3     	nan   	nan   	nan   	nan   
100000   	3    	4.523700e-03	1     	2     	4     	8     	16    	32    	60    	115   	210   	388   	686   	1142  	1816  	2682  	3815  	5115  	6380  	7700  	8574  	9043  	9155  	8672  	7883  	6909  	5667  	4429  	3247  	2177  	1532  	1013  	637   	401   	228   	132   	68    	39    	15    	5     	2     	nan   	nan   	nan   	nan   	nan   

