Criação das árvores ordenadas:
n_persons	index	time        
100000   	0    	5.128930e-02
100000   	1    	6.859890e-02
100000   	2    	5.808280e-02
100000   	3    	5.115850e-02

Procura de nós nas árvores:
n_persons	index	time        
100000   	0    	6.233390e-02
100000   	1    	6.016580e-02
100000   	2    	5.623570e-02
100000   	3    	5.127270e-02

Maior profundidade das árvores:
n_persons	index	time        	depth
100000   	0    	4.354000e-03	38   
100000   	1    	5.248300e-03	39   
100000   	2    	5.589100e-03	40   
100000   	3    	5.818100e-03	38   

Número de nós em cada nível:
n_persons	index	time        	lvl0  	lvl1  	lvl2  	lvl3  	lvl4  	lvl5  	lvl6  	lvl7  	lvl8  	lvl9  	lvl10 	lvl11 	lvl12 	lvl13 	lvl14 	lvl15 	lvl16 	lvl17 	lvl18 	lvl19 	lvl20 	lvl21 	lvl22 	lvl23 	lvl24 	lvl25 	lvl26 	lvl27 	lvl28 	lvl29 	lvl30 	lvl31 	lvl32 	lvl33 	lvl34 	lvl35 	lvl36 	lvl37 	lvl38 	lvl39 	lvl40 
100000   	0    	5.728500e-03	1     	2     	4     	8     	16    	32    	64    	127   	241   	452   	814   	1350  	2138  	3185  	4429  	5872  	7224  	8463  	9231  	9566  	9346  	8612  	7441  	6166  	4837  	3492  	2460  	1594  	1059  	659   	445   	280   	167   	97    	60    	37    	19    	9     	1     	nan   	nan   
100000   	1    	5.049900e-03	1     	2     	4     	8     	16    	32    	64    	119   	227   	411   	707   	1155  	1789  	2602  	3651  	4923  	6164  	7323  	8242  	8803  	9073  	8808  	8033  	6977  	5908  	4633  	3426  	2451  	1677  	1118  	667   	415   	256   	146   	80    	45    	27    	11    	4     	2     	nan   
100000   	2    	5.033900e-03	1     	2     	4     	8     	16    	32    	62    	123   	232   	425   	739   	1226  	1932  	2814  	3913  	5117  	6263  	7268  	7928  	8285  	8245  	7947  	7420  	6659  	5829  	4779  	3806  	2943  	2168  	1523  	994   	560   	339   	190   	101   	52    	27    	17    	6     	4     	1     
100000   	3    	5.237900e-03	1     	2     	4     	8     	16    	32    	64    	124   	239   	443   	810   	1348  	2137  	3165  	4417  	5830  	7210  	8283  	8893  	9142  	8899  	8240  	7293  	6270  	4983  	3806  	2838  	1988  	1340  	858   	550   	351   	214   	112   	46    	24    	13    	4     	3     	nan   	nan   

