Criação das árvores ordenadas:
n_persons	index	time        
100000   	0    	5.355640e-02
100000   	1    	6.537950e-02
100000   	2    	5.634450e-02
100000   	3    	4.630490e-02

Procura de nós nas árvores:
n_persons	index	time        
100000   	0    	5.279350e-02
100000   	1    	6.094590e-02
100000   	2    	5.823930e-02
100000   	3    	5.168210e-02

Maior profundidade das árvores:
n_persons	index	time        	depth
100000   	0    	4.685500e-03	38   
100000   	1    	4.412900e-03	45   
100000   	2    	5.531200e-03	39   
100000   	3    	4.865500e-03	38   

Número de nós em cada nível:
n_persons	index	time        	lvl0  	lvl1  	lvl2  	lvl3  	lvl4  	lvl5  	lvl6  	lvl7  	lvl8  	lvl9  	lvl10 	lvl11 	lvl12 	lvl13 	lvl14 	lvl15 	lvl16 	lvl17 	lvl18 	lvl19 	lvl20 	lvl21 	lvl22 	lvl23 	lvl24 	lvl25 	lvl26 	lvl27 	lvl28 	lvl29 	lvl30 	lvl31 	lvl32 	lvl33 	lvl34 	lvl35 	lvl36 	lvl37 	lvl38 	lvl39 	lvl40 	lvl41 	lvl42 	lvl43 	lvl44 	lvl45 
100000   	0    	3.853100e-03	1     	2     	4     	8     	16    	32    	62    	121   	223   	410   	709   	1194  	1871  	2786  	3866  	5013  	6182  	7120  	7837  	8416  	8591  	8337  	7762  	6886  	5774  	4624  	3663  	2735  	2036  	1412  	920   	587   	354   	197   	133   	67    	35    	12    	2     	nan   	nan   	nan   	nan   	nan   	nan   	nan   
100000   	1    	3.970700e-03	1     	2     	4     	8     	16    	32    	63    	124   	234   	395   	667   	1082  	1646  	2403  	3243  	4199  	5220  	6156  	6901  	7515  	7744  	7796  	7517  	6844  	6142  	5332  	4486  	3563  	2764  	2156  	1641  	1252  	884   	633   	452   	329   	210   	123   	74    	43    	28    	29    	22    	14    	8     	3     
100000   	2    	4.803500e-03	1     	2     	4     	8     	16    	32    	64    	124   	232   	422   	739   	1201  	1888  	2752  	3792  	5051  	6366  	7540  	8559  	9195  	9304  	8938  	8203  	7013  	5666  	4310  	3145  	2186  	1379  	851   	475   	275   	143   	65    	29    	14    	9     	3     	3     	1     	nan   	nan   	nan   	nan   	nan   	nan   
100000   	3    	4.530900e-03	1     	2     	4     	8     	16    	32    	63    	122   	232   	422   	739   	1224  	1909  	2751  	3746  	4890  	6046  	6959  	7606  	8059  	8302  	8087  	7426  	6881  	6137  	5089  	4124  	3096  	2269  	1499  	983   	619   	329   	167   	97    	49    	10    	4     	1     	nan   	nan   	nan   	nan   	nan   	nan   	nan   

