Criação das árvores ordenadas:
n_persons	index	time        
100000   	0    	7.389660e-02
100000   	1    	8.073120e-02
100000   	2    	9.320510e-02
100000   	3    	7.376450e-02

Procura de nós nas árvores:
n_persons	index	time        
100000   	0    	7.330360e-02
100000   	1    	8.689610e-02
100000   	2    	6.739820e-02
100000   	3    	5.929020e-02

Maior profundidade das árvores:
n_persons	index	time        	depth
100000   	0    	5.009000e-03	41   
100000   	1    	4.419000e-03	43   
100000   	2    	6.823900e-03	38   
100000   	3    	5.553100e-03	38   

Número de nós em cada nível:
n_persons	index	time        	lvl0  	lvl1  	lvl2  	lvl3  	lvl4  	lvl5  	lvl6  	lvl7  	lvl8  	lvl9  	lvl10 	lvl11 	lvl12 	lvl13 	lvl14 	lvl15 	lvl16 	lvl17 	lvl18 	lvl19 	lvl20 	lvl21 	lvl22 	lvl23 	lvl24 	lvl25 	lvl26 	lvl27 	lvl28 	lvl29 	lvl30 	lvl31 	lvl32 	lvl33 	lvl34 	lvl35 	lvl36 	lvl37 	lvl38 	lvl39 	lvl40 	lvl41 	lvl42 	lvl43 
100000   	0    	4.120400e-03	1     	2     	4     	8     	16    	32    	61    	118   	223   	386   	646   	1069  	1625  	2338  	3173  	4164  	5185  	6182  	7000  	7634  	7928  	7894  	7642  	7099  	6448  	5615  	4700  	3742  	2834  	2115  	1469  	1008  	653   	408   	255   	158   	74    	46    	25    	15    	4     	1     	nan   	nan   
100000   	1    	4.360500e-03	1     	2     	4     	8     	16    	32    	64    	124   	232   	427   	766   	1286  	2014  	2969  	4091  	5293  	6602  	7713  	8510  	8854  	8756  	8189  	7398  	6309  	5292  	4340  	3330  	2477  	1780  	1165  	746   	488   	312   	191   	118   	54    	24    	10    	4     	3     	2     	1     	1     	2     
100000   	2    	5.365100e-03	1     	2     	4     	8     	16    	32    	64    	120   	229   	406   	697   	1151  	1794  	2644  	3630  	4827  	6184  	7323  	8177  	8717  	8804  	8547  	7894  	7027  	5985  	4893  	3785  	2636  	1754  	1113  	681   	416   	228   	118   	55    	26    	9     	2     	1     	nan   	nan   	nan   	nan   	nan   
100000   	3    	4.770600e-03	1     	2     	4     	8     	16    	32    	62    	117   	216   	389   	680   	1127  	1731  	2535  	3604  	4787  	6114  	7295  	8278  	8900  	9111  	8819  	8083  	7097  	5919  	4672  	3477  	2430  	1656  	1089  	684   	449   	294   	165   	97    	38    	15    	4     	3     	nan   	nan   	nan   	nan   	nan   

