Criação das árvores ordenadas:
n_persons	index	time        
100000   	0    	5.099450e-02
100000   	1    	6.365380e-02
100000   	2    	5.489180e-02
100000   	3    	5.023960e-02

Procura de nós nas árvores:
n_persons	index	time        
100000   	0    	5.480610e-02
100000   	1    	6.514140e-02
100000   	2    	5.646200e-02
100000   	3    	5.367820e-02

Maior profundidade das árvores:
n_persons	index	time        	depth
100000   	0    	4.359200e-03	41   
100000   	1    	4.504000e-03	37   
100000   	2    	5.217100e-03	39   
100000   	3    	4.929000e-03	38   

Número de nós em cada nível:
n_persons	index	time        	lvl0  	lvl1  	lvl2  	lvl3  	lvl4  	lvl5  	lvl6  	lvl7  	lvl8  	lvl9  	lvl10 	lvl11 	lvl12 	lvl13 	lvl14 	lvl15 	lvl16 	lvl17 	lvl18 	lvl19 	lvl20 	lvl21 	lvl22 	lvl23 	lvl24 	lvl25 	lvl26 	lvl27 	lvl28 	lvl29 	lvl30 	lvl31 	lvl32 	lvl33 	lvl34 	lvl35 	lvl36 	lvl37 	lvl38 	lvl39 	lvl40 	lvl41 
100000   	0    	4.011200e-03	1     	2     	4     	8     	16    	32    	64    	127   	246   	444   	782   	1282  	2011  	2905  	4052  	5290  	6526  	7644  	8605  	9080  	9077  	8693  	7804  	6636  	5380  	4162  	3100  	2246  	1519  	956   	589   	355   	181   	85    	48    	24    	11    	7     	3     	1     	1     	1     
100000   	1    	4.115800e-03	1     	2     	4     	8     	16    	32    	62    	116   	213   	364   	616   	1015  	1567  	2327  	3335  	4588  	5960  	7302  	8348  	9142  	9304  	8908  	8151  	7083  	5902  	4711  	3572  	2581  	1829  	1279  	753   	435   	249   	137   	59    	18    	8     	3     	nan   	nan   	nan   	nan   
100000   	2    	4.697400e-03	1     	2     	4     	8     	16    	32    	64    	124   	236   	440   	772   	1298  	1996  	2933  	3957  	5125  	6170  	7089  	7857  	8203  	8344  	7977  	7409  	6539  	5521  	4582  	3700  	2878  	2235  	1610  	1115  	740   	444   	290   	152   	76    	40    	14    	6     	1     	nan   	nan   
100000   	3    	4.415800e-03	1     	2     	4     	8     	16    	32    	63    	117   	216   	376   	637   	1035  	1602  	2338  	3266  	4431  	5646  	7108  	8313  	9060  	9409  	9250  	8398  	7296  	6011  	4785  	3618  	2595  	1744  	1159  	691   	405   	187   	101   	45    	21    	8     	4     	2     	nan   	nan   	nan   

