Criação das árvores ordenadas:
n_persons	index	time        
100000   	0    	5.463640e-02
100000   	1    	6.520230e-02
100000   	2    	5.454370e-02
100000   	3    	5.119810e-02

Procura de nós nas árvores:
n_persons	index	time        
100000   	0    	6.089930e-02
100000   	1    	6.431050e-02
100000   	2    	5.791840e-02
100000   	3    	5.101370e-02

Maior profundidade das árvores:
n_persons	index	time        	depth
100000   	0    	4.372900e-03	38   
100000   	1    	4.455600e-03	37   
100000   	2    	5.325900e-03	38   
100000   	3    	4.936800e-03	39   

Número de nós em cada nível:
n_persons	index	time        	lvl0  	lvl1  	lvl2  	lvl3  	lvl4  	lvl5  	lvl6  	lvl7  	lvl8  	lvl9  	lvl10 	lvl11 	lvl12 	lvl13 	lvl14 	lvl15 	lvl16 	lvl17 	lvl18 	lvl19 	lvl20 	lvl21 	lvl22 	lvl23 	lvl24 	lvl25 	lvl26 	lvl27 	lvl28 	lvl29 	lvl30 	lvl31 	lvl32 	lvl33 	lvl34 	lvl35 	lvl36 	lvl37 	lvl38 	lvl39 
100000   	0    	3.768800e-03	1     	2     	4     	8     	16    	32    	63    	126   	236   	445   	749   	1191  	1836  	2685  	3803  	5091  	6570  	7771  	8667  	9306  	9286  	8701  	7720  	6530  	5276  	4123  	2995  	2173  	1460  	1063  	737   	495   	351   	226   	138   	68    	35    	14    	7     	nan   
100000   	1    	4.181400e-03	1     	2     	4     	8     	16    	32    	64    	119   	220   	381   	671   	1103  	1690  	2503  	3559  	4648  	5909  	7024  	7941  	8418  	8441  	8068  	7462  	6745  	6022  	5105  	4046  	3199  	2342  	1638  	1124  	701   	413   	209   	104   	46    	18    	4     	nan   	nan   
100000   	2    	4.704900e-03	1     	2     	4     	8     	16    	32    	60    	101   	158   	266   	441   	734   	1167  	1762  	2597  	3557  	4754  	6057  	7269  	8406  	9023  	9353  	9045  	8271  	7152  	5882  	4606  	3367  	2360  	1512  	904   	505   	280   	161   	86    	53    	31    	16    	1     	nan   
100000   	3    	4.199000e-03	1     	2     	4     	8     	16    	32    	63    	116   	212   	381   	654   	1064  	1685  	2473  	3419  	4567  	5681  	6788  	7700  	8297  	8572  	8393  	7833  	7020  	6038  	5039  	3940  	2991  	2211  	1629  	1111  	793   	497   	333   	204   	126   	58    	26    	17    	6     

