Criação das árvores ordenadas:
n_persons	index	time        
100000   	0    	5.441470e-02
100000   	1    	7.021460e-02
100000   	2    	6.281840e-02
100000   	3    	4.850740e-02

Procura de nós nas árvores:
n_persons	index	time        
100000   	0    	5.298870e-02
100000   	1    	6.593630e-02
100000   	2    	5.486780e-02
100000   	3    	5.303700e-02

Maior profundidade das árvores:
n_persons	index	time        	depth
100000   	0    	4.355700e-03	37   
100000   	1    	4.495000e-03	39   
100000   	2    	5.307400e-03	40   
100000   	3    	5.368400e-03	41   

Número de nós em cada nível:
n_persons	index	time        	lvl0  	lvl1  	lvl2  	lvl3  	lvl4  	lvl5  	lvl6  	lvl7  	lvl8  	lvl9  	lvl10 	lvl11 	lvl12 	lvl13 	lvl14 	lvl15 	lvl16 	lvl17 	lvl18 	lvl19 	lvl20 	lvl21 	lvl22 	lvl23 	lvl24 	lvl25 	lvl26 	lvl27 	lvl28 	lvl29 	lvl30 	lvl31 	lvl32 	lvl33 	lvl34 	lvl35 	lvl36 	lvl37 	lvl38 	lvl39 	lvl40 	lvl41 
100000   	0    	4.119600e-03	1     	2     	4     	8     	16    	32    	64    	126   	244   	436   	781   	1318  	2094  	3063  	4168  	5315  	6341  	7322  	8059  	8487  	8561  	8299  	7653  	6801  	5902  	4763  	3565  	2428  	1629  	1060  	664   	387   	208   	109   	64    	18    	7     	1     	nan   	nan   	nan   	nan   
100000   	1    	3.795100e-03	1     	2     	4     	8     	16    	31    	58    	113   	202   	361   	633   	1036  	1669  	2557  	3546  	4710  	5952  	7217  	8128  	8710  	8854  	8604  	7953  	7174  	6104  	4906  	3782  	2803  	1882  	1246  	777   	444   	275   	144   	60    	25    	7     	3     	2     	1     	nan   	nan   
100000   	2    	4.227000e-03	1     	2     	4     	8     	16    	32    	64    	123   	220   	386   	640   	1036  	1632  	2452  	3397  	4665  	5965  	7321  	8358  	8849  	8968  	8694  	8002  	7011  	5801  	4746  	3673  	2733  	1969  	1272  	831   	527   	296   	151   	72    	39    	25    	12    	3     	2     	2     	nan   
100000   	3    	4.736000e-03	1     	2     	4     	8     	16    	32    	61    	120   	232   	425   	762   	1299  	2060  	3008  	4175  	5485  	6825  	8111  	9103  	9590  	9488  	8810  	7739  	6503  	5074  	3823  	2723  	1774  	1151  	679   	370   	212   	121   	76    	49    	31    	27    	21    	4     	2     	2     	2     

