Criação das árvores ordenadas:
n_persons	index	time        
100000   	0    	5.710920e-02
100000   	1    	6.421900e-02
100000   	2    	5.427410e-02
100000   	3    	4.710420e-02

Procura de nós nas árvores:
n_persons	index	time        
100000   	0    	6.038260e-02
100000   	1    	7.197410e-02
100000   	2    	5.848890e-02
100000   	3    	5.089330e-02

Maior profundidade das árvores:
n_persons	index	time        	depth
100000   	0    	4.416000e-03	41   
100000   	1    	4.514200e-03	38   
100000   	2    	4.839700e-03	37   
100000   	3    	5.463800e-03	36   

Número de nós em cada nível:
n_persons	index	time        	lvl0  	lvl1  	lvl2  	lvl3  	lvl4  	lvl5  	lvl6  	lvl7  	lvl8  	lvl9  	lvl10 	lvl11 	lvl12 	lvl13 	lvl14 	lvl15 	lvl16 	lvl17 	lvl18 	lvl19 	lvl20 	lvl21 	lvl22 	lvl23 	lvl24 	lvl25 	lvl26 	lvl27 	lvl28 	lvl29 	lvl30 	lvl31 	lvl32 	lvl33 	lvl34 	lvl35 	lvl36 	lvl37 	lvl38 	lvl39 	lvl40 	lvl41 
100000   	0    	3.992700e-03	1     	2     	4     	8     	16    	32    	64    	122   	230   	419   	725   	1212  	1897  	2802  	3847  	5050  	6287  	7332  	8001  	8284  	8237  	7934  	7130  	6368  	5323  	4408  	3601  	2891  	2242  	1679  	1249  	940   	671   	418   	257   	143   	78    	46    	29    	13    	6     	2     
100000   	1    	4.043100e-03	1     	2     	4     	8     	16    	32    	64    	124   	236   	421   	719   	1187  	1869  	2799  	3899  	5156  	6351  	7389  	8188  	8717  	8890  	8507  	7796  	6845  	5708  	4481  	3385  	2518  	1792  	1192  	743   	432   	263   	155   	68    	26    	12    	4     	1     	nan   	nan   	nan   
100000   	2    	4.614800e-03	1     	2     	4     	8     	16    	32    	63    	120   	223   	382   	619   	994   	1529  	2207  	3123  	4192  	5325  	6628  	7824  	8762  	9379  	9480  	8912  	7894  	6566  	5236  	3861  	2635  	1753  	1023  	592   	328   	155   	77    	32    	13    	8     	2     	nan   	nan   	nan   	nan   
100000   	3    	4.582500e-03	1     	2     	4     	8     	16    	31    	58    	111   	209   	376   	659   	1078  	1718  	2649  	3792  	5248  	6733  	7902  	8813  	9278  	9349  	8671  	7773  	6739  	5406  	4214  	3066  	2159  	1431  	972   	636   	392   	227   	137   	83    	47    	12    	nan   	nan   	nan   	nan   	nan   

