Criação das árvores ordenadas:
n_persons	index	time        
100000   	0    	5.187760e-02
100000   	1    	8.537050e-02
100000   	2    	5.988130e-02
100000   	3    	5.107870e-02

Procura de nós nas árvores:
n_persons	index	time        
100000   	0    	5.961930e-02
100000   	1    	6.905380e-02
100000   	2    	6.189570e-02
100000   	3    	5.308360e-02

Maior profundidade das árvores:
n_persons	index	time        	depth
100000   	0    	4.864700e-03	42   
100000   	1    	4.942200e-03	39   
100000   	2    	5.222000e-03	40   
100000   	3    	5.539200e-03	41   

Número de nós em cada nível:
n_persons	index	time        	lvl0  	lvl1  	lvl2  	lvl3  	lvl4  	lvl5  	lvl6  	lvl7  	lvl8  	lvl9  	lvl10 	lvl11 	lvl12 	lvl13 	lvl14 	lvl15 	lvl16 	lvl17 	lvl18 	lvl19 	lvl20 	lvl21 	lvl22 	lvl23 	lvl24 	lvl25 	lvl26 	lvl27 	lvl28 	lvl29 	lvl30 	lvl31 	lvl32 	lvl33 	lvl34 	lvl35 	lvl36 	lvl37 	lvl38 	lvl39 	lvl40 	lvl41 	lvl42 
100000   	0    	5.324300e-03	1     	2     	4     	8     	16    	32    	62    	118   	216   	387   	664   	1089  	1744  	2590  	3602  	4752  	5716  	6634  	7440  	7858  	8007  	7850  	7526  	6937  	6122  	5229  	4309  	3408  	2526  	1845  	1264  	806   	492   	310   	200   	96    	54    	39    	26    	10    	5     	2     	2     
100000   	1    	5.050000e-03	1     	2     	4     	8     	16    	32    	60    	108   	189   	330   	542   	875   	1354  	2055  	2980  	4153  	5475  	6762  	8030  	8847  	9231  	9131  	8567  	7618  	6356  	5140  	3918  	2884  	1981  	1325  	825   	513   	297   	190   	108   	49    	27    	13    	3     	1     	nan   	nan   	nan   
100000   	2    	4.446100e-03	1     	2     	4     	8     	16    	32    	62    	122   	232   	420   	734   	1169  	1802  	2611  	3559  	4653  	5709  	6734  	7451  	7982  	8077  	7993  	7671  	7041  	6104  	5069  	4054  	3138  	2373  	1753  	1227  	857   	533   	337   	204   	131   	77    	39    	12    	6     	1     	nan   	nan   
100000   	3    	4.294200e-03	1     	2     	4     	8     	16    	31    	61    	119   	221   	415   	736   	1228  	1913  	2784  	3899  	5072  	6285  	7238  	8067  	8552  	8515  	8117  	7483  	6622  	5598  	4640  	3678  	2787  	2027  	1359  	922   	609   	395   	228   	153   	93    	70    	30    	12    	7     	2     	1     	nan   

