Criação das árvores ordenadas:
n_persons	index	time        
100000   	0    	5.093400e-02
100000   	1    	6.224130e-02
100000   	2    	5.755970e-02
100000   	3    	4.587820e-02

Procura de nós nas árvores:
n_persons	index	time        
100000   	0    	5.180740e-02
100000   	1    	5.836230e-02
100000   	2    	5.498930e-02
100000   	3    	5.423600e-02

Maior profundidade das árvores:
n_persons	index	time        	depth
100000   	0    	5.203100e-03	43   
100000   	1    	5.013600e-03	41   
100000   	2    	5.283200e-03	41   
100000   	3    	5.059900e-03	39   

Número de nós em cada nível:
n_persons	index	time        	lvl0  	lvl1  	lvl2  	lvl3  	lvl4  	lvl5  	lvl6  	lvl7  	lvl8  	lvl9  	lvl10 	lvl11 	lvl12 	lvl13 	lvl14 	lvl15 	lvl16 	lvl17 	lvl18 	lvl19 	lvl20 	lvl21 	lvl22 	lvl23 	lvl24 	lvl25 	lvl26 	lvl27 	lvl28 	lvl29 	lvl30 	lvl31 	lvl32 	lvl33 	lvl34 	lvl35 	lvl36 	lvl37 	lvl38 	lvl39 	lvl40 	lvl41 	lvl42 	lvl43 
100000   	0    	4.257700e-03	1     	2     	4     	8     	16    	32    	64    	124   	226   	404   	692   	1135  	1759  	2585  	3557  	4729  	5949  	7156  	8141  	8649  	8717  	8475  	7877  	6987  	5824  	4694  	3635  	2742  	1971  	1344  	865   	584   	423   	261   	156   	91    	51    	27    	17    	10    	9     	5     	1     	1     
100000   	1    	4.070300e-03	1     	2     	4     	8     	16    	32    	60    	114   	193   	336   	567   	879   	1320  	1915  	2683  	3613  	4717  	5785  	6813  	7737  	8267  	8439  	8302  	7757  	6902  	5913  	4879  	3864  	2913  	2147  	1523  	992   	595   	318   	195   	103   	50    	21    	13    	7     	3     	2     	nan   	nan   
100000   	2    	4.425200e-03	1     	2     	4     	8     	16    	32    	63    	124   	237   	433   	752   	1222  	1871  	2707  	3724  	4841  	5957  	7042  	8018  	8587  	8678  	8272  	7692  	6832  	5827  	4685  	3526  	2683  	2023  	1381  	961   	681   	454   	285   	175   	105   	47    	25    	17    	6     	3     	1     	nan   	nan   
100000   	3    	4.427400e-03	1     	2     	4     	8     	16    	32    	64    	127   	249   	465   	828   	1418  	2310  	3469  	4919  	6479  	7867  	8936  	9520  	9663  	9350  	8409  	6972  	5558  	4208  	3079  	2134  	1484  	954   	594   	397   	218   	118   	67    	38    	17    	9     	5     	5     	7     	nan   	nan   	nan   	nan   

