Criação das árvores ordenadas:
n_persons	index	time        
100000   	0    	5.593330e-02
100000   	1    	6.480830e-02
100000   	2    	5.774770e-02
100000   	3    	4.890740e-02

Procura de nós nas árvores:
n_persons	index	time        
100000   	0    	5.568590e-02
100000   	1    	6.528370e-02
100000   	2    	5.715520e-02
100000   	3    	5.369810e-02

Maior profundidade das árvores:
n_persons	index	time        	depth
100000   	0    	4.439500e-03	41   
100000   	1    	4.799100e-03	37   
100000   	2    	4.964400e-03	41   
100000   	3    	5.284800e-03	40   

Número de nós em cada nível:
n_persons	index	time        	lvl0  	lvl1  	lvl2  	lvl3  	lvl4  	lvl5  	lvl6  	lvl7  	lvl8  	lvl9  	lvl10 	lvl11 	lvl12 	lvl13 	lvl14 	lvl15 	lvl16 	lvl17 	lvl18 	lvl19 	lvl20 	lvl21 	lvl22 	lvl23 	lvl24 	lvl25 	lvl26 	lvl27 	lvl28 	lvl29 	lvl30 	lvl31 	lvl32 	lvl33 	lvl34 	lvl35 	lvl36 	lvl37 	lvl38 	lvl39 	lvl40 	lvl41 
100000   	0    	4.247500e-03	1     	2     	4     	8     	16    	32    	62    	114   	214   	394   	690   	1133  	1780  	2547  	3504  	4632  	5784  	6828  	7692  	7979  	8071  	7940  	7434  	6737  	5954  	5061  	4089  	3174  	2434  	1827  	1302  	917   	618   	404   	254   	148   	80    	57    	35    	25    	16    	7     
100000   	1    	3.822500e-03	1     	2     	4     	8     	16    	31    	61    	120   	229   	396   	670   	1088  	1685  	2474  	3432  	4635  	5816  	7022  	7955  	8616  	8951  	8913  	8404  	7414  	6224  	4946  	3693  	2651  	1812  	1189  	708   	385   	229   	134   	49    	28    	7     	2     	nan   	nan   	nan   	nan   
100000   	2    	4.589500e-03	1     	2     	4     	8     	16    	32    	63    	114   	213   	384   	661   	1043  	1582  	2307  	3199  	4239  	5311  	6360  	7307  	7883  	8323  	8340  	8111  	7621  	6648  	5571  	4513  	3398  	2489  	1664  	1064  	699   	415   	206   	97    	49    	25    	20    	11    	5     	1     	1     
100000   	3    	4.735200e-03	1     	2     	4     	8     	16    	32    	62    	121   	226   	397   	660   	1030  	1608  	2407  	3344  	4428  	5523  	6523  	7319  	7807  	7830  	7739  	7326  	6515  	5791  	4906  	4225  	3530  	2876  	2251  	1738  	1294  	915   	678   	408   	235   	128   	64    	20    	10    	3     	nan   

