Criação das árvores ordenadas:
n_persons	index	time        
100000   	0    	7.025400e-02
100000   	1    	6.657260e-02
100000   	2    	5.604220e-02
100000   	3    	4.868280e-02

Procura de nós nas árvores:
n_persons	index	time        
100000   	0    	5.387480e-02
100000   	1    	6.318660e-02
100000   	2    	5.973090e-02
100000   	3    	5.186230e-02

Maior profundidade das árvores:
n_persons	index	time        	depth
100000   	0    	5.283700e-03	39   
100000   	1    	5.179800e-03	42   
100000   	2    	5.275900e-03	38   
100000   	3    	5.338700e-03	40   

Número de nós em cada nível:
n_persons	index	time        	lvl0  	lvl1  	lvl2  	lvl3  	lvl4  	lvl5  	lvl6  	lvl7  	lvl8  	lvl9  	lvl10 	lvl11 	lvl12 	lvl13 	lvl14 	lvl15 	lvl16 	lvl17 	lvl18 	lvl19 	lvl20 	lvl21 	lvl22 	lvl23 	lvl24 	lvl25 	lvl26 	lvl27 	lvl28 	lvl29 	lvl30 	lvl31 	lvl32 	lvl33 	lvl34 	lvl35 	lvl36 	lvl37 	lvl38 	lvl39 	lvl40 	lvl41 	lvl42 
100000   	0    	4.427800e-03	1     	2     	4     	8     	16    	32    	62    	122   	220   	371   	615   	941   	1362  	1909  	2569  	3405  	4364  	5385  	6312  	7171  	7915  	8292  	8376  	7969  	7358  	6455  	5400  	4233  	3190  	2278  	1507  	944   	554   	326   	177   	88    	37    	19    	9     	2     	nan   	nan   	nan   
100000   	1    	4.750600e-03	1     	2     	4     	8     	16    	32    	64    	126   	241   	431   	708   	1113  	1581  	2211  	2958  	3753  	4567  	5365  	6227  	6963  	7539  	7628  	7551  	7091  	6490  	5743  	4993  	4132  	3209  	2550  	2003  	1533  	1099  	756   	516   	336   	204   	128   	71    	34    	16    	5     	2     
100000   	2    	4.829700e-03	1     	2     	4     	8     	15    	30    	60    	116   	217   	392   	658   	1055  	1642  	2378  	3311  	4411  	5642  	6800  	7800  	8461  	8761  	8695  	8430  	7589  	6396  	5130  	3986  	2891  	2013  	1338  	808   	472   	249   	145   	56    	20    	12    	4     	2     	nan   	nan   	nan   	nan   
100000   	3    	4.796900e-03	1     	2     	4     	8     	16    	32    	62    	122   	227   	407   	695   	1102  	1639  	2300  	2945  	3645  	4386  	5059  	5816  	6576  	7115  	7492  	7486  	7280  	6885  	6417  	5714  	4788  	3856  	2870  	1970  	1284  	823   	470   	262   	118   	64    	37    	15    	8     	2     	nan   	nan   

