Criação das árvores ordenadas:
n_persons	index	time        
100000   	0    	5.106390e-02
100000   	1    	8.363790e-02
100000   	2    	9.317710e-02
100000   	3    	5.860970e-02

Procura de nós nas árvores:
n_persons	index	time        
100000   	0    	5.427810e-02
100000   	1    	6.958130e-02
100000   	2    	5.818090e-02
100000   	3    	5.150470e-02

Maior profundidade das árvores:
n_persons	index	time        	depth
100000   	0    	4.553100e-03	38   
100000   	1    	4.343800e-03	40   
100000   	2    	4.862400e-03	45   
100000   	3    	4.960100e-03	37   

Número de nós em cada nível:
n_persons	index	time        	lvl0  	lvl1  	lvl2  	lvl3  	lvl4  	lvl5  	lvl6  	lvl7  	lvl8  	lvl9  	lvl10 	lvl11 	lvl12 	lvl13 	lvl14 	lvl15 	lvl16 	lvl17 	lvl18 	lvl19 	lvl20 	lvl21 	lvl22 	lvl23 	lvl24 	lvl25 	lvl26 	lvl27 	lvl28 	lvl29 	lvl30 	lvl31 	lvl32 	lvl33 	lvl34 	lvl35 	lvl36 	lvl37 	lvl38 	lvl39 	lvl40 	lvl41 	lvl42 	lvl43 	lvl44 	lvl45 
100000   	0    	4.207400e-03	1     	2     	4     	8     	16    	32    	64    	125   	237   	447   	796   	1354  	2191  	3336  	4620  	6107  	7529  	8693  	9583  	9842  	9540  	8580  	7338  	5804  	4329  	3157  	2176  	1421  	926   	625   	421   	249   	185   	114   	76    	41    	21    	6     	4     	nan   	nan   	nan   	nan   	nan   	nan   	nan   
100000   	1    	3.791300e-03	1     	2     	4     	8     	16    	31    	61    	117   	207   	370   	601   	936   	1383  	1982  	2736  	3574  	4558  	5545  	6434  	7244  	7782  	7897  	7763  	7313  	6573  	5823  	5046  	4214  	3421  	2695  	1921  	1392  	959   	593   	368   	213   	113   	55    	32    	13    	4     	nan   	nan   	nan   	nan   	nan   
100000   	2    	4.383600e-03	1     	2     	4     	8     	16    	32    	64    	122   	233   	419   	713   	1124  	1678  	2383  	3158  	3969  	4818  	5554  	6051  	6465  	6601  	6582  	6400  	6020  	5719  	5449  	5069  	4405  	3824  	3210  	2594  	2027  	1573  	1219  	893   	621   	399   	262   	139   	80    	54    	28    	12    	4     	1     	1     
100000   	3    	4.931200e-03	1     	2     	4     	8     	16    	32    	64    	119   	235   	439   	765   	1312  	2096  	3157  	4501  	5933  	7413  	8549  	9234  	9364  	9111  	8442  	7472  	6177  	4835  	3628  	2653  	1763  	1139  	646   	386   	232   	131   	72    	35    	18    	12    	4     	nan   	nan   	nan   	nan   	nan   	nan   	nan   	nan   

