Criação das árvores ordenadas:
n_persons	index	time        
100000   	0    	5.060310e-02
100000   	1    	6.152070e-02
100000   	2    	6.076390e-02
100000   	3    	4.719700e-02

Procura de nós nas árvores:
n_persons	index	time        
100000   	0    	5.102480e-02
100000   	1    	5.986740e-02
100000   	2    	5.672790e-02
100000   	3    	4.904990e-02

Maior profundidade das árvores:
n_persons	index	time        	depth
100000   	0    	4.341000e-03	37   
100000   	1    	4.248700e-03	43   
100000   	2    	4.860000e-03	41   
100000   	3    	4.963100e-03	40   

Número de nós em cada nível:
n_persons	index	time        	lvl0  	lvl1  	lvl2  	lvl3  	lvl4  	lvl5  	lvl6  	lvl7  	lvl8  	lvl9  	lvl10 	lvl11 	lvl12 	lvl13 	lvl14 	lvl15 	lvl16 	lvl17 	lvl18 	lvl19 	lvl20 	lvl21 	lvl22 	lvl23 	lvl24 	lvl25 	lvl26 	lvl27 	lvl28 	lvl29 	lvl30 	lvl31 	lvl32 	lvl33 	lvl34 	lvl35 	lvl36 	lvl37 	lvl38 	lvl39 	lvl40 	lvl41 	lvl42 	lvl43 
100000   	0    	4.250800e-03	1     	2     	4     	8     	16    	31    	62    	119   	223   	400   	697   	1139  	1836  	2777  	3985  	5349  	6735  	7943  	8855  	9284  	9250  	8616  	7776  	6577  	5341  	4144  	3101  	2158  	1468  	938   	566   	301   	171   	76    	35    	12    	3     	1     	nan   	nan   	nan   	nan   	nan   	nan   
100000   	1    	4.141200e-03	1     	2     	4     	8     	16    	32    	64    	125   	233   	422   	753   	1209  	1876  	2751  	3855  	4971  	6157  	7185  	7958  	8453  	8597  	8128  	7431  	6519  	5519  	4553  	3636  	2805  	2114  	1519  	1060  	761   	508   	303   	182   	105   	66    	45    	27    	19    	12    	9     	6     	1     
100000   	2    	4.214400e-03	1     	2     	4     	8     	16    	32    	63    	124   	227   	395   	650   	1042  	1626  	2366  	3328  	4454  	5571  	6733  	7670  	8350  	8738  	8675  	8232  	7434  	6311  	5144  	4030  	2967  	2037  	1360  	934   	615   	354   	215   	139   	76    	44    	22    	5     	3     	2     	1     	nan   	nan   
100000   	3    	4.531000e-03	1     	2     	4     	8     	16    	32    	64    	126   	233   	425   	735   	1190  	1819  	2687  	3727  	4784  	5765  	6805  	7756  	8172  	8254  	7935  	7338  	6635  	5960  	4994  	4024  	3082  	2397  	1724  	1207  	761   	537   	347   	203   	118   	72    	34    	20    	6     	1     	nan   	nan   	nan   

