Criação das árvores ordenadas:
n_persons	index	time        
100000   	0    	5.740880e-02
100000   	1    	6.579780e-02
100000   	2    	5.904830e-02
100000   	3    	4.747990e-02

Procura de nós nas árvores:
n_persons	index	time        
100000   	0    	5.580110e-02
100000   	1    	6.563140e-02
100000   	2    	5.739700e-02
100000   	3    	5.145370e-02

Maior profundidade das árvores:
n_persons	index	time        	depth
100000   	0    	5.503000e-03	41   
100000   	1    	5.207800e-03	39   
100000   	2    	5.783500e-03	38   
100000   	3    	5.791600e-03	39   

Número de nós em cada nível:
n_persons	index	time        	lvl0  	lvl1  	lvl2  	lvl3  	lvl4  	lvl5  	lvl6  	lvl7  	lvl8  	lvl9  	lvl10 	lvl11 	lvl12 	lvl13 	lvl14 	lvl15 	lvl16 	lvl17 	lvl18 	lvl19 	lvl20 	lvl21 	lvl22 	lvl23 	lvl24 	lvl25 	lvl26 	lvl27 	lvl28 	lvl29 	lvl30 	lvl31 	lvl32 	lvl33 	lvl34 	lvl35 	lvl36 	lvl37 	lvl38 	lvl39 	lvl40 	lvl41 
100000   	0    	4.451100e-03	1     	2     	4     	8     	16    	29    	54    	94    	172   	302   	505   	831   	1335  	1991  	2864  	3874  	5060  	6258  	7394  	8361  	8988  	9173  	8851  	8163  	6946  	5666  	4425  	3150  	2120  	1409  	838   	475   	276   	158   	89    	46    	30    	21    	10    	7     	3     	1     
100000   	1    	4.637300e-03	1     	2     	4     	8     	16    	28    	49    	86    	162   	285   	476   	796   	1264  	1938  	2857  	3938  	5106  	6247  	7130  	7841  	8445  	8483  	8061  	7617  	6788  	5833  	4867  	3809  	2786  	1938  	1283  	815   	471   	276   	151   	70    	42    	19    	8     	4     	nan   	nan   
100000   	2    	5.359800e-03	1     	2     	4     	8     	16    	32    	63    	119   	219   	380   	644   	1017  	1500  	2110  	2892  	3856  	4920  	6110  	7248  	8130  	8685  	8777  	8446  	7851  	6969  	5756  	4597  	3427  	2381  	1589  	988   	606   	339   	177   	83    	35    	15    	6     	2     	nan   	nan   	nan   
100000   	3    	7.464000e-03	1     	2     	4     	8     	16    	32    	64    	125   	230   	414   	718   	1189  	1909  	2853  	4045  	5301  	6427  	7324  	7909  	8200  	8153  	7596  	7120  	6294  	5461  	4578  	3659  	2901  	2327  	1736  	1244  	866   	558   	342   	200   	101   	54    	27    	10    	2     	nan   	nan   

