Criação das árvores ordenadas:
n_persons	index	time        
100000   	0    	5.351320e-02
100000   	1    	6.617980e-02
100000   	2    	5.566970e-02
100000   	3    	5.173350e-02

Procura de nós nas árvores:
n_persons	index	time        
100000   	0    	5.269450e-02
100000   	1    	6.148590e-02
100000   	2    	5.717080e-02
100000   	3    	5.143810e-02

Maior profundidade das árvores:
n_persons	index	time        	depth
100000   	0    	4.881400e-03	41   
100000   	1    	4.569900e-03	39   
100000   	2    	5.007500e-03	36   
100000   	3    	5.040300e-03	42   

Número de nós em cada nível:
n_persons	index	time        	lvl0  	lvl1  	lvl2  	lvl3  	lvl4  	lvl5  	lvl6  	lvl7  	lvl8  	lvl9  	lvl10 	lvl11 	lvl12 	lvl13 	lvl14 	lvl15 	lvl16 	lvl17 	lvl18 	lvl19 	lvl20 	lvl21 	lvl22 	lvl23 	lvl24 	lvl25 	lvl26 	lvl27 	lvl28 	lvl29 	lvl30 	lvl31 	lvl32 	lvl33 	lvl34 	lvl35 	lvl36 	lvl37 	lvl38 	lvl39 	lvl40 	lvl41 	lvl42 
100000   	0    	4.271400e-03	1     	2     	4     	8     	16    	32    	64    	125   	237   	440   	768   	1297  	2090  	3052  	4150  	5361  	6582  	7612  	8406  	8811  	8759  	8277  	7446  	6451  	5365  	4299  	3287  	2454  	1742  	1154  	734   	435   	233   	142   	88    	41    	20    	8     	3     	2     	1     	1     	nan   
100000   	1    	3.967800e-03	1     	2     	4     	8     	16    	32    	64    	123   	233   	400   	699   	1149  	1844  	2723  	3845  	5132  	6525  	7598  	8570  	9137  	9194  	8754  	8062  	6966  	5643  	4398  	3151  	2169  	1411  	883   	566   	323   	167   	97    	51    	32    	19    	6     	2     	1     	nan   	nan   	nan   
100000   	2    	4.539200e-03	1     	2     	4     	8     	16    	32    	64    	127   	247   	468   	818   	1382  	2176  	3189  	4471  	5836  	7235  	8386  	9094  	9348  	9122  	8423  	7308  	6067  	4827  	3617  	2673  	1879  	1265  	843   	505   	295   	155   	72    	34    	9     	2     	nan   	nan   	nan   	nan   	nan   	nan   
100000   	3    	4.705100e-03	1     	2     	4     	8     	16    	32    	64    	126   	232   	414   	713   	1169  	1792  	2664  	3821  	5171  	6547  	7869  	8863  	9503  	9601  	9075  	8017  	6691  	5277  	4001  	2957  	2049  	1336  	839   	517   	284   	156   	84    	44    	29    	14    	6     	3     	4     	1     	2     	2     

