Criação das árvores ordenadas:
n_persons	index	time        
100000   	0    	5.663440e-02
100000   	1    	6.559900e-02
100000   	2    	6.198260e-02
100000   	3    	5.018490e-02

Procura de nós nas árvores:
n_persons	index	time        
100000   	0    	5.182330e-02
100000   	1    	6.391160e-02
100000   	2    	5.567210e-02
100000   	3    	5.050090e-02

Maior profundidade das árvores:
n_persons	index	time        	depth
100000   	0    	4.462900e-03	37   
100000   	1    	4.374000e-03	39   
100000   	2    	4.980200e-03	40   
100000   	3    	5.831200e-03	39   

Número de nós em cada nível:
n_persons	index	time        	lvl0  	lvl1  	lvl2  	lvl3  	lvl4  	lvl5  	lvl6  	lvl7  	lvl8  	lvl9  	lvl10 	lvl11 	lvl12 	lvl13 	lvl14 	lvl15 	lvl16 	lvl17 	lvl18 	lvl19 	lvl20 	lvl21 	lvl22 	lvl23 	lvl24 	lvl25 	lvl26 	lvl27 	lvl28 	lvl29 	lvl30 	lvl31 	lvl32 	lvl33 	lvl34 	lvl35 	lvl36 	lvl37 	lvl38 	lvl39 	lvl40 
100000   	0    	4.302700e-03	1     	2     	4     	8     	16    	32    	62    	116   	209   	378   	691   	1199  	1914  	2935  	4226  	5682  	7179  	8518  	9311  	9699  	9502  	8750  	7696  	6413  	4922  	3656  	2587  	1712  	1096  	654   	401   	220   	117   	51    	26    	9     	5     	1     	nan   	nan   	nan   
100000   	1    	3.980300e-03	1     	2     	4     	8     	16    	32    	64    	127   	238   	439   	762   	1293  	2064  	3038  	4198  	5423  	6528  	7593  	8260  	8535  	8568  	8066  	7366  	6417  	5367  	4366  	3394  	2508  	1806  	1306  	915   	556   	331   	195   	119   	59    	20    	7     	6     	3     	nan   
100000   	2    	4.390700e-03	1     	2     	4     	8     	16    	29    	58    	115   	224   	410   	708   	1166  	1792  	2547  	3496  	4622  	5759  	6856  	7752  	8341  	8617  	8263  	7751  	6902  	5966  	5004  	4063  	3069  	2229  	1599  	1056  	665   	406   	232   	142   	69    	38    	12    	5     	4     	2     
100000   	3    	4.414700e-03	1     	2     	4     	8     	16    	31    	62    	123   	235   	433   	755   	1219  	1881  	2739  	3807  	4992  	6161  	7315  	8267  	8864  	8990  	8769  	8078  	7055  	5827  	4581  	3411  	2377  	1609  	1005  	590   	368   	210   	94    	61    	37    	12    	5     	4     	2     	nan   

