Criação das árvores ordenadas:
n_persons	index	time        
100000   	0    	5.207550e-02
100000   	1    	6.267840e-02
100000   	2    	5.534560e-02
100000   	3    	4.736160e-02

Procura de nós nas árvores:
n_persons	index	time        
100000   	0    	5.624580e-02
100000   	1    	6.120600e-02
100000   	2    	5.698670e-02
100000   	3    	5.287390e-02

Maior profundidade das árvores:
n_persons	index	time        	depth
100000   	0    	4.428400e-03	39   
100000   	1    	4.446000e-03	40   
100000   	2    	5.116200e-03	37   
100000   	3    	5.300600e-03	38   

Número de nós em cada nível:
n_persons	index	time        	lvl0  	lvl1  	lvl2  	lvl3  	lvl4  	lvl5  	lvl6  	lvl7  	lvl8  	lvl9  	lvl10 	lvl11 	lvl12 	lvl13 	lvl14 	lvl15 	lvl16 	lvl17 	lvl18 	lvl19 	lvl20 	lvl21 	lvl22 	lvl23 	lvl24 	lvl25 	lvl26 	lvl27 	lvl28 	lvl29 	lvl30 	lvl31 	lvl32 	lvl33 	lvl34 	lvl35 	lvl36 	lvl37 	lvl38 	lvl39 	lvl40 
100000   	0    	3.835700e-03	1     	2     	4     	8     	16    	31    	60    	113   	218   	392   	697   	1169  	1825  	2686  	3743  	4990  	6267  	7480  	8459  	9004  	9181  	8720  	7792  	6668  	5462  	4379  	3358  	2480  	1776  	1233  	749   	472   	281   	153   	65    	37    	19    	7     	2     	1     	nan   
100000   	1    	3.826800e-03	1     	2     	4     	8     	16    	32    	64    	125   	238   	426   	725   	1225  	1895  	2810  	3915  	5180  	6363  	7444  	8174  	8603  	8438  	7833  	7254  	6400  	5509  	4620  	3698  	2855  	2113  	1468  	994   	601   	383   	250   	153   	83    	49    	28    	9     	9     	3     
100000   	2    	4.609000e-03	1     	2     	4     	8     	16    	32    	64    	122   	223   	382   	645   	1078  	1714  	2590  	3707  	5042  	6486  	7738  	8736  	9176  	9262  	8900  	8106  	6921  	5554  	4341  	3182  	2193  	1467  	965   	582   	346   	184   	105   	65    	36    	18    	7     	nan   	nan   	nan   
100000   	3    	4.364600e-03	1     	2     	4     	8     	16    	31    	62    	121   	224   	420   	725   	1191  	1872  	2765  	3874  	5165  	6333  	7423  	8090  	8491  	8606  	8200  	7400  	6481  	5551  	4543  	3624  	2820  	2107  	1465  	982   	608   	361   	210   	116   	63    	32    	10    	3     	nan   	nan   

