Criação das árvores ordenadas:
n_persons	index	time        
100000   	0    	5.074110e-02
100000   	1    	6.164350e-02
100000   	2    	5.802260e-02
100000   	3    	4.797190e-02

Procura de nós nas árvores:
n_persons	index	time        
100000   	0    	5.076200e-02
100000   	1    	5.839680e-02
100000   	2    	5.467000e-02
100000   	3    	4.839480e-02

Maior profundidade das árvores:
n_persons	index	time        	depth
100000   	0    	4.297500e-03	43   
100000   	1    	4.223600e-03	36   
100000   	2    	4.700300e-03	42   
100000   	3    	5.041600e-03	39   

Número de nós em cada nível:
n_persons	index	time        	lvl0  	lvl1  	lvl2  	lvl3  	lvl4  	lvl5  	lvl6  	lvl7  	lvl8  	lvl9  	lvl10 	lvl11 	lvl12 	lvl13 	lvl14 	lvl15 	lvl16 	lvl17 	lvl18 	lvl19 	lvl20 	lvl21 	lvl22 	lvl23 	lvl24 	lvl25 	lvl26 	lvl27 	lvl28 	lvl29 	lvl30 	lvl31 	lvl32 	lvl33 	lvl34 	lvl35 	lvl36 	lvl37 	lvl38 	lvl39 	lvl40 	lvl41 	lvl42 	lvl43 
100000   	0    	3.832800e-03	1     	2     	4     	8     	16    	32    	64    	121   	234   	410   	706   	1197  	1932  	2940  	4225  	5624  	7034  	8368  	9376  	9677  	9580  	8706  	7595  	6264  	4961  	3636  	2499  	1744  	1108  	687   	422   	276   	167   	111   	84    	70    	52    	31    	18    	8     	3     	3     	3     	1     
100000   	1    	3.654600e-03	1     	2     	4     	8     	16    	32    	64    	125   	235   	430   	751   	1242  	1932  	2841  	3946  	5094  	6376  	7404  	8280  	8777  	9041  	8810  	8047  	7075  	5701  	4428  	3259  	2343  	1566  	987   	596   	313   	166   	72    	25    	8     	3     	nan   	nan   	nan   	nan   	nan   	nan   	nan   
100000   	2    	4.399200e-03	1     	2     	4     	8     	16    	32    	64    	127   	247   	454   	811   	1363  	2193  	3228  	4464  	5732  	6947  	7878  	8496  	8733  	8371  	7682  	6775  	5789  	4877  	3925  	3124  	2396  	1781  	1378  	1028  	720   	526   	331   	216   	143   	81    	31    	14    	6     	4     	1     	1     	nan   
100000   	3    	4.658800e-03	1     	2     	4     	8     	16    	31    	61    	116   	209   	365   	597   	935   	1399  	2029  	2816  	3786  	4972  	6223  	7470  	8465  	9087  	9123  	8809  	7977  	6857  	5593  	4313  	3041  	2176  	1400  	880   	547   	311   	187   	97    	45    	29    	14    	7     	2     	nan   	nan   	nan   	nan   

