Criação das árvores ordenadas:
n_persons	index	time        
100000   	0    	1.137639e-01
100000   	1    	7.979770e-02
100000   	2    	6.467890e-02
100000   	3    	5.145750e-02

Procura de nós nas árvores:
n_persons	index	time        
100000   	0    	5.362530e-02
100000   	1    	6.238510e-02
100000   	2    	5.711500e-02
100000   	3    	5.132890e-02

Maior profundidade das árvores:
n_persons	index	time        	depth
100000   	0    	4.427900e-03	41   
100000   	1    	4.291600e-03	37   
100000   	2    	5.761300e-03	40   
100000   	3    	4.858700e-03	39   

Número de nós em cada nível:
n_persons	index	time        	lvl0  	lvl1  	lvl2  	lvl3  	lvl4  	lvl5  	lvl6  	lvl7  	lvl8  	lvl9  	lvl10 	lvl11 	lvl12 	lvl13 	lvl14 	lvl15 	lvl16 	lvl17 	lvl18 	lvl19 	lvl20 	lvl21 	lvl22 	lvl23 	lvl24 	lvl25 	lvl26 	lvl27 	lvl28 	lvl29 	lvl30 	lvl31 	lvl32 	lvl33 	lvl34 	lvl35 	lvl36 	lvl37 	lvl38 	lvl39 	lvl40 	lvl41 
100000   	0    	3.919600e-03	1     	2     	4     	8     	16    	32    	64    	124   	237   	441   	746   	1217  	1896  	2743  	3696  	4728  	5713  	6577  	7295  	7814  	8068  	8020  	7542  	6752  	5959  	4938  	3919  	3099  	2395  	1758  	1255  	945   	674   	485   	353   	225   	109   	63    	39    	31    	14    	3     
100000   	1    	4.257300e-03	1     	2     	4     	8     	16    	32    	63    	121   	235   	436   	768   	1299  	2055  	3052  	4255  	5616  	6960  	8189  	9076  	9517  	9253  	8518  	7424  	6282  	4902  	3853  	2854  	2028  	1303  	820   	510   	290   	153   	63    	26    	9     	5     	2     	nan   	nan   	nan   	nan   
100000   	2    	4.694600e-03	1     	2     	4     	8     	16    	31    	60    	111   	204   	347   	590   	945   	1487  	2237  	3163  	4240  	5355  	6366  	7197  	7753  	8116  	8129  	7797  	7248  	6442  	5428  	4555  	3768  	2859  	2114  	1388  	870   	517   	321   	181   	89    	36    	13    	7     	3     	2     	nan   
100000   	3    	4.846100e-03	1     	2     	4     	8     	16    	32    	63    	118   	223   	384   	641   	1063  	1668  	2577  	3717  	4936  	6342  	7499  	8518  	9112  	9261  	8888  	8090  	6986  	5799  	4524  	3378  	2338  	1578  	955   	563   	328   	192   	97    	45    	25    	13    	10    	5     	1     	nan   	nan   

