Criação das árvores ordenadas:
n_persons	index	time        
100000   	0    	5.526480e-02
100000   	1    	7.327080e-02
100000   	2    	5.606060e-02
100000   	3    	5.283310e-02

Procura de nós nas árvores:
n_persons	index	time        
100000   	0    	5.757540e-02
100000   	1    	6.422030e-02
100000   	2    	5.750480e-02
100000   	3    	5.241790e-02

Maior profundidade das árvores:
n_persons	index	time        	depth
100000   	0    	5.735500e-03	39   
100000   	1    	5.079700e-03	41   
100000   	2    	5.547800e-03	38   
100000   	3    	5.535400e-03	38   

Número de nós em cada nível:
n_persons	index	time        	lvl0  	lvl1  	lvl2  	lvl3  	lvl4  	lvl5  	lvl6  	lvl7  	lvl8  	lvl9  	lvl10 	lvl11 	lvl12 	lvl13 	lvl14 	lvl15 	lvl16 	lvl17 	lvl18 	lvl19 	lvl20 	lvl21 	lvl22 	lvl23 	lvl24 	lvl25 	lvl26 	lvl27 	lvl28 	lvl29 	lvl30 	lvl31 	lvl32 	lvl33 	lvl34 	lvl35 	lvl36 	lvl37 	lvl38 	lvl39 	lvl40 	lvl41 
100000   	0    	4.364000e-03	1     	2     	4     	8     	16    	32    	64    	127   	245   	459   	816   	1396  	2195  	3274  	4553  	5929  	7310  	8433  	9106  	9286  	8959  	8234  	7254  	6115  	5008  	3693  	2678  	1844  	1249  	749   	456   	248   	140   	64    	29    	13    	5     	3     	2     	1     	nan   	nan   
100000   	1    	4.186800e-03	1     	2     	4     	8     	15    	26    	50    	99    	186   	337   	594   	941   	1444  	2061  	2886  	3830  	4876  	5971  	6833  	7563  	7863  	8026  	7959  	7650  	6955  	6050  	5046  	3901  	2867  	2063  	1465  	1007  	596   	346   	229   	125   	66    	36    	13    	6     	3     	1     
100000   	2    	5.059300e-03	1     	2     	4     	8     	16    	32    	63    	122   	226   	428   	736   	1245  	1931  	2838  	4014  	5311  	6662  	7932  	8890  	9308  	9297  	8577  	7660  	6585  	5344  	4041  	2953  	2143  	1421  	896   	549   	330   	184   	117   	66    	39    	18    	9     	2     	nan   	nan   	nan   
100000   	3    	4.947300e-03	1     	2     	4     	8     	16    	32    	64    	120   	230   	407   	676   	1061  	1644  	2447  	3555  	4886  	6288  	7683  	8763  	9563  	9775  	9347  	8370  	6960  	5631  	4288  	2988  	1975  	1315  	797   	487   	284   	163   	85    	45    	22    	11    	5     	2     	nan   	nan   	nan   

