Criação das árvores ordenadas:
n_persons	index	time        
100000   	0    	5.017390e-02
100000   	1    	6.233770e-02
100000   	2    	5.605190e-02
100000   	3    	4.645890e-02

Procura de nós nas árvores:
n_persons	index	time        
100000   	0    	5.698090e-02
100000   	1    	7.261330e-02
100000   	2    	5.893930e-02
100000   	3    	5.113940e-02

Maior profundidade das árvores:
n_persons	index	time        	depth
100000   	0    	4.659000e-03	38   
100000   	1    	4.895400e-03	38   
100000   	2    	5.384200e-03	40   
100000   	3    	5.124900e-03	37   

Número de nós em cada nível:
n_persons	index	time        	lvl0  	lvl1  	lvl2  	lvl3  	lvl4  	lvl5  	lvl6  	lvl7  	lvl8  	lvl9  	lvl10 	lvl11 	lvl12 	lvl13 	lvl14 	lvl15 	lvl16 	lvl17 	lvl18 	lvl19 	lvl20 	lvl21 	lvl22 	lvl23 	lvl24 	lvl25 	lvl26 	lvl27 	lvl28 	lvl29 	lvl30 	lvl31 	lvl32 	lvl33 	lvl34 	lvl35 	lvl36 	lvl37 	lvl38 	lvl39 	lvl40 
100000   	0    	4.253200e-03	1     	2     	4     	8     	16    	32    	62    	119   	213   	395   	702   	1195  	1922  	2857  	4117  	5417  	6761  	7967  	8725  	9136  	9096  	8578  	7516  	6407  	5072  	3972  	2983  	2225  	1597  	1135  	736   	451   	285   	156   	91    	32    	12    	4     	1     	nan   	nan   
100000   	1    	4.428900e-03	1     	2     	4     	8     	16    	32    	62    	121   	231   	429   	763   	1232  	1884  	2787  	3764  	4917  	6027  	7054  	7923  	8637  	8848  	8861  	8137  	7211  	6048  	4787  	3516  	2530  	1679  	1059  	674   	404   	197   	86    	40    	17    	7     	3     	2     	nan   	nan   
100000   	2    	4.936500e-03	1     	2     	4     	8     	16    	32    	64    	124   	232   	408   	678   	1094  	1669  	2433  	3354  	4504  	5664  	6754  	7575  	8115  	8177  	7964  	7433  	6805  	5850  	4991  	4054  	3372  	2680  	1927  	1396  	959   	655   	433   	272   	147   	78    	38    	23    	11    	4     
100000   	3    	4.864800e-03	1     	2     	4     	8     	16    	32    	64    	113   	191   	326   	554   	901   	1383  	2084  	2989  	4150  	5468  	6921  	8181  	9040  	9457  	9172  	8585  	7507  	6302  	5022  	3889  	2845  	1975  	1268  	752   	435   	214   	87    	42    	15    	4     	1     	nan   	nan   	nan   

