Criação das árvores ordenadas:
n_persons	index	time        
100000   	0    	5.144210e-02
100000   	1    	6.646070e-02
100000   	2    	5.812620e-02
100000   	3    	5.516480e-02

Procura de nós nas árvores:
n_persons	index	time        
100000   	0    	5.296460e-02
100000   	1    	6.198500e-02
100000   	2    	5.755700e-02
100000   	3    	4.994120e-02

Maior profundidade das árvores:
n_persons	index	time        	depth
100000   	0    	4.703200e-03	39   
100000   	1    	5.222000e-03	45   
100000   	2    	6.161000e-03	43   
100000   	3    	5.089700e-03	44   

Número de nós em cada nível:
n_persons	index	time        	lvl0  	lvl1  	lvl2  	lvl3  	lvl4  	lvl5  	lvl6  	lvl7  	lvl8  	lvl9  	lvl10 	lvl11 	lvl12 	lvl13 	lvl14 	lvl15 	lvl16 	lvl17 	lvl18 	lvl19 	lvl20 	lvl21 	lvl22 	lvl23 	lvl24 	lvl25 	lvl26 	lvl27 	lvl28 	lvl29 	lvl30 	lvl31 	lvl32 	lvl33 	lvl34 	lvl35 	lvl36 	lvl37 	lvl38 	lvl39 	lvl40 	lvl41 	lvl42 	lvl43 	lvl44 	lvl45 
100000   	0    	4.206600e-03	1     	2     	4     	8     	16    	32    	64    	128   	247   	459   	842   	1441  	2249  	3266  	4421  	5754  	7002  	8121  	8869  	9098  	8954  	8406  	7347  	6221  	5019  	3745  	2816  	1964  	1327  	869   	581   	347   	180   	103   	50    	26    	12    	6     	2     	1     	nan   	nan   	nan   	nan   	nan   	nan   
100000   	1    	4.377700e-03	1     	2     	4     	8     	16    	32    	64    	126   	241   	440   	768   	1261  	1954  	2870  	3920  	5101  	6223  	7076  	7477  	7861  	7843  	7661  	7075  	6406  	5670  	4861  	4000  	3151  	2419  	1764  	1282  	921   	642   	409   	220   	121   	57    	24    	9     	6     	5     	2     	3     	2     	1     	1     
100000   	2    	5.741900e-03	1     	2     	4     	8     	16    	32    	64    	125   	235   	419   	682   	1086  	1635  	2375  	3265  	4334  	5413  	6365  	7138  	7634  	7853  	7891  	7614  	7107  	6285  	5415  	4465  	3612  	2853  	2111  	1534  	1011  	619   	387   	222   	101   	44    	24    	4     	4     	3     	5     	2     	1     	nan   	nan   
100000   	3    	4.720200e-03	1     	2     	4     	8     	16    	32    	61    	117   	216   	378   	603   	938   	1376  	1858  	2413  	2978  	3545  	4021  	4505  	5150  	5688  	6265  	6701  	6983  	6935  	6786  	6383  	5708  	4830  	4045  	3286  	2554  	1894  	1328  	865   	579   	382   	243   	147   	92    	40    	23    	11    	8     	2     	nan   

