Criação das árvores ordenadas:
n_persons	index	time        
100000   	0    	5.444760e-02
100000   	1    	6.210720e-02
100000   	2    	5.400420e-02
100000   	3    	5.000270e-02

Procura de nós nas árvores:
n_persons	index	time        
100000   	0    	5.314380e-02
100000   	1    	5.874630e-02
100000   	2    	6.026960e-02
100000   	3    	6.362940e-02

Maior profundidade das árvores:
n_persons	index	time        	depth
100000   	0    	7.079000e-03	40   
100000   	1    	5.975400e-03	42   
100000   	2    	8.680800e-03	37   
100000   	3    	1.000090e-02	38   

Número de nós em cada nível:
n_persons	index	time        	lvl0  	lvl1  	lvl2  	lvl3  	lvl4  	lvl5  	lvl6  	lvl7  	lvl8  	lvl9  	lvl10 	lvl11 	lvl12 	lvl13 	lvl14 	lvl15 	lvl16 	lvl17 	lvl18 	lvl19 	lvl20 	lvl21 	lvl22 	lvl23 	lvl24 	lvl25 	lvl26 	lvl27 	lvl28 	lvl29 	lvl30 	lvl31 	lvl32 	lvl33 	lvl34 	lvl35 	lvl36 	lvl37 	lvl38 	lvl39 	lvl40 	lvl41 	lvl42 
100000   	0    	8.238400e-03	1     	2     	4     	8     	16    	32    	63    	121   	225   	416   	726   	1204  	1923  	2928  	4259  	5670  	7070  	8254  	9117  	9320  	9088  	8576  	7604  	6324  	5031  	3748  	2786  	2034  	1404  	842   	531   	291   	169   	99    	52    	27    	15    	9     	8     	2     	1     	nan   	nan   
100000   	1    	7.142100e-03	1     	2     	4     	8     	16    	32    	63    	122   	226   	398   	676   	1078  	1692  	2446  	3414  	4534  	5725  	6846  	7877  	8488  	8622  	8265  	7620  	6744  	5572  	4598  	3725  	2955  	2357  	1732  	1357  	1002  	713   	457   	253   	152   	95    	66    	32    	20    	10    	4     	1     
100000   	2    	7.416000e-03	1     	2     	4     	8     	16    	30    	55    	109   	203   	374   	666   	1094  	1757  	2622  	3634  	4778  	5977  	7030  	7923  	8469  	8646  	8520  	8063  	7220  	6179  	4892  	3829  	2846  	1988  	1345  	775   	436   	262   	141   	62    	33    	9     	2     	nan   	nan   	nan   	nan   	nan   
100000   	3    	9.051300e-03	1     	2     	4     	8     	16    	32    	63    	122   	220   	389   	660   	1085  	1664  	2530  	3619  	4855  	6261  	7553  	8614  	9262  	9342  	9030  	8074  	6828  	5527  	4245  	3120  	2276  	1651  	1114  	754   	453   	285   	157   	99    	51    	24    	9     	1     	nan   	nan   	nan   	nan   

