Criação das árvores ordenadas:
n_persons	index	time        
100000   	0    	6.094780e-02
100000   	1    	9.045210e-02
100000   	2    	7.718280e-02
100000   	3    	5.550870e-02

Procura de nós nas árvores:
n_persons	index	time        
100000   	0    	5.588990e-02
100000   	1    	7.147870e-02
100000   	2    	5.801590e-02
100000   	3    	5.842950e-02

Maior profundidade das árvores:
n_persons	index	time        	depth
100000   	0    	5.131600e-03	37   
100000   	1    	6.676000e-03	37   
100000   	2    	5.846900e-03	38   
100000   	3    	5.884500e-03	36   

Número de nós em cada nível:
n_persons	index	time        	lvl0  	lvl1  	lvl2  	lvl3  	lvl4  	lvl5  	lvl6  	lvl7  	lvl8  	lvl9  	lvl10 	lvl11 	lvl12 	lvl13 	lvl14 	lvl15 	lvl16 	lvl17 	lvl18 	lvl19 	lvl20 	lvl21 	lvl22 	lvl23 	lvl24 	lvl25 	lvl26 	lvl27 	lvl28 	lvl29 	lvl30 	lvl31 	lvl32 	lvl33 	lvl34 	lvl35 	lvl36 	lvl37 	lvl38 
100000   	0    	4.748200e-03	1     	2     	4     	8     	16    	32    	63    	116   	216   	393   	695   	1134  	1786  	2712  	3828  	5046  	6295  	7523  	8540  	8971  	9067  	8778  	8077  	6953  	5706  	4447  	3319  	2363  	1593  	1003  	590   	352   	195   	97    	45    	21    	11    	2     	nan   
100000   	1    	4.291000e-03	1     	2     	4     	8     	16    	31    	53    	101   	180   	327   	565   	918   	1464  	2239  	3136  	4255  	5594  	6953  	8181  	9049  	9435  	9174  	8402  	7405  	6194  	4859  	3745  	2690  	1856  	1254  	821   	509   	273   	155   	91    	37    	15    	8     	nan   
100000   	2    	5.014200e-03	1     	2     	4     	8     	16    	31    	61    	120   	230   	432   	758   	1263  	2018  	3021  	4185  	5320  	6538  	7601  	8366  	8738  	8672  	8195  	7460  	6382  	5363  	4281  	3327  	2444  	1750  	1242  	853   	565   	367   	205   	117   	49    	11    	3     	1     
100000   	3    	4.797500e-03	1     	2     	4     	8     	16    	32    	62    	121   	225   	407   	682   	1131  	1729  	2581  	3587  	4778  	6032  	7132  	8025  	8732  	9009  	8829  	8233  	7244  	6052  	4724  	3559  	2526  	1692  	1128  	710   	437   	263   	159   	88    	50    	10    	nan   	nan   

