Criação das árvores ordenadas:
n_persons	index	time        
100000   	0    	5.166700e-02
100000   	1    	6.120980e-02
100000   	2    	5.433080e-02
100000   	3    	4.583770e-02

Procura de nós nas árvores:
n_persons	index	time        
100000   	0    	5.734130e-02
100000   	1    	6.445000e-02
100000   	2    	6.590870e-02
100000   	3    	4.932150e-02

Maior profundidade das árvores:
n_persons	index	time        	depth
100000   	0    	4.677100e-03	39   
100000   	1    	5.125700e-03	37   
100000   	2    	5.239300e-03	36   
100000   	3    	5.438300e-03	37   

Número de nós em cada nível:
n_persons	index	time        	lvl0  	lvl1  	lvl2  	lvl3  	lvl4  	lvl5  	lvl6  	lvl7  	lvl8  	lvl9  	lvl10 	lvl11 	lvl12 	lvl13 	lvl14 	lvl15 	lvl16 	lvl17 	lvl18 	lvl19 	lvl20 	lvl21 	lvl22 	lvl23 	lvl24 	lvl25 	lvl26 	lvl27 	lvl28 	lvl29 	lvl30 	lvl31 	lvl32 	lvl33 	lvl34 	lvl35 	lvl36 	lvl37 	lvl38 	lvl39 
100000   	0    	4.581800e-03	1     	2     	4     	8     	15    	30    	59    	111   	211   	375   	630   	1037  	1610  	2350  	3367  	4609  	5850  	7060  	8131  	8833  	8992  	8618  	7971  	7066  	6027  	4708  	3652  	2786  	2045  	1436  	979   	634   	385   	217   	104   	51    	21    	12    	2     	1     
100000   	1    	4.239000e-03	1     	2     	4     	8     	16    	32    	64    	126   	245   	457   	815   	1366  	2097  	3057  	4166  	5353  	6439  	7420  	8001  	8398  	8502  	8051  	7437  	6735  	5736  	4614  	3576  	2570  	1757  	1191  	770   	514   	269   	127   	62    	16    	4     	2     	nan   	nan   
100000   	2    	4.703000e-03	1     	2     	4     	8     	16    	32    	64    	125   	236   	429   	761   	1249  	1969  	2907  	4056  	5411  	6737  	7830  	8600  	9009  	9031  	8624  	7793  	6746  	5443  	4113  	3041  	2146  	1398  	923   	599   	348   	216   	91    	32    	9     	1     	nan   	nan   	nan   
100000   	3    	4.984300e-03	1     	2     	4     	8     	16    	32    	62    	122   	229   	426   	744   	1251  	1934  	2796  	3847  	4988  	6093  	7207  	8025  	8549  	8635  	8368  	7962  	7167  	6131  	4893  	3588  	2544  	1707  	1099  	716   	431   	231   	114   	57    	18    	2     	1     	nan   	nan   

