Criação das árvores ordenadas:
n_persons	index	time        
100000   	0    	5.074470e-02
100000   	1    	6.930900e-02
100000   	2    	6.033400e-02
100000   	3    	4.629770e-02

Procura de nós nas árvores:
n_persons	index	time        
100000   	0    	5.246860e-02
100000   	1    	6.268220e-02
100000   	2    	5.770360e-02
100000   	3    	5.237900e-02

Maior profundidade das árvores:
n_persons	index	time        	depth
100000   	0    	4.492000e-03	38   
100000   	1    	4.382600e-03	38   
100000   	2    	4.918300e-03	45   
100000   	3    	5.236700e-03	38   

Número de nós em cada nível:
n_persons	index	time        	lvl0  	lvl1  	lvl2  	lvl3  	lvl4  	lvl5  	lvl6  	lvl7  	lvl8  	lvl9  	lvl10 	lvl11 	lvl12 	lvl13 	lvl14 	lvl15 	lvl16 	lvl17 	lvl18 	lvl19 	lvl20 	lvl21 	lvl22 	lvl23 	lvl24 	lvl25 	lvl26 	lvl27 	lvl28 	lvl29 	lvl30 	lvl31 	lvl32 	lvl33 	lvl34 	lvl35 	lvl36 	lvl37 	lvl38 	lvl39 	lvl40 	lvl41 	lvl42 	lvl43 	lvl44 	lvl45 
100000   	0    	4.133500e-03	1     	2     	4     	8     	16    	32    	61    	115   	212   	368   	656   	1092  	1738  	2571  	3676  	4920  	6313  	7481  	8425  	9015  	9155  	8764  	8153  	7109  	5792  	4565  	3289  	2388  	1592  	1087  	646   	332   	192   	109   	68    	31    	13    	7     	2     	nan   	nan   	nan   	nan   	nan   	nan   	nan   
100000   	1    	3.762500e-03	1     	2     	4     	8     	16    	32    	64    	127   	237   	418   	725   	1167  	1785  	2650  	3749  	4961  	6280  	7438  	8273  	8947  	9090  	8625  	7931  	6883  	5648  	4461  	3389  	2404  	1688  	1122  	730   	459   	274   	182   	110   	65    	36    	12    	7     	nan   	nan   	nan   	nan   	nan   	nan   	nan   
100000   	2    	4.583400e-03	1     	2     	4     	8     	16    	32    	64    	125   	228   	406   	669   	1070  	1594  	2312  	3198  	4191  	5267  	6255  	7103  	7714  	8024  	7917  	7584  	6926  	6155  	5228  	4344  	3529  	2776  	2085  	1599  	1252  	889   	551   	361   	221   	127   	79    	49    	22    	8     	6     	5     	2     	1     	1     
100000   	3    	4.724800e-03	1     	2     	4     	8     	15    	28    	54    	103   	197   	353   	602   	955   	1517  	2257  	3157  	4170  	5244  	6485  	7562  	8295  	8772  	8893  	8496  	7663  	6565  	5436  	4215  	3136  	2254  	1499  	901   	554   	295   	160   	81    	40    	18    	7     	6     	nan   	nan   	nan   	nan   	nan   	nan   	nan   

