Criação das árvores ordenadas:
n_persons	index	time        
100000   	0    	5.523260e-02
100000   	1    	6.790750e-02
100000   	2    	5.686320e-02
100000   	3    	5.030900e-02

Procura de nós nas árvores:
n_persons	index	time        
100000   	0    	5.898700e-02
100000   	1    	6.459290e-02
100000   	2    	5.952620e-02
100000   	3    	5.360280e-02

Maior profundidade das árvores:
n_persons	index	time        	depth
100000   	0    	5.035500e-03	38   
100000   	1    	5.365400e-03	41   
100000   	2    	6.962400e-03	41   
100000   	3    	5.101400e-03	42   

Número de nós em cada nível:
n_persons	index	time        	lvl0  	lvl1  	lvl2  	lvl3  	lvl4  	lvl5  	lvl6  	lvl7  	lvl8  	lvl9  	lvl10 	lvl11 	lvl12 	lvl13 	lvl14 	lvl15 	lvl16 	lvl17 	lvl18 	lvl19 	lvl20 	lvl21 	lvl22 	lvl23 	lvl24 	lvl25 	lvl26 	lvl27 	lvl28 	lvl29 	lvl30 	lvl31 	lvl32 	lvl33 	lvl34 	lvl35 	lvl36 	lvl37 	lvl38 	lvl39 	lvl40 	lvl41 	lvl42 
100000   	0    	4.344900e-03	1     	2     	4     	8     	16    	32    	64    	124   	239   	459   	824   	1397  	2207  	3170  	4297  	5488  	6562  	7574  	8215  	8628  	8615  	8277  	7527  	6509  	5429  	4337  	3307  	2379  	1685  	1087  	671   	402   	228   	123   	70    	31    	9     	2     	1     	nan   	nan   	nan   	nan   
100000   	1    	4.376100e-03	1     	2     	4     	8     	16    	32    	64    	122   	228   	430   	762   	1304  	2099  	3169  	4540  	5988  	7370  	8426  	9286  	9514  	9138  	8447  	7345  	5904  	4676  	3560  	2624  	1835  	1253  	807   	486   	279   	149   	61    	29    	12    	6     	4     	6     	7     	6     	1     	nan   
100000   	2    	5.461900e-03	1     	2     	4     	8     	16    	32    	64    	126   	242   	436   	755   	1251  	1947  	2849  	4008  	5224  	6507  	7575  	8350  	8845  	8821  	8256  	7492  	6400  	5318  	4180  	3153  	2358  	1776  	1340  	962   	652   	401   	265   	187   	105   	47    	22    	14    	7     	1     	1     	nan   
100000   	3    	4.372500e-03	1     	2     	4     	8     	16    	31    	61    	121   	229   	426   	755   	1234  	1977  	2967  	4226  	5607  	6837  	7865  	8584  	8840  	8655  	7945  	6963  	5902  	4820  	3865  	3059  	2395  	1852  	1373  	1006  	745   	527   	371   	240   	186   	138   	87    	47    	21    	8     	3     	1     

