Criação das árvores ordenadas:
n_persons	index	time        
100000   	0    	5.108640e-02
100000   	1    	6.109510e-02
100000   	2    	5.488880e-02
100000   	3    	4.972580e-02

Procura de nós nas árvores:
n_persons	index	time        
100000   	0    	5.435570e-02
100000   	1    	6.236860e-02
100000   	2    	5.717270e-02
100000   	3    	7.373190e-02

Maior profundidade das árvores:
n_persons	index	time        	depth
100000   	0    	5.501700e-03	40   
100000   	1    	1.176460e-02	37   
100000   	2    	7.373600e-03	39   
100000   	3    	9.768800e-03	38   

Número de nós em cada nível:
n_persons	index	time        	lvl0  	lvl1  	lvl2  	lvl3  	lvl4  	lvl5  	lvl6  	lvl7  	lvl8  	lvl9  	lvl10 	lvl11 	lvl12 	lvl13 	lvl14 	lvl15 	lvl16 	lvl17 	lvl18 	lvl19 	lvl20 	lvl21 	lvl22 	lvl23 	lvl24 	lvl25 	lvl26 	lvl27 	lvl28 	lvl29 	lvl30 	lvl31 	lvl32 	lvl33 	lvl34 	lvl35 	lvl36 	lvl37 	lvl38 	lvl39 	lvl40 
100000   	0    	5.200600e-03	1     	2     	4     	8     	16    	32    	63    	124   	240   	450   	801   	1349  	2177  	3193  	4506  	5992  	7262  	8226  	8955  	9106  	8924  	8211  	7248  	6145  	4979  	3791  	2749  	1941  	1290  	879   	550   	343   	192   	112   	76    	36    	17    	5     	2     	1     	2     
100000   	1    	5.350600e-03	1     	2     	4     	8     	16    	32    	63    	119   	222   	396   	671   	1121  	1824  	2757  	3847  	5094  	6342  	7516  	8355  	8899  	9098  	8890  	8081  	7006  	5880  	4646  	3404  	2296  	1557  	934   	511   	250   	100   	37    	13    	5     	2     	1     	nan   	nan   	nan   
100000   	2    	5.840600e-03	1     	2     	4     	8     	16    	32    	63    	122   	228   	393   	665   	1057  	1605  	2297  	3096  	3988  	4953  	5985  	7006  	7795  	8332  	8392  	8054  	7451  	6682  	5688  	4530  	3503  	2630  	1873  	1293  	873   	583   	347   	205   	115   	64    	38    	24    	7     	nan   
100000   	3    	5.315800e-03	1     	2     	4     	8     	16    	32    	63    	123   	227   	415   	685   	1074  	1643  	2378  	3279  	4341  	5478  	6477  	7308  	7988  	8402  	8414  	8078  	7410  	6512  	5437  	4352  	3319  	2342  	1622  	1099  	680   	407   	211   	99    	42    	20    	9     	3     	nan   	nan   

