Criação das árvores ordenadas:
n_persons	index	time        
100000   	0    	5.060810e-02
100000   	1    	6.207230e-02
100000   	2    	5.429040e-02
100000   	3    	7.199300e-02

Procura de nós nas árvores:
n_persons	index	time        
100000   	0    	9.005820e-02
100000   	1    	6.868690e-02
100000   	2    	5.590930e-02
100000   	3    	4.872740e-02

Maior profundidade das árvores:
n_persons	index	time        	depth
100000   	0    	4.449100e-03	41   
100000   	1    	4.491900e-03	40   
100000   	2    	5.113100e-03	36   
100000   	3    	4.817100e-03	38   

Número de nós em cada nível:
n_persons	index	time        	lvl0  	lvl1  	lvl2  	lvl3  	lvl4  	lvl5  	lvl6  	lvl7  	lvl8  	lvl9  	lvl10 	lvl11 	lvl12 	lvl13 	lvl14 	lvl15 	lvl16 	lvl17 	lvl18 	lvl19 	lvl20 	lvl21 	lvl22 	lvl23 	lvl24 	lvl25 	lvl26 	lvl27 	lvl28 	lvl29 	lvl30 	lvl31 	lvl32 	lvl33 	lvl34 	lvl35 	lvl36 	lvl37 	lvl38 	lvl39 	lvl40 	lvl41 
100000   	0    	3.990900e-03	1     	2     	4     	8     	16    	32    	63    	125   	240   	449   	783   	1251  	1901  	2768  	3812  	4935  	5949  	6858  	7682  	8078  	8270  	8195  	7660  	6862  	5921  	4981  	3945  	3012  	2224  	1509  	1005  	608   	382   	233   	121   	63    	32    	11    	4     	2     	2     	1     
100000   	1    	4.248000e-03	1     	2     	4     	8     	16    	31    	62    	122   	227   	402   	680   	1095  	1700  	2484  	3516  	4713  	5964  	7109  	7959  	8549  	8800  	8544  	8012  	7137  	6108  	5041  	3942  	2822  	1932  	1212  	798   	472   	253   	140   	71    	35    	17    	10    	6     	3     	1     	nan   
100000   	2    	4.417100e-03	1     	2     	4     	8     	16    	32    	62    	122   	228   	412   	709   	1178  	1798  	2559  	3588  	4720  	5830  	6959  	7952  	8594  	8717  	8574  	7910  	7009  	5994  	4968  	3939  	2937  	2103  	1344  	834   	459   	232   	127   	52    	20    	7     	nan   	nan   	nan   	nan   	nan   
100000   	3    	4.435200e-03	1     	2     	4     	8     	16    	32    	62    	123   	233   	421   	724   	1168  	1740  	2561  	3521  	4714  	5991  	7185  	8180  	8724  	8946  	8619  	7840  	6822  	5705  	4674  	3609  	2748  	2021  	1430  	931   	569   	319   	194   	93    	41    	22    	4     	3     	nan   	nan   	nan   

