Criação das árvores ordenadas:
n_persons	index	time        
100000   	0    	8.200190e-02
100000   	1    	6.953620e-02
100000   	2    	5.588680e-02
100000   	3    	5.022010e-02

Procura de nós nas árvores:
n_persons	index	time        
100000   	0    	5.329820e-02
100000   	1    	5.857310e-02
100000   	2    	6.312730e-02
100000   	3    	5.557650e-02

Maior profundidade das árvores:
n_persons	index	time        	depth
100000   	0    	4.538700e-03	40   
100000   	1    	4.620300e-03	37   
100000   	2    	5.071100e-03	41   
100000   	3    	5.208300e-03	41   

Número de nós em cada nível:
n_persons	index	time        	lvl0  	lvl1  	lvl2  	lvl3  	lvl4  	lvl5  	lvl6  	lvl7  	lvl8  	lvl9  	lvl10 	lvl11 	lvl12 	lvl13 	lvl14 	lvl15 	lvl16 	lvl17 	lvl18 	lvl19 	lvl20 	lvl21 	lvl22 	lvl23 	lvl24 	lvl25 	lvl26 	lvl27 	lvl28 	lvl29 	lvl30 	lvl31 	lvl32 	lvl33 	lvl34 	lvl35 	lvl36 	lvl37 	lvl38 	lvl39 	lvl40 	lvl41 
100000   	0    	4.228800e-03	1     	2     	4     	8     	16    	32    	63    	120   	220   	405   	725   	1187  	1849  	2683  	3662  	4728  	5849  	6842  	7840  	8474  	8589  	8269  	7635  	6728  	5689  	4799  	3860  	3005  	2229  	1643  	1116  	715   	440   	273   	146   	89    	40    	16    	5     	2     	2     	nan   
100000   	1    	4.083500e-03	1     	2     	4     	8     	16    	32    	62    	121   	228   	425   	752   	1259  	1996  	2914  	4029  	5232  	6446  	7584  	8351  	8763  	8815  	8304  	7680  	6743  	5730  	4650  	3498  	2461  	1617  	1017  	595   	335   	177   	80    	40    	19    	11    	3     	nan   	nan   	nan   	nan   
100000   	2    	4.583500e-03	1     	2     	4     	8     	16    	32    	63    	126   	246   	460   	812   	1356  	2132  	3104  	4240  	5560  	6779  	7886  	8595  	8885  	8805  	8328  	7459  	6567  	5330  	4157  	3091  	2186  	1502  	979   	575   	337   	188   	108   	43    	16    	10    	5     	3     	1     	1     	2     
100000   	3    	4.450100e-03	1     	2     	4     	8     	16    	32    	60    	114   	197   	334   	552   	863   	1246  	1720  	2276  	2909  	3726  	4549  	5520  	6417  	7239  	7958  	8240  	8147  	7725  	6914  	6092  	4914  	3826  	2863  	2054  	1439  	919   	515   	294   	154   	86    	46    	17    	6     	4     	2     

