Criação das árvores ordenadas:
n_persons	index	time        
100000   	0    	5.885190e-02
100000   	1    	6.364210e-02
100000   	2    	5.490380e-02
100000   	3    	4.781780e-02

Procura de nós nas árvores:
n_persons	index	time        
100000   	0    	5.320780e-02
100000   	1    	6.282910e-02
100000   	2    	5.933720e-02
100000   	3    	4.884370e-02

Maior profundidade das árvores:
n_persons	index	time        	depth
100000   	0    	4.716100e-03	43   
100000   	1    	4.546400e-03	40   
100000   	2    	5.087300e-03	38   
100000   	3    	5.056600e-03	39   

Número de nós em cada nível:
n_persons	index	time        	lvl0  	lvl1  	lvl2  	lvl3  	lvl4  	lvl5  	lvl6  	lvl7  	lvl8  	lvl9  	lvl10 	lvl11 	lvl12 	lvl13 	lvl14 	lvl15 	lvl16 	lvl17 	lvl18 	lvl19 	lvl20 	lvl21 	lvl22 	lvl23 	lvl24 	lvl25 	lvl26 	lvl27 	lvl28 	lvl29 	lvl30 	lvl31 	lvl32 	lvl33 	lvl34 	lvl35 	lvl36 	lvl37 	lvl38 	lvl39 	lvl40 	lvl41 	lvl42 	lvl43 
100000   	0    	4.108300e-03	1     	2     	4     	8     	16    	32    	63    	118   	217   	395   	689   	1157  	1828  	2801  	3977  	5358  	6773  	7977  	8936  	9471  	9576  	8894  	7752  	6532  	5135  	3926  	2884  	2047  	1363  	856   	502   	301   	163   	98    	58    	32    	25    	13    	9     	4     	3     	2     	1     	1     
100000   	1    	4.215100e-03	1     	2     	4     	8     	16    	31    	62    	117   	215   	394   	667   	1107  	1726  	2490  	3453  	4512  	5661  	6722  	7615  	8261  	8541  	8414  	7958  	7155  	6306  	5136  	3961  	2943  	2125  	1489  	1025  	698   	459   	279   	193   	114   	76    	38    	17    	7     	2     	nan   	nan   	nan   
100000   	2    	4.468800e-03	1     	2     	4     	8     	16    	32    	61    	115   	213   	359   	594   	974   	1552  	2363  	3364  	4418  	5610  	6656  	7469  	8138  	8383  	8372  	8068  	7438  	6446  	5331  	4167  	3111  	2339  	1641  	1111  	703   	449   	256   	137   	64    	24    	7     	4     	nan   	nan   	nan   	nan   	nan   
100000   	3    	4.311000e-03	1     	2     	4     	8     	16    	32    	62    	121   	237   	435   	753   	1221  	1861  	2706  	3585  	4507  	5576  	6404  	7155  	7641  	7990  	8045  	7663  	7028  	6214  	5365  	4412  	3489  	2591  	1783  	1188  	788   	481   	306   	151   	97    	51    	22    	6     	3     	nan   	nan   	nan   	nan   

