Criação das árvores ordenadas:
n_persons	index	time        
100000   	0    	5.058960e-02
100000   	1    	6.288380e-02
100000   	2    	5.287620e-02
100000   	3    	4.767110e-02

Procura de nós nas árvores:
n_persons	index	time        
100000   	0    	5.351190e-02
100000   	1    	1.374000e-01
100000   	2    	7.766570e-02
100000   	3    	5.481420e-02

Maior profundidade das árvores:
n_persons	index	time        	depth
100000   	0    	4.798400e-03	39   
100000   	1    	4.434000e-03	41   
100000   	2    	4.883500e-03	38   
100000   	3    	5.022400e-03	39   

Número de nós em cada nível:
n_persons	index	time        	lvl0  	lvl1  	lvl2  	lvl3  	lvl4  	lvl5  	lvl6  	lvl7  	lvl8  	lvl9  	lvl10 	lvl11 	lvl12 	lvl13 	lvl14 	lvl15 	lvl16 	lvl17 	lvl18 	lvl19 	lvl20 	lvl21 	lvl22 	lvl23 	lvl24 	lvl25 	lvl26 	lvl27 	lvl28 	lvl29 	lvl30 	lvl31 	lvl32 	lvl33 	lvl34 	lvl35 	lvl36 	lvl37 	lvl38 	lvl39 	lvl40 	lvl41 
100000   	0    	5.619400e-03	1     	2     	4     	8     	16    	32    	62    	123   	236   	444   	789   	1332  	2131  	3146  	4338  	5564  	6700  	7548  	8174  	8445  	8316  	7910  	7322  	6389  	5344  	4371  	3452  	2554  	1818  	1286  	856   	563   	334   	184   	98    	60    	31    	13    	3     	1     	nan   	nan   
100000   	1    	3.990100e-03	1     	2     	4     	8     	16    	32    	64    	124   	229   	414   	705   	1172  	1866  	2783  	3859  	4995  	6205  	7207  	8051  	8449  	8408  	7967  	7280  	6458  	5574  	4660  	3746  	2949  	2222  	1597  	1128  	736   	483   	281   	172   	84    	35    	11    	8     	9     	5     	1     
100000   	2    	4.302900e-03	1     	2     	4     	8     	16    	32    	64    	127   	244   	460   	815   	1354  	2084  	2978  	4011  	5091  	6134  	7088  	7837  	8431  	8525  	8219  	7537  	6566  	5666  	4704  	3806  	2802  	2035  	1338  	849   	532   	294   	168   	98    	51    	19    	9     	1     	nan   	nan   	nan   
100000   	3    	5.023400e-03	1     	2     	4     	8     	16    	32    	64    	125   	234   	426   	755   	1241  	1972  	2812  	3895  	5052  	6349  	7278  	8060  	8614  	8674  	8328  	7576  	6769  	5832  	4677  	3527  	2515  	1792  	1247  	837   	549   	328   	189   	88    	62    	38    	20    	9     	3     	nan   	nan   

