Criação das árvores ordenadas:
n_persons	index	time        
100000   	0    	8.494410e-02
100000   	1    	7.847370e-02
100000   	2    	6.572130e-02
100000   	3    	5.046440e-02

Procura de nós nas árvores:
n_persons	index	time        
100000   	0    	5.202150e-02
100000   	1    	6.632210e-02
100000   	2    	5.638320e-02
100000   	3    	5.069340e-02

Maior profundidade das árvores:
n_persons	index	time        	depth
100000   	0    	4.425900e-03	39   
100000   	1    	4.869100e-03	37   
100000   	2    	5.084300e-03	38   
100000   	3    	4.809500e-03	41   

Número de nós em cada nível:
n_persons	index	time        	lvl0  	lvl1  	lvl2  	lvl3  	lvl4  	lvl5  	lvl6  	lvl7  	lvl8  	lvl9  	lvl10 	lvl11 	lvl12 	lvl13 	lvl14 	lvl15 	lvl16 	lvl17 	lvl18 	lvl19 	lvl20 	lvl21 	lvl22 	lvl23 	lvl24 	lvl25 	lvl26 	lvl27 	lvl28 	lvl29 	lvl30 	lvl31 	lvl32 	lvl33 	lvl34 	lvl35 	lvl36 	lvl37 	lvl38 	lvl39 	lvl40 	lvl41 
100000   	0    	4.370400e-03	1     	2     	4     	8     	16    	32    	64    	123   	237   	450   	820   	1381  	2255  	3435  	4793  	6259  	7541  	8581  	9201  	9353  	8953  	8172  	7100  	5876  	4712  	3553  	2501  	1757  	1165  	748   	447   	239   	124   	50    	26    	10    	5     	2     	2     	2     	nan   	nan   
100000   	1    	4.190900e-03	1     	2     	4     	8     	16    	32    	64    	125   	235   	438   	759   	1266  	1965  	2848  	3961  	5178  	6389  	7432  	8272  	8734  	8837  	8518  	7751  	6823  	5704  	4596  	3490  	2486  	1606  	1038  	640   	388   	209   	107   	43    	27    	7     	1     	nan   	nan   	nan   	nan   
100000   	2    	4.559300e-03	1     	2     	4     	8     	16    	32    	64    	128   	248   	460   	781   	1263  	1933  	2854  	3924  	5229  	6429  	7636  	8525  	8890  	8859  	8497  	7756  	6636  	5423  	4253  	3170  	2288  	1596  	1136  	780   	490   	342   	187   	100   	39    	13    	7     	1     	nan   	nan   	nan   
100000   	3    	4.531700e-03	1     	2     	4     	8     	16    	31    	61    	118   	220   	387   	677   	1087  	1722  	2578  	3659  	4847  	6078  	7179  	8035  	8565  	8678  	8322  	7597  	6759  	5744  	4870  	3815  	2923  	2110  	1439  	970   	598   	370   	219   	124   	75    	49    	33    	16    	8     	4     	2     

