Criação das árvores ordenadas:
n_persons	index	time        
100000   	0    	5.315760e-02
100000   	1    	6.359450e-02
100000   	2    	6.059110e-02
100000   	3    	4.806470e-02

Procura de nós nas árvores:
n_persons	index	time        
100000   	0    	5.706980e-02
100000   	1    	6.806720e-02
100000   	2    	6.189010e-02
100000   	3    	5.314090e-02

Maior profundidade das árvores:
n_persons	index	time        	depth
100000   	0    	4.497100e-03	38   
100000   	1    	4.384900e-03	42   
100000   	2    	4.973500e-03	45   
100000   	3    	5.296300e-03	40   

Número de nós em cada nível:
n_persons	index	time        	lvl0  	lvl1  	lvl2  	lvl3  	lvl4  	lvl5  	lvl6  	lvl7  	lvl8  	lvl9  	lvl10 	lvl11 	lvl12 	lvl13 	lvl14 	lvl15 	lvl16 	lvl17 	lvl18 	lvl19 	lvl20 	lvl21 	lvl22 	lvl23 	lvl24 	lvl25 	lvl26 	lvl27 	lvl28 	lvl29 	lvl30 	lvl31 	lvl32 	lvl33 	lvl34 	lvl35 	lvl36 	lvl37 	lvl38 	lvl39 	lvl40 	lvl41 	lvl42 	lvl43 	lvl44 	lvl45 
100000   	0    	4.041400e-03	1     	2     	4     	8     	16    	32    	64    	128   	247   	459   	816   	1382  	2246  	3285  	4539  	5736  	6911  	7776  	8415  	8751  	8590  	8155  	7433  	6402  	5202  	4141  	3036  	2133  	1489  	1025  	655   	406   	249   	131   	80    	39    	14    	1     	1     	nan   	nan   	nan   	nan   	nan   	nan   	nan   
100000   	1    	4.091900e-03	1     	2     	4     	8     	16    	27    	50    	89    	160   	297   	527   	890   	1436  	2279  	3288  	4523  	5760  	7130  	8099  	8750  	9107  	8862  	8181  	7211  	6099  	4925  	3734  	2737  	1939  	1316  	929   	563   	372   	264   	170   	105   	64    	34    	21    	18    	9     	3     	1     	nan   	nan   	nan   
100000   	2    	5.595300e-03	1     	2     	4     	8     	16    	31    	61    	113   	213   	373   	642   	1035  	1611  	2360  	3300  	4327  	5410  	6283  	7094  	7751  	8041  	8087  	7748  	7096  	6247  	5370  	4329  	3449  	2637  	1916  	1406  	971   	647   	435   	284   	207   	139   	90    	67    	60    	46    	38    	29    	21    	4     	1     
100000   	3    	5.665300e-03	1     	2     	4     	8     	16    	32    	64    	126   	237   	426   	732   	1214  	1835  	2675  	3695  	4946  	6183  	7272  	8141  	8907  	9198  	8864  	8103  	6985  	5703  	4576  	3416  	2375  	1616  	1036  	651   	398   	235   	146   	91    	45    	28    	12    	3     	2     	1     	nan   	nan   	nan   	nan   	nan   

