Criação das árvores ordenadas:
n_persons	index	time        
100000   	0    	5.221490e-02
100000   	1    	6.444160e-02
100000   	2    	8.555250e-02
100000   	3    	1.246233e-01

Procura de nós nas árvores:
n_persons	index	time        
100000   	0    	7.397400e-02
100000   	1    	8.408820e-02
100000   	2    	5.964360e-02
100000   	3    	4.985430e-02

Maior profundidade das árvores:
n_persons	index	time        	depth
100000   	0    	4.538300e-03	41   
100000   	1    	4.409400e-03	39   
100000   	2    	5.351900e-03	37   
100000   	3    	4.841500e-03	39   

Número de nós em cada nível:
n_persons	index	time        	lvl0  	lvl1  	lvl2  	lvl3  	lvl4  	lvl5  	lvl6  	lvl7  	lvl8  	lvl9  	lvl10 	lvl11 	lvl12 	lvl13 	lvl14 	lvl15 	lvl16 	lvl17 	lvl18 	lvl19 	lvl20 	lvl21 	lvl22 	lvl23 	lvl24 	lvl25 	lvl26 	lvl27 	lvl28 	lvl29 	lvl30 	lvl31 	lvl32 	lvl33 	lvl34 	lvl35 	lvl36 	lvl37 	lvl38 	lvl39 	lvl40 	lvl41 
100000   	0    	3.861800e-03	1     	2     	4     	8     	16    	29    	55    	103   	192   	345   	598   	970   	1548  	2362  	3378  	4491  	5628  	6469  	7119  	7442  	7645  	7498  	7120  	6459  	5769  	5059  	4369  	3721  	3095  	2512  	1889  	1425  	999   	690   	441   	266   	150   	72    	37    	16    	5     	3     
100000   	1    	3.982800e-03	1     	2     	4     	8     	16    	32    	63    	124   	233   	418   	727   	1188  	1911  	2856  	4012  	5261  	6464  	7572  	8431  	8985  	9034  	8541  	7723  	6639  	5528  	4297  	3275  	2376  	1630  	1061  	679   	378   	225   	137   	85    	41    	25    	12    	5     	1     	nan   	nan   
100000   	2    	5.435800e-03	1     	2     	4     	8     	16    	32    	63    	123   	230   	413   	693   	1176  	1907  	2929  	4266  	5757  	7168  	8365  	9080  	9461  	9243  	8641  	7607  	6363  	5102  	3772  	2743  	1889  	1211  	760   	461   	284   	127   	57    	30    	10    	5     	1     	nan   	nan   	nan   	nan   
100000   	3    	4.419400e-03	1     	2     	4     	8     	16    	30    	57    	102   	176   	305   	526   	877   	1395  	2099  	3061  	4180  	5533  	6860  	8006  	8676  	9032  	8798  	8178  	7218  	6141  	4996  	3872  	3037  	2293  	1614  	1122  	739   	437   	249   	155   	93    	61    	34    	12    	5     	nan   	nan   

