Criação das árvores ordenadas:
n_persons	index	time        
100000   	0    	5.813930e-02
100000   	1    	6.778240e-02
100000   	2    	5.444070e-02
100000   	3    	5.108390e-02

Procura de nós nas árvores:
n_persons	index	time        
100000   	0    	5.748870e-02
100000   	1    	6.300500e-02
100000   	2    	6.260510e-02
100000   	3    	5.524850e-02

Maior profundidade das árvores:
n_persons	index	time        	depth
100000   	0    	5.016900e-03	42   
100000   	1    	5.300600e-03	41   
100000   	2    	5.894600e-03	38   
100000   	3    	5.387400e-03	38   

Número de nós em cada nível:
n_persons	index	time        	lvl0  	lvl1  	lvl2  	lvl3  	lvl4  	lvl5  	lvl6  	lvl7  	lvl8  	lvl9  	lvl10 	lvl11 	lvl12 	lvl13 	lvl14 	lvl15 	lvl16 	lvl17 	lvl18 	lvl19 	lvl20 	lvl21 	lvl22 	lvl23 	lvl24 	lvl25 	lvl26 	lvl27 	lvl28 	lvl29 	lvl30 	lvl31 	lvl32 	lvl33 	lvl34 	lvl35 	lvl36 	lvl37 	lvl38 	lvl39 	lvl40 	lvl41 	lvl42 
100000   	0    	4.615800e-03	1     	2     	4     	8     	16    	32    	63    	122   	225   	407   	673   	1066  	1713  	2545  	3434  	4549  	5691  	6745  	7646  	8267  	8557  	8588  	8108  	7197  	6199  	5054  	3931  	2939  	2159  	1543  	1028  	637   	379   	217   	114   	61    	34    	25    	10    	6     	3     	1     	1     
100000   	1    	5.093500e-03	1     	2     	4     	8     	16    	32    	59    	115   	206   	374   	644   	1088  	1733  	2554  	3550  	4740  	5935  	6957  	7761  	8347  	8522  	8225  	7701  	6807  	5856  	4901  	3871  	3051  	2302  	1678  	1143  	734   	447   	260   	161   	92    	57    	33    	18    	9     	5     	1     	nan   
100000   	2    	5.030900e-03	1     	2     	4     	8     	16    	32    	64    	124   	235   	440   	778   	1291  	1999  	2960  	4146  	5451  	6707  	7803  	8636  	9087  	9142  	8755  	7884  	6733  	5390  	4103  	2928  	1919  	1291  	804   	539   	308   	183   	114   	55    	30    	24    	11    	3     	nan   	nan   	nan   	nan   
100000   	3    	5.055700e-03	1     	2     	4     	8     	16    	32    	62    	114   	201   	344   	562   	900   	1338  	1964  	2801  	3900  	5183  	6479  	7675  	8641  	9128  	9090  	8518  	7529  	6340  	5091  	4047  	3097  	2384  	1709  	1165  	758   	449   	267   	108   	56    	25    	9     	3     	nan   	nan   	nan   	nan   

