Criação das árvores ordenadas:
n_persons	index	time        
100000   	0    	5.150780e-02
100000   	1    	6.187430e-02
100000   	2    	5.923700e-02
100000   	3    	4.559010e-02

Procura de nós nas árvores:
n_persons	index	time        
100000   	0    	5.666460e-02
100000   	1    	7.011100e-02
100000   	2    	5.830550e-02
100000   	3    	4.996650e-02

Maior profundidade das árvores:
n_persons	index	time        	depth
100000   	0    	4.644200e-03	37   
100000   	1    	4.431200e-03	40   
100000   	2    	4.795400e-03	38   
100000   	3    	5.436100e-03	36   

Número de nós em cada nível:
n_persons	index	time        	lvl0  	lvl1  	lvl2  	lvl3  	lvl4  	lvl5  	lvl6  	lvl7  	lvl8  	lvl9  	lvl10 	lvl11 	lvl12 	lvl13 	lvl14 	lvl15 	lvl16 	lvl17 	lvl18 	lvl19 	lvl20 	lvl21 	lvl22 	lvl23 	lvl24 	lvl25 	lvl26 	lvl27 	lvl28 	lvl29 	lvl30 	lvl31 	lvl32 	lvl33 	lvl34 	lvl35 	lvl36 	lvl37 	lvl38 	lvl39 	lvl40 
100000   	0    	4.794200e-03	1     	2     	4     	8     	16    	32    	64    	116   	213   	376   	646   	1078  	1740  	2574  	3574  	4739  	6027  	7214  	8262  	9031  	9294  	9201  	8481  	7352  	5985  	4609  	3427  	2333  	1490  	954   	532   	307   	165   	88    	42    	15    	6     	2     	nan   	nan   	nan   
100000   	1    	4.057600e-03	1     	2     	4     	8     	16    	32    	64    	125   	236   	415   	708   	1140  	1715  	2503  	3503  	4689  	5918  	7062  	8124  	8958  	9167  	8987  	8259  	7230  	6063  	4758  	3524  	2540  	1710  	1109  	638   	369   	208   	108   	55    	32    	12    	5     	1     	1     	1     
100000   	2    	4.780600e-03	1     	2     	4     	8     	16    	32    	61    	113   	198   	338   	532   	852   	1305  	1912  	2689  	3663  	4853  	6116  	7333  	8305  	8894  	8953  	8632  	7848  	6767  	5622  	4432  	3445  	2574  	1804  	1184  	724   	408   	225   	102   	39    	11    	2     	1     	nan   	nan   
100000   	3    	4.974000e-03	1     	2     	4     	8     	16    	32    	64    	128   	243   	438   	768   	1238  	1929  	2949  	4264  	5754  	7141  	8335  	9028  	9379  	9169  	8521  	7615  	6454  	5131  	3840  	2728  	1853  	1222  	754   	446   	261   	161   	77    	30    	14    	3     	nan   	nan   	nan   	nan   

