Criação das árvores ordenadas:
n_persons	index	time        
100000   	0    	1.122049e-01
100000   	1    	8.595030e-02
100000   	2    	8.871360e-02
100000   	3    	9.422030e-02

Procura de nós nas árvores:
n_persons	index	time        
100000   	0    	9.543290e-02
100000   	1    	7.391250e-02
100000   	2    	6.103950e-02
100000   	3    	6.989610e-02

Maior profundidade das árvores:
n_persons	index	time        	depth
100000   	0    	5.106300e-03	38   
100000   	1    	5.219200e-03	40   
100000   	2    	5.526600e-03	37   
100000   	3    	5.662800e-03	41   

Número de nós em cada nível:
n_persons	index	time        	lvl0  	lvl1  	lvl2  	lvl3  	lvl4  	lvl5  	lvl6  	lvl7  	lvl8  	lvl9  	lvl10 	lvl11 	lvl12 	lvl13 	lvl14 	lvl15 	lvl16 	lvl17 	lvl18 	lvl19 	lvl20 	lvl21 	lvl22 	lvl23 	lvl24 	lvl25 	lvl26 	lvl27 	lvl28 	lvl29 	lvl30 	lvl31 	lvl32 	lvl33 	lvl34 	lvl35 	lvl36 	lvl37 	lvl38 	lvl39 	lvl40 	lvl41 
100000   	0    	5.097200e-03	1     	2     	4     	8     	16    	32    	62    	122   	235   	435   	768   	1280  	2021  	2928  	4015  	5187  	6219  	7236  	8064  	8445  	8550  	8267  	7670  	6863  	5850  	4693  	3535  	2683  	1937  	1257  	731   	423   	247   	124   	56    	26    	5     	2     	1     	nan   	nan   	nan   
100000   	1    	5.246700e-03	1     	2     	4     	8     	16    	32    	64    	125   	234   	434   	756   	1249  	1913  	2764  	3732  	4882  	6049  	6977  	7791  	8339  	8547  	8246  	7638  	6764  	5648  	4579  	3731  	2885  	2134  	1493  	1022  	706   	480   	307   	204   	134   	66    	27    	12    	4     	1     	nan   
100000   	2    	4.632400e-03	1     	2     	4     	8     	16    	32    	64    	127   	248   	467   	840   	1418  	2257  	3279  	4470  	5802  	7098  	8302  	8856  	8970  	8675  	8168  	7394  	6254  	5181  	3950  	2938  	1975  	1321  	829   	510   	275   	144   	69    	35    	12    	6     	3     	nan   	nan   	nan   	nan   
100000   	3    	4.941900e-03	1     	2     	4     	8     	16    	32    	64    	126   	242   	438   	764   	1285  	2013  	2961  	4103  	5336  	6539  	7575  	8416  	8779  	8657  	8200  	7420  	6418  	5282  	4204  	3237  	2362  	1731  	1298  	871   	584   	364   	256   	180   	99    	61    	42    	19    	8     	2     	1     

