Criação das árvores ordenadas:
n_persons	index	time        
100000   	0    	6.672400e-02
100000   	1    	9.384810e-02
100000   	2    	5.947830e-02
100000   	3    	5.342870e-02

Procura de nós nas árvores:
n_persons	index	time        
100000   	0    	1.075462e-01
100000   	1    	1.673956e-01
100000   	2    	1.352593e-01
100000   	3    	1.525973e-01

Maior profundidade das árvores:
n_persons	index	time        	depth
100000   	0    	7.163000e-03	43   
100000   	1    	5.968800e-03	40   
100000   	2    	6.303600e-03	38   
100000   	3    	8.046300e-03	41   

Número de nós em cada nível:
n_persons	index	time        	lvl0  	lvl1  	lvl2  	lvl3  	lvl4  	lvl5  	lvl6  	lvl7  	lvl8  	lvl9  	lvl10 	lvl11 	lvl12 	lvl13 	lvl14 	lvl15 	lvl16 	lvl17 	lvl18 	lvl19 	lvl20 	lvl21 	lvl22 	lvl23 	lvl24 	lvl25 	lvl26 	lvl27 	lvl28 	lvl29 	lvl30 	lvl31 	lvl32 	lvl33 	lvl34 	lvl35 	lvl36 	lvl37 	lvl38 	lvl39 	lvl40 	lvl41 	lvl42 	lvl43 
100000   	0    	5.978600e-03	1     	2     	4     	8     	16    	32    	62    	118   	208   	367   	625   	1007  	1549  	2267  	3213  	4263  	5439  	6571  	7492  	8065  	8349  	8288  	7964  	7230  	6257  	5216  	4186  	3274  	2496  	1855  	1308  	881   	589   	360   	195   	91    	58    	30    	25    	16    	10    	8     	3     	2     
100000   	1    	5.230000e-03	1     	2     	4     	8     	16    	32    	62    	122   	236   	437   	764   	1239  	1932  	2834  	3953  	5243  	6470  	7588  	8422  	8771  	8683  	8309  	7523  	6497  	5450  	4407  	3367  	2601  	1860  	1254  	828   	508   	284   	146   	85    	32    	15    	7     	4     	3     	1     	nan   	nan   	nan   
100000   	2    	1.463690e-02	1     	2     	4     	8     	16    	32    	63    	123   	237   	438   	800   	1333  	2116  	3126  	4299  	5474  	6527  	7426  	8163  	8476  	8493  	8127  	7397  	6510  	5406  	4326  	3346  	2515  	1851  	1274  	814   	541   	323   	197   	111   	61    	31    	11    	2     	nan   	nan   	nan   	nan   	nan   
100000   	3    	5.083000e-03	1     	2     	4     	8     	15    	27    	49    	88    	139   	221   	350   	554   	875   	1299  	1917  	2663  	3527  	4427  	5247  	6022  	6502  	6874  	7119  	7225  	6987  	6618  	6094  	5534  	4829  	4011  	3195  	2447  	1810  	1344  	889   	522   	297   	163   	68    	27    	8     	2     	nan   	nan   

