Criação das árvores ordenadas:
n_persons	index	time        
100000   	0    	5.697970e-02
100000   	1    	6.436780e-02
100000   	2    	5.599690e-02
100000   	3    	4.691150e-02

Procura de nós nas árvores:
n_persons	index	time        
100000   	0    	5.208680e-02
100000   	1    	5.870590e-02
100000   	2    	5.534220e-02
100000   	3    	4.808930e-02

Maior profundidade das árvores:
n_persons	index	time        	depth
100000   	0    	4.710900e-03	42   
100000   	1    	4.483000e-03	43   
100000   	2    	5.007200e-03	40   
100000   	3    	4.960300e-03	38   

Número de nós em cada nível:
n_persons	index	time        	lvl0  	lvl1  	lvl2  	lvl3  	lvl4  	lvl5  	lvl6  	lvl7  	lvl8  	lvl9  	lvl10 	lvl11 	lvl12 	lvl13 	lvl14 	lvl15 	lvl16 	lvl17 	lvl18 	lvl19 	lvl20 	lvl21 	lvl22 	lvl23 	lvl24 	lvl25 	lvl26 	lvl27 	lvl28 	lvl29 	lvl30 	lvl31 	lvl32 	lvl33 	lvl34 	lvl35 	lvl36 	lvl37 	lvl38 	lvl39 	lvl40 	lvl41 	lvl42 	lvl43 
100000   	0    	3.895600e-03	1     	2     	4     	8     	16    	32    	61    	111   	192   	323   	490   	743   	1095  	1562  	2210  	3055  	4061  	5148  	6354  	7525  	8302  	8730  	8600  	8265  	7438  	6383  	5211  	4060  	2989  	2140  	1532  	1077  	760   	553   	369   	243   	162   	84    	54    	32    	12    	9     	2     	nan   
100000   	1    	5.412000e-03	1     	2     	4     	8     	16    	32    	62    	116   	223   	408   	721   	1160  	1793  	2639  	3643  	4845  	6035  	7033  	7864  	8396  	8478  	8331  	7658  	6962  	5918  	4782  	3790  	2879  	2100  	1475  	967   	631   	387   	237   	140   	86    	69    	50    	25    	18    	10    	4     	1     	1     
100000   	2    	4.391100e-03	1     	2     	4     	8     	16    	32    	64    	123   	223   	395   	688   	1125  	1764  	2505  	3376  	4229  	5104  	5821  	6353  	6737  	6981  	7287  	7150  	6796  	6415  	5905  	5071  	4236  	3412  	2631  	1975  	1392  	938   	570   	321   	175   	99    	46    	20    	9     	1     	nan   	nan   	nan   
100000   	3    	4.436700e-03	1     	2     	4     	8     	16    	32    	64    	127   	245   	449   	791   	1261  	1934  	2901  	4100  	5404  	6691  	7832  	8787  	9156  	9008  	8436  	7523  	6515  	5301  	4034  	3086  	2199  	1535  	1042  	629   	380   	233   	130   	76    	39    	19    	8     	2     	nan   	nan   	nan   	nan   	nan   

