Criação das árvores ordenadas:
n_persons	index	time        
100000   	0    	5.243550e-02
100000   	1    	5.946560e-02
100000   	2    	6.211990e-02
100000   	3    	4.952110e-02

Procura de nós nas árvores:
n_persons	index	time        
100000   	0    	7.472700e-02
100000   	1    	9.562640e-02
100000   	2    	6.328590e-02
100000   	3    	4.955630e-02

Maior profundidade das árvores:
n_persons	index	time        	depth
100000   	0    	4.237200e-03	40   
100000   	1    	4.203200e-03	38   
100000   	2    	5.171700e-03	39   
100000   	3    	5.164600e-03	39   

Número de nós em cada nível:
n_persons	index	time        	lvl0  	lvl1  	lvl2  	lvl3  	lvl4  	lvl5  	lvl6  	lvl7  	lvl8  	lvl9  	lvl10 	lvl11 	lvl12 	lvl13 	lvl14 	lvl15 	lvl16 	lvl17 	lvl18 	lvl19 	lvl20 	lvl21 	lvl22 	lvl23 	lvl24 	lvl25 	lvl26 	lvl27 	lvl28 	lvl29 	lvl30 	lvl31 	lvl32 	lvl33 	lvl34 	lvl35 	lvl36 	lvl37 	lvl38 	lvl39 	lvl40 
100000   	0    	3.859700e-03	1     	2     	4     	8     	16    	32    	62    	116   	223   	397   	689   	1158  	1817  	2714  	3911  	5325  	6821  	8048  	9007  	9490  	9509  	8977  	7913  	6668  	5293  	3977  	2765  	1904  	1279  	815   	486   	276   	138   	82    	33    	15    	12    	8     	7     	1     	1     
100000   	1    	3.944400e-03	1     	2     	4     	8     	16    	32    	63    	124   	233   	431   	767   	1276  	2065  	3102  	4406  	5836  	7199  	8445  	9244  	9542  	9250  	8633  	7652  	6158  	4910  	3647  	2560  	1693  	1092  	685   	386   	251   	130   	79    	47    	22    	7     	1     	1     	nan   	nan   
100000   	2    	4.475300e-03	1     	2     	4     	8     	15    	28    	56    	111   	203   	357   	581   	899   	1340  	1859  	2508  	3223  	4008  	4865  	5617  	6377  	7108  	7646  	7825  	7780  	7477  	6732  	5773  	4771  	3734  	2892  	2154  	1517  	1067  	696   	406   	201   	108   	34    	14    	3     	nan   
100000   	3    	4.473700e-03	1     	2     	4     	8     	16    	32    	64    	123   	230   	414   	721   	1210  	1865  	2764  	3848  	5127  	6424  	7548  	8353  	8854  	8849  	8349  	7594  	6724  	5513  	4452  	3422  	2503  	1732  	1210  	807   	514   	311   	203   	110   	56    	24    	14    	4     	1     	nan   

