Criação das árvores ordenadas:
n_persons	index	time        
100000   	0    	5.577650e-02
100000   	1    	6.359020e-02
100000   	2    	7.799290e-02
100000   	3    	5.628230e-02

Procura de nós nas árvores:
n_persons	index	time        
100000   	0    	8.220890e-02
100000   	1    	1.763099e-01
100000   	2    	8.052670e-02
100000   	3    	5.497650e-02

Maior profundidade das árvores:
n_persons	index	time        	depth
100000   	0    	4.634500e-03	40   
100000   	1    	4.529200e-03	41   
100000   	2    	5.373400e-03	42   
100000   	3    	5.079500e-03	38   

Número de nós em cada nível:
n_persons	index	time        	lvl0  	lvl1  	lvl2  	lvl3  	lvl4  	lvl5  	lvl6  	lvl7  	lvl8  	lvl9  	lvl10 	lvl11 	lvl12 	lvl13 	lvl14 	lvl15 	lvl16 	lvl17 	lvl18 	lvl19 	lvl20 	lvl21 	lvl22 	lvl23 	lvl24 	lvl25 	lvl26 	lvl27 	lvl28 	lvl29 	lvl30 	lvl31 	lvl32 	lvl33 	lvl34 	lvl35 	lvl36 	lvl37 	lvl38 	lvl39 	lvl40 	lvl41 	lvl42 
100000   	0    	4.843100e-03	1     	2     	4     	8     	16    	32    	63    	123   	234   	440   	800   	1384  	2259  	3366  	4669  	6068  	7430  	8498  	9102  	9287  	8891  	7945  	6711  	5535  	4532  	3585  	2712  	1971  	1432  	1060  	721   	452   	289   	174   	101   	56    	21    	12    	5     	4     	5     	nan   	nan   
100000   	1    	4.807200e-03	1     	2     	4     	8     	16    	32    	62    	122   	234   	443   	787   	1309  	2084  	3051  	4199  	5433  	6605  	7536  	8267  	8307  	8170  	7755  	7108  	6254  	5375  	4486  	3650  	2937  	2118  	1457  	919   	561   	323   	181   	100   	49    	29    	9     	7     	5     	4     	1     	nan   
100000   	2    	4.624800e-03	1     	2     	4     	8     	16    	30    	57    	102   	183   	325   	546   	916   	1447  	2145  	3058  	4023  	4969  	5884  	6594  	7105  	7413  	7484  	7436  	7175  	6684  	5927  	5146  	4234  	3309  	2440  	1778  	1268  	841   	593   	355   	232   	130   	61    	33    	26    	12    	6     	2     
100000   	3    	4.647400e-03	1     	2     	4     	8     	16    	32    	63    	123   	224   	410   	701   	1165  	1878  	2776  	3881  	5161  	6638  	8018  	8987  	9471  	9460  	8863  	7741  	6490  	5172  	3977  	2945  	2069  	1449  	969   	582   	340   	172   	98    	58    	35    	14    	6     	1     	nan   	nan   	nan   	nan   

