Criação das árvores ordenadas:
n_persons	index	time        
100000   	0    	5.875640e-02
100000   	1    	6.563130e-02
100000   	2    	5.678840e-02
100000   	3    	4.996070e-02

Procura de nós nas árvores:
n_persons	index	time        
100000   	0    	6.225260e-02
100000   	1    	6.636130e-02
100000   	2    	5.780830e-02
100000   	3    	5.243360e-02

Maior profundidade das árvores:
n_persons	index	time        	depth
100000   	0    	4.626300e-03	44   
100000   	1    	4.907600e-03	44   
100000   	2    	5.548700e-03	43   
100000   	3    	5.073600e-03	41   

Número de nós em cada nível:
n_persons	index	time        	lvl0  	lvl1  	lvl2  	lvl3  	lvl4  	lvl5  	lvl6  	lvl7  	lvl8  	lvl9  	lvl10 	lvl11 	lvl12 	lvl13 	lvl14 	lvl15 	lvl16 	lvl17 	lvl18 	lvl19 	lvl20 	lvl21 	lvl22 	lvl23 	lvl24 	lvl25 	lvl26 	lvl27 	lvl28 	lvl29 	lvl30 	lvl31 	lvl32 	lvl33 	lvl34 	lvl35 	lvl36 	lvl37 	lvl38 	lvl39 	lvl40 	lvl41 	lvl42 	lvl43 	lvl44 
100000   	0    	4.375800e-03	1     	2     	4     	8     	16    	32    	64    	126   	237   	428   	721   	1192  	1825  	2636  	3609  	4569  	5431  	6161  	6689  	6955  	6958  	6763  	6426  	6125  	5815  	5321  	4708  	4228  	3517  	2807  	2184  	1559  	1065  	735   	461   	253   	154   	99    	56    	33    	14    	8     	3     	1     	1     
100000   	1    	3.977100e-03	1     	2     	4     	8     	16    	32    	60    	113   	209   	358   	586   	946   	1482  	2183  	3063  	4205  	5399  	6694  	7844  	8644  	8986  	9027  	8362  	7546  	6447  	5121  	3940  	2953  	2117  	1464  	923   	570   	306   	171   	95    	48    	31    	17    	8     	7     	6     	2     	2     	1     	1     
100000   	2    	4.233800e-03	1     	2     	4     	8     	16    	32    	64    	125   	235   	418   	710   	1140  	1713  	2393  	3157  	4084  	4930  	5666  	6414  	6945  	7146  	7204  	6992  	6605  	6002  	5308  	4721  	4052  	3421  	2788  	2254  	1716  	1267  	902   	618   	388   	236   	150   	91    	40    	25    	13    	3     	1     	nan   
100000   	3    	4.391300e-03	1     	2     	4     	8     	16    	32    	63    	122   	228   	413   	719   	1225  	1951  	2935  	4104  	5440  	6704  	7751  	8611  	8985  	8905  	8457  	7573  	6382  	5186  	4071  	3024  	2254  	1626  	1107  	792   	483   	303   	207   	132   	83    	52    	25    	16    	5     	2     	1     	nan   	nan   	nan   

