Criação das árvores ordenadas:
n_persons	index	time        
100000   	0    	5.215800e-02
100000   	1    	6.524860e-02
100000   	2    	5.557960e-02
100000   	3    	4.783150e-02

Procura de nós nas árvores:
n_persons	index	time        
100000   	0    	5.380480e-02
100000   	1    	6.406950e-02
100000   	2    	5.658540e-02
100000   	3    	5.033630e-02

Maior profundidade das árvores:
n_persons	index	time        	depth
100000   	0    	4.712500e-03	42   
100000   	1    	6.027300e-03	43   
100000   	2    	5.113700e-03	37   
100000   	3    	5.288000e-03	41   

Número de nós em cada nível:
n_persons	index	time        	lvl0  	lvl1  	lvl2  	lvl3  	lvl4  	lvl5  	lvl6  	lvl7  	lvl8  	lvl9  	lvl10 	lvl11 	lvl12 	lvl13 	lvl14 	lvl15 	lvl16 	lvl17 	lvl18 	lvl19 	lvl20 	lvl21 	lvl22 	lvl23 	lvl24 	lvl25 	lvl26 	lvl27 	lvl28 	lvl29 	lvl30 	lvl31 	lvl32 	lvl33 	lvl34 	lvl35 	lvl36 	lvl37 	lvl38 	lvl39 	lvl40 	lvl41 	lvl42 	lvl43 
100000   	0    	3.816800e-03	1     	2     	4     	8     	16    	32    	59    	106   	180   	302   	493   	798   	1236  	1880  	2723  	3750  	4784  	5966  	7043  	7788  	8367  	8442  	8280  	7801  	6933  	5867  	4769  	3617  	2687  	1912  	1367  	933   	631   	447   	281   	181   	120   	78    	41    	29    	24    	16    	6     	nan   
100000   	1    	3.907600e-03	1     	2     	4     	8     	16    	32    	62    	118   	221   	366   	585   	914   	1355  	1802  	2287  	2933  	3569  	4370  	5091  	5810  	6482  	7002  	7358  	7644  	7417  	7094  	6424  	5463  	4399  	3388  	2625  	1857  	1256  	832   	508   	324   	193   	104   	48    	19    	9     	6     	1     	1     
100000   	2    	4.737700e-03	1     	2     	4     	8     	16    	32    	61    	115   	213   	380   	651   	1052  	1697  	2650  	3864  	5313  	6814  	8042  	9102  	9630  	9674  	9138  	8155  	6875  	5417  	3996  	2770  	1856  	1126  	626   	355   	193   	91    	44    	20    	10    	5     	2     	nan   	nan   	nan   	nan   	nan   	nan   
100000   	3    	4.903100e-03	1     	2     	4     	8     	16    	32    	64    	124   	236   	433   	756   	1261  	2006  	2935  	4038  	5289  	6473  	7499  	8201  	8646  	8607  	8232  	7551  	6638  	5587  	4452  	3431  	2466  	1785  	1185  	780   	513   	333   	199   	106   	62    	27    	13    	3     	2     	3     	1     	nan   	nan   

