Criação das árvores ordenadas:
n_persons	index	time        
100000   	0    	5.530610e-02
100000   	1    	6.392980e-02
100000   	2    	5.726770e-02
100000   	3    	5.008860e-02

Procura de nós nas árvores:
n_persons	index	time        
100000   	0    	5.278660e-02
100000   	1    	5.874390e-02
100000   	2    	5.878740e-02
100000   	3    	4.771290e-02

Maior profundidade das árvores:
n_persons	index	time        	depth
100000   	0    	4.494900e-03	41   
100000   	1    	4.361900e-03	39   
100000   	2    	4.909700e-03	43   
100000   	3    	4.967500e-03	41   

Número de nós em cada nível:
n_persons	index	time        	lvl0  	lvl1  	lvl2  	lvl3  	lvl4  	lvl5  	lvl6  	lvl7  	lvl8  	lvl9  	lvl10 	lvl11 	lvl12 	lvl13 	lvl14 	lvl15 	lvl16 	lvl17 	lvl18 	lvl19 	lvl20 	lvl21 	lvl22 	lvl23 	lvl24 	lvl25 	lvl26 	lvl27 	lvl28 	lvl29 	lvl30 	lvl31 	lvl32 	lvl33 	lvl34 	lvl35 	lvl36 	lvl37 	lvl38 	lvl39 	lvl40 	lvl41 	lvl42 	lvl43 
100000   	0    	3.918900e-03	1     	2     	4     	8     	16    	31    	60    	109   	193   	342   	557   	893   	1328  	1956  	2816  	3845  	5039  	6212  	7250  	8209  	8748  	8767  	8477  	7746  	6759  	5612  	4579  	3495  	2494  	1780  	1133  	708   	406   	221   	106   	52    	21    	10    	5     	5     	4     	1     	nan   	nan   
100000   	1    	4.310000e-03	1     	2     	4     	8     	16    	32    	63    	123   	240   	425   	713   	1130  	1702  	2449  	3346  	4363  	5354  	6367  	7178  	7793  	8173  	8365  	8074  	7580  	6591  	5552  	4402  	3342  	2408  	1639  	1059  	659   	395   	230   	121   	65    	22    	8     	4     	2     	nan   	nan   	nan   	nan   
100000   	2    	4.423900e-03	1     	2     	4     	8     	16    	32    	53    	97    	167   	274   	432   	654   	947   	1329  	1834  	2475  	3229  	4099  	5124  	6155  	7167  	8015  	8466  	8549  	8106  	7433  	6414  	5296  	4140  	3033  	2142  	1481  	1048  	685   	449   	268   	160   	98    	59    	30    	11    	8     	5     	5     
100000   	3    	4.597700e-03	1     	2     	4     	8     	16    	32    	63    	120   	224   	414   	690   	1143  	1792  	2625  	3609  	4731  	5852  	6879  	7540  	7987  	8116  	7984  	7440  	6733  	5860  	4962  	4048  	3239  	2455  	1785  	1255  	844   	573   	379   	256   	154   	96    	54    	22    	9     	3     	1     	nan   	nan   

