Criação das árvores ordenadas:
n_persons	index	time        
100000   	0    	5.041910e-02
100000   	1    	6.132310e-02
100000   	2    	5.391500e-02
100000   	3    	4.674010e-02

Procura de nós nas árvores:
n_persons	index	time        
100000   	0    	5.125940e-02
100000   	1    	5.928180e-02
100000   	2    	7.568630e-02
100000   	3    	1.030677e-01

Maior profundidade das árvores:
n_persons	index	time        	depth
100000   	0    	5.243800e-03	38   
100000   	1    	5.674400e-03	36   
100000   	2    	6.492000e-03	40   
100000   	3    	5.758100e-03	39   

Número de nós em cada nível:
n_persons	index	time        	lvl0  	lvl1  	lvl2  	lvl3  	lvl4  	lvl5  	lvl6  	lvl7  	lvl8  	lvl9  	lvl10 	lvl11 	lvl12 	lvl13 	lvl14 	lvl15 	lvl16 	lvl17 	lvl18 	lvl19 	lvl20 	lvl21 	lvl22 	lvl23 	lvl24 	lvl25 	lvl26 	lvl27 	lvl28 	lvl29 	lvl30 	lvl31 	lvl32 	lvl33 	lvl34 	lvl35 	lvl36 	lvl37 	lvl38 	lvl39 	lvl40 
100000   	0    	4.752800e-03	1     	2     	4     	8     	16    	32    	62    	121   	229   	417   	726   	1232  	1893  	2745  	3799  	4970  	6126  	7081  	7966  	8637  	8908  	8793  	8209  	7174  	6005  	4724  	3562  	2590  	1659  	1045  	617   	326   	169   	91    	41    	14    	4     	1     	1     	nan   	nan   
100000   	1    	5.184000e-03	1     	2     	4     	8     	16    	32    	64    	125   	242   	455   	831   	1380  	2157  	3169  	4365  	5708  	6913  	7922  	8596  	8834  	8757  	8129  	7299  	6341  	5229  	4165  	3039  	2217  	1553  	1032  	654   	389   	213   	105   	34    	16    	4     	nan   	nan   	nan   	nan   
100000   	2    	5.847900e-03	1     	2     	4     	8     	16    	32    	64    	128   	245   	463   	828   	1427  	2272  	3352  	4636  	5901  	7102  	8105  	8711  	8852  	8674  	8071  	7312  	6289  	5039  	3944  	2909  	2006  	1368  	863   	551   	331   	186   	124   	83    	47    	29    	14    	8     	2     	1     
100000   	3    	4.604100e-03	1     	2     	4     	8     	16    	32    	61    	112   	208   	358   	596   	991   	1613  	2443  	3582  	4931  	6317  	7554  	8448  	8885  	8959  	8509  	7708  	6865  	5794  	4738  	3577  	2679  	1892  	1248  	779   	473   	296   	151   	82    	47    	23    	12    	5     	1     	nan   

