Criação das árvores ordenadas:
n_persons	index	time        
100000   	0    	5.376810e-02
100000   	1    	6.501390e-02
100000   	2    	5.798950e-02
100000   	3    	5.002050e-02

Procura de nós nas árvores:
n_persons	index	time        
100000   	0    	5.642920e-02
100000   	1    	6.328440e-02
100000   	2    	5.947160e-02
100000   	3    	5.394300e-02

Maior profundidade das árvores:
n_persons	index	time        	depth
100000   	0    	6.512900e-03	38   
100000   	1    	5.925300e-03	40   
100000   	2    	5.231400e-03	38   
100000   	3    	5.265900e-03	38   

Número de nós em cada nível:
n_persons	index	time        	lvl0  	lvl1  	lvl2  	lvl3  	lvl4  	lvl5  	lvl6  	lvl7  	lvl8  	lvl9  	lvl10 	lvl11 	lvl12 	lvl13 	lvl14 	lvl15 	lvl16 	lvl17 	lvl18 	lvl19 	lvl20 	lvl21 	lvl22 	lvl23 	lvl24 	lvl25 	lvl26 	lvl27 	lvl28 	lvl29 	lvl30 	lvl31 	lvl32 	lvl33 	lvl34 	lvl35 	lvl36 	lvl37 	lvl38 	lvl39 	lvl40 
100000   	0    	4.342400e-03	1     	2     	4     	8     	16    	32    	64    	126   	235   	421   	699   	1105  	1688  	2424  	3450  	4625  	5831  	7035  	8095  	9001  	9220  	9096  	8408  	7356  	6144  	4812  	3569  	2519  	1642  	1027  	620   	354   	194   	89    	47    	23    	15    	2     	1     	nan   	nan   
100000   	1    	4.132200e-03	1     	2     	4     	8     	16    	32    	61    	115   	205   	364   	617   	988   	1502  	2166  	3061  	4002  	5085  	6156  	7227  	7942  	8297  	8435  	8067  	7416  	6511  	5530  	4442  	3419  	2610  	1924  	1397  	938   	634   	370   	227   	128   	62    	27    	10    	1     	1     
100000   	2    	5.144500e-03	1     	2     	4     	8     	16    	32    	62    	119   	224   	400   	688   	1092  	1684  	2528  	3554  	4665  	5930  	7233  	8308  	8975  	9157  	8965  	8253  	7121  	5891  	4710  	3537  	2521  	1704  	1120  	708   	401   	219   	108   	45    	11    	2     	1     	1     	nan   	nan   
100000   	3    	4.611000e-03	1     	2     	4     	8     	16    	32    	64    	128   	246   	461   	822   	1391  	2211  	3305  	4639  	6014  	7338  	8432  	8979  	9111  	8730  	7917  	6917  	5968  	4793  	3775  	2852  	2039  	1404  	924   	602   	390   	238   	145   	64    	25    	9     	2     	2     	nan   	nan   

