Criação das árvores ordenadas:
n_persons	index	time        
100000   	0    	5.122260e-02
100000   	1    	6.420920e-02
100000   	2    	5.448950e-02
100000   	3    	4.537290e-02

Procura de nós nas árvores:
n_persons	index	time        
100000   	0    	5.524330e-02
100000   	1    	6.491150e-02
100000   	2    	5.864010e-02
100000   	3    	5.015470e-02

Maior profundidade das árvores:
n_persons	index	time        	depth
100000   	0    	4.316600e-03	37   
100000   	1    	4.464700e-03	38   
100000   	2    	5.438000e-03	38   
100000   	3    	4.868500e-03	37   

Número de nós em cada nível:
n_persons	index	time        	lvl0  	lvl1  	lvl2  	lvl3  	lvl4  	lvl5  	lvl6  	lvl7  	lvl8  	lvl9  	lvl10 	lvl11 	lvl12 	lvl13 	lvl14 	lvl15 	lvl16 	lvl17 	lvl18 	lvl19 	lvl20 	lvl21 	lvl22 	lvl23 	lvl24 	lvl25 	lvl26 	lvl27 	lvl28 	lvl29 	lvl30 	lvl31 	lvl32 	lvl33 	lvl34 	lvl35 	lvl36 	lvl37 	lvl38 
100000   	0    	3.881600e-03	1     	2     	4     	8     	16    	32    	63    	120   	226   	416   	734   	1227  	1964  	2957  	4188  	5604  	6947  	8001  	8826  	9221  	9123  	8410  	7531  	6367  	5106  	3994  	3035  	2117  	1475  	981   	598   	346   	189   	97    	46    	16    	8     	4     	nan   
100000   	1    	3.886100e-03	1     	2     	4     	8     	16    	32    	64    	127   	244   	453   	785   	1321  	2059  	3021  	4225  	5481  	6672  	7721  	8510  	8931  	8951  	8540  	7763  	6676  	5482  	4286  	3160  	2166  	1414  	879   	521   	261   	128   	60    	23    	9     	2     	1     	1     
100000   	2    	4.488800e-03	1     	2     	4     	8     	16    	32    	64    	120   	227   	413   	697   	1104  	1677  	2434  	3406  	4478  	5619  	6696  	7647  	8428  	8764  	8787  	8330  	7406  	6291  	5156  	4037  	2989  	2044  	1330  	839   	499   	263   	108   	51    	22    	7     	3     	1     
100000   	3    	4.788900e-03	1     	2     	4     	8     	16    	32    	64    	124   	244   	454   	803   	1366  	2215  	3316  	4672  	6207  	7715  	8898  	9692  	9823  	9404  	8387  	7270  	5834  	4409  	3138  	2173  	1502  	964   	571   	353   	182   	90    	43    	15    	5     	3     	1     	nan   

