Criação das árvores ordenadas:
n_persons	index	time        
100000   	0    	5.144160e-02
100000   	1    	6.459280e-02
100000   	2    	5.681270e-02
100000   	3    	4.802640e-02

Procura de nós nas árvores:
n_persons	index	time        
100000   	0    	5.487850e-02
100000   	1    	6.501070e-02
100000   	2    	6.467370e-02
100000   	3    	7.272620e-02

Maior profundidade das árvores:
n_persons	index	time        	depth
100000   	0    	7.283800e-03	38   
100000   	1    	5.788000e-03	42   
100000   	2    	6.182600e-03	40   
100000   	3    	6.647900e-03	39   

Número de nós em cada nível:
n_persons	index	time        	lvl0  	lvl1  	lvl2  	lvl3  	lvl4  	lvl5  	lvl6  	lvl7  	lvl8  	lvl9  	lvl10 	lvl11 	lvl12 	lvl13 	lvl14 	lvl15 	lvl16 	lvl17 	lvl18 	lvl19 	lvl20 	lvl21 	lvl22 	lvl23 	lvl24 	lvl25 	lvl26 	lvl27 	lvl28 	lvl29 	lvl30 	lvl31 	lvl32 	lvl33 	lvl34 	lvl35 	lvl36 	lvl37 	lvl38 	lvl39 	lvl40 	lvl41 	lvl42 
100000   	0    	6.140000e-03	1     	2     	4     	8     	16    	32    	64    	124   	235   	441   	790   	1316  	2076  	3029  	4172  	5435  	6642  	7807  	8757  	9139  	9195  	8648  	7790  	6674  	5414  	4152  	2977  	2028  	1264  	761   	464   	258   	117   	81    	44    	25    	13    	4     	1     	nan   	nan   	nan   	nan   
100000   	1    	5.382100e-03	1     	2     	4     	8     	16    	32    	61    	120   	220   	387   	672   	1097  	1695  	2576  	3725  	5072  	6431  	7692  	8541  	9050  	9140  	8794  	7988  	6931  	5702  	4464  	3319  	2313  	1546  	968   	586   	351   	207   	137   	66    	40    	21    	16    	5     	1     	1     	1     	1     
100000   	2    	5.092700e-03	1     	2     	4     	8     	16    	32    	63    	122   	235   	434   	756   	1257  	1905  	2625  	3572  	4547  	5512  	6594  	7356  	7992  	8215  	8129  	7652  	6994  	6080  	5058  	4048  	3131  	2398  	1782  	1303  	874   	565   	340   	198   	100   	49    	23    	14    	9     	5     	nan   	nan   
100000   	3    	5.064900e-03	1     	2     	4     	8     	16    	32    	63    	123   	239   	444   	787   	1321  	2062  	3070  	4190  	5325  	6366  	7346  	8096  	8500  	8524  	8280  	7673  	6872  	5684  	4545  	3415  	2512  	1712  	1099  	687   	404   	259   	142   	90    	51    	30    	15    	7     	4     	nan   	nan   	nan   

