Criação das árvores ordenadas:
n_persons	index	time        
100000   	0    	5.234300e-02
100000   	1    	6.277450e-02
100000   	2    	5.488900e-02
100000   	3    	4.767050e-02

Procura de nós nas árvores:
n_persons	index	time        
100000   	0    	5.119030e-02
100000   	1    	6.230680e-02
100000   	2    	5.668100e-02
100000   	3    	7.123210e-02

Maior profundidade das árvores:
n_persons	index	time        	depth
100000   	0    	8.348000e-03	40   
100000   	1    	6.183500e-03	38   
100000   	2    	1.561300e-02	39   
100000   	3    	7.412900e-03	43   

Número de nós em cada nível:
n_persons	index	time        	lvl0  	lvl1  	lvl2  	lvl3  	lvl4  	lvl5  	lvl6  	lvl7  	lvl8  	lvl9  	lvl10 	lvl11 	lvl12 	lvl13 	lvl14 	lvl15 	lvl16 	lvl17 	lvl18 	lvl19 	lvl20 	lvl21 	lvl22 	lvl23 	lvl24 	lvl25 	lvl26 	lvl27 	lvl28 	lvl29 	lvl30 	lvl31 	lvl32 	lvl33 	lvl34 	lvl35 	lvl36 	lvl37 	lvl38 	lvl39 	lvl40 	lvl41 	lvl42 	lvl43 
100000   	0    	8.296500e-03	1     	2     	4     	8     	16    	32    	63    	126   	233   	433   	750   	1234  	1886  	2715  	3678  	4786  	5911  	6971  	7907  	8497  	8836  	8660  	8047  	6997  	5896  	4677  	3618  	2596  	1879  	1272  	837   	558   	330   	228   	136   	82    	58    	23    	10    	4     	3     	nan   	nan   	nan   
100000   	1    	5.308500e-03	1     	2     	4     	8     	16    	32    	63    	125   	237   	435   	779   	1267  	1949  	2800  	3817  	4944  	6119  	7151  	8009  	8471  	8593  	8393  	7784  	6910  	5882  	4800  	3719  	2761  	1994  	1271  	761   	451   	238   	109   	56    	30    	14    	3     	2     	nan   	nan   	nan   	nan   	nan   
100000   	2    	5.499100e-03	1     	2     	4     	8     	16    	31    	57    	110   	201   	354   	615   	993   	1550  	2313  	3268  	4387  	5598  	6713  	7679  	8427  	8895  	8765  	8155  	7272  	6260  	5166  	4111  	3112  	2175  	1456  	979   	568   	342   	194   	110   	61    	34    	9     	6     	3     	nan   	nan   	nan   	nan   
100000   	3    	5.934200e-03	1     	2     	4     	8     	16    	32    	62    	122   	215   	379   	618   	957   	1416  	2015  	2808  	3698  	4641  	5638  	6644  	7426  	7986  	8216  	8141  	7720  	7030  	6053  	4983  	3907  	2998  	2168  	1560  	1027  	660   	364   	222   	117   	65    	39    	17    	11    	6     	5     	2     	1     

