Criação das árvores ordenadas:
n_persons	index	time        
100000   	0    	6.213150e-02
100000   	1    	1.212488e-01
100000   	2    	6.664490e-02
100000   	3    	4.992900e-02

Procura de nós nas árvores:
n_persons	index	time        
100000   	0    	5.482060e-02
100000   	1    	6.340950e-02
100000   	2    	5.655310e-02
100000   	3    	5.038030e-02

Maior profundidade das árvores:
n_persons	index	time        	depth
100000   	0    	4.996600e-03	39   
100000   	1    	4.472900e-03	44   
100000   	2    	5.123700e-03	42   
100000   	3    	5.052300e-03	41   

Número de nós em cada nível:
n_persons	index	time        	lvl0  	lvl1  	lvl2  	lvl3  	lvl4  	lvl5  	lvl6  	lvl7  	lvl8  	lvl9  	lvl10 	lvl11 	lvl12 	lvl13 	lvl14 	lvl15 	lvl16 	lvl17 	lvl18 	lvl19 	lvl20 	lvl21 	lvl22 	lvl23 	lvl24 	lvl25 	lvl26 	lvl27 	lvl28 	lvl29 	lvl30 	lvl31 	lvl32 	lvl33 	lvl34 	lvl35 	lvl36 	lvl37 	lvl38 	lvl39 	lvl40 	lvl41 	lvl42 	lvl43 	lvl44 
100000   	0    	3.958600e-03	1     	2     	4     	8     	16    	32    	64    	124   	238   	447   	818   	1405  	2248  	3381  	4799  	6262  	7621  	8678  	9250  	9312  	8871  	8208  	7036  	5861  	4535  	3399  	2472  	1765  	1193  	790   	449   	274   	175   	102   	68    	38    	26    	20    	6     	2     	nan   	nan   	nan   	nan   	nan   
100000   	1    	4.353900e-03	1     	2     	4     	8     	16    	32    	61    	115   	213   	359   	599   	943   	1388  	2032  	2835  	3819  	4972  	6102  	7291  	8112  	8599  	8701  	8394  	7595  	6542  	5414  	4365  	3408  	2589  	1925  	1291  	875   	550   	345   	236   	133   	60    	31    	14    	11    	5     	5     	3     	3     	2     
100000   	2    	5.176200e-03	1     	2     	4     	8     	16    	32    	64    	126   	244   	440   	739   	1167  	1784  	2602  	3592  	4725  	5936  	7198  	8261  	8953  	9130  	8677  	8046  	7081  	5901  	4637  	3444  	2503  	1738  	1112  	689   	427   	267   	163   	111   	70    	45    	29    	16    	7     	7     	4     	2     	nan   	nan   
100000   	3    	4.586900e-03	1     	2     	4     	8     	16    	32    	64    	124   	227   	398   	658   	1047  	1693  	2574  	3690  	4892  	6182  	7333  	8296  	8719  	8813  	8277  	7559  	6544  	5634  	4540  	3450  	2641  	1968  	1425  	1041  	729   	500   	348   	246   	145   	82    	48    	23    	12    	8     	7     	nan   	nan   	nan   

