Criação das árvores ordenadas:
n_persons	index	time        
100000   	0    	5.114100e-02
100000   	1    	6.249430e-02
100000   	2    	5.581640e-02
100000   	3    	4.690070e-02

Procura de nós nas árvores:
n_persons	index	time        
100000   	0    	5.524760e-02
100000   	1    	6.320890e-02
100000   	2    	5.807450e-02
100000   	3    	5.388560e-02

Maior profundidade das árvores:
n_persons	index	time        	depth
100000   	0    	4.498100e-03	39   
100000   	1    	4.747000e-03	40   
100000   	2    	5.116400e-03	37   
100000   	3    	4.835000e-03	37   

Número de nós em cada nível:
n_persons	index	time        	lvl0  	lvl1  	lvl2  	lvl3  	lvl4  	lvl5  	lvl6  	lvl7  	lvl8  	lvl9  	lvl10 	lvl11 	lvl12 	lvl13 	lvl14 	lvl15 	lvl16 	lvl17 	lvl18 	lvl19 	lvl20 	lvl21 	lvl22 	lvl23 	lvl24 	lvl25 	lvl26 	lvl27 	lvl28 	lvl29 	lvl30 	lvl31 	lvl32 	lvl33 	lvl34 	lvl35 	lvl36 	lvl37 	lvl38 	lvl39 	lvl40 
100000   	0    	3.939000e-03	1     	2     	4     	8     	16    	31    	56    	102   	190   	340   	570   	911   	1446  	2187  	3156  	4231  	5335  	6513  	7493  	8186  	8521  	8645  	8298  	7660  	6770  	5652  	4371  	3216  	2222  	1458  	900   	597   	382   	235   	142   	76    	46    	19    	9     	3     	nan   
100000   	1    	3.781000e-03	1     	2     	4     	8     	16    	32    	61    	111   	205   	370   	657   	1112  	1815  	2741  	3915  	5263  	6629  	7868  	8772  	9331  	9301  	8788  	7784  	6760  	5431  	4177  	2982  	2092  	1347  	884   	558   	378   	239   	148   	91    	60    	33    	19    	10    	4     	1     
100000   	2    	4.966400e-03	1     	2     	4     	8     	16    	32    	64    	125   	239   	442   	771   	1234  	1917  	2763  	3829  	4870  	5926  	6873  	7572  	8116  	8369  	8145  	7802  	7157  	6188  	5193  	4028  	2912  	2054  	1389  	857   	530   	308   	163   	66    	26    	8     	1     	nan   	nan   	nan   
100000   	3    	4.352800e-03	1     	2     	4     	8     	15    	30    	57    	112   	216   	382   	649   	1084  	1771  	2674  	3787  	5109  	6624  	7883  	8859  	9369  	9372  	8969  	8031  	6770  	5458  	4194  	3030  	2132  	1444  	924   	500   	270   	141   	66    	40    	15    	7     	1     	nan   	nan   	nan   

