Criação das árvores ordenadas:
n_persons	index	time        
100000   	0    	7.481890e-02
100000   	1    	8.592180e-02
100000   	2    	7.339970e-02
100000   	3    	5.057890e-02

Procura de nós nas árvores:
n_persons	index	time        
100000   	0    	7.420500e-02
100000   	1    	9.004410e-02
100000   	2    	8.349640e-02
100000   	3    	7.541970e-02

Maior profundidade das árvores:
n_persons	index	time        	depth
100000   	0    	5.575300e-03	42   
100000   	1    	5.674000e-03	38   
100000   	2    	5.910500e-03	34   
100000   	3    	5.923500e-03	41   

Número de nós em cada nível:
n_persons	index	time        	lvl0  	lvl1  	lvl2  	lvl3  	lvl4  	lvl5  	lvl6  	lvl7  	lvl8  	lvl9  	lvl10 	lvl11 	lvl12 	lvl13 	lvl14 	lvl15 	lvl16 	lvl17 	lvl18 	lvl19 	lvl20 	lvl21 	lvl22 	lvl23 	lvl24 	lvl25 	lvl26 	lvl27 	lvl28 	lvl29 	lvl30 	lvl31 	lvl32 	lvl33 	lvl34 	lvl35 	lvl36 	lvl37 	lvl38 	lvl39 	lvl40 	lvl41 	lvl42 
100000   	0    	5.044600e-03	1     	2     	4     	8     	16    	32    	64    	120   	216   	362   	564   	834   	1190  	1674  	2265  	3015  	3967  	4933  	6085  	7188  	8143  	8692  	8859  	8614  	7920  	6819  	5536  	4273  	3102  	2156  	1485  	880   	525   	249   	122   	52    	22    	4     	2     	2     	1     	1     	1     
100000   	1    	4.960100e-03	1     	2     	4     	8     	16    	32    	64    	127   	245   	440   	766   	1296  	2012  	2840  	3908  	5021  	6125  	7073  	7673  	8049  	7991  	7781  	7267  	6575  	5820  	4960  	4105  	3249  	2382  	1656  	1068  	659   	391   	199   	113   	50    	23    	7     	2     	nan   	nan   	nan   	nan   
100000   	2    	5.248300e-03	1     	2     	4     	8     	16    	32    	64    	127   	245   	454   	801   	1324  	2102  	3190  	4481  	5929  	7329  	8701  	9651  	10004 	9749  	8984  	7736  	6145  	4599  	3312  	2153  	1325  	781   	401   	216   	90    	33    	9     	2     	nan   	nan   	nan   	nan   	nan   	nan   	nan   	nan   
100000   	3    	5.373900e-03	1     	2     	4     	8     	14    	23    	45    	86    	159   	283   	470   	731   	1091  	1640  	2271  	3066  	4042  	5045  	6029  	6888  	7781  	8314  	8621  	8245  	7702  	6726  	5629  	4416  	3284  	2468  	1708  	1126  	723   	511   	348   	207   	139   	76    	44    	19    	12    	3     	nan   

