Criação das árvores ordenadas:
n_persons	index	time        
100000   	0    	5.225370e-02
100000   	1    	6.601780e-02
100000   	2    	5.526330e-02
100000   	3    	5.463170e-02

Procura de nós nas árvores:
n_persons	index	time        
100000   	0    	5.380990e-02
100000   	1    	6.216750e-02
100000   	2    	5.613110e-02
100000   	3    	4.961100e-02

Maior profundidade das árvores:
n_persons	index	time        	depth
100000   	0    	4.441200e-03	38   
100000   	1    	4.952400e-03	37   
100000   	2    	5.308700e-03	40   
100000   	3    	5.196500e-03	38   

Número de nós em cada nível:
n_persons	index	time        	lvl0  	lvl1  	lvl2  	lvl3  	lvl4  	lvl5  	lvl6  	lvl7  	lvl8  	lvl9  	lvl10 	lvl11 	lvl12 	lvl13 	lvl14 	lvl15 	lvl16 	lvl17 	lvl18 	lvl19 	lvl20 	lvl21 	lvl22 	lvl23 	lvl24 	lvl25 	lvl26 	lvl27 	lvl28 	lvl29 	lvl30 	lvl31 	lvl32 	lvl33 	lvl34 	lvl35 	lvl36 	lvl37 	lvl38 	lvl39 	lvl40 
100000   	0    	4.323700e-03	1     	2     	4     	8     	16    	32    	64    	123   	230   	418   	685   	1088  	1643  	2435  	3482  	4719  	6088  	7256  	8258  	8843  	9065  	8719  	8170  	7232  	6081  	4833  	3624  	2565  	1705  	1096  	659   	380   	202   	117   	65    	47    	27    	14    	4     	nan   	nan   
100000   	1    	4.749100e-03	1     	2     	4     	8     	16    	32    	64    	127   	246   	454   	814   	1363  	2173  	3244  	4489  	5761  	7074  	8115  	8835  	9302  	9243  	8606  	7653  	6392  	5157  	3781  	2648  	1765  	1125  	673   	393   	229   	120   	57    	26    	6     	1     	1     	nan   	nan   	nan   
100000   	2    	4.993200e-03	1     	2     	4     	8     	16    	32    	64    	123   	221   	390   	682   	1121  	1756  	2591  	3695  	4873  	5958  	6897  	7772  	8165  	8166  	7977  	7595  	6967  	6006  	5028  	3928  	3071  	2275  	1620  	1163  	748   	501   	269   	162   	86    	34    	21    	10    	1     	1     
100000   	3    	4.845900e-03	1     	2     	4     	8     	16    	32    	64    	127   	242   	443   	784   	1295  	2028  	2971  	4151  	5348  	6576  	7627  	8499  	9093  	9125  	8599  	7829  	6705  	5445  	4235  	3019  	2092  	1406  	884   	566   	347   	230   	114   	59    	21    	10    	2     	1     	nan   	nan   

