Criação das árvores ordenadas:
n_persons	index	time        
100000   	0    	5.755500e-02
100000   	1    	6.351710e-02
100000   	2    	5.416330e-02
100000   	3    	4.601080e-02

Procura de nós nas árvores:
n_persons	index	time        
100000   	0    	5.177750e-02
100000   	1    	6.325150e-02
100000   	2    	5.556050e-02
100000   	3    	4.922880e-02

Maior profundidade das árvores:
n_persons	index	time        	depth
100000   	0    	4.285700e-03	39   
100000   	1    	4.796700e-03	38   
100000   	2    	5.033200e-03	41   
100000   	3    	4.977300e-03	42   

Número de nós em cada nível:
n_persons	index	time        	lvl0  	lvl1  	lvl2  	lvl3  	lvl4  	lvl5  	lvl6  	lvl7  	lvl8  	lvl9  	lvl10 	lvl11 	lvl12 	lvl13 	lvl14 	lvl15 	lvl16 	lvl17 	lvl18 	lvl19 	lvl20 	lvl21 	lvl22 	lvl23 	lvl24 	lvl25 	lvl26 	lvl27 	lvl28 	lvl29 	lvl30 	lvl31 	lvl32 	lvl33 	lvl34 	lvl35 	lvl36 	lvl37 	lvl38 	lvl39 	lvl40 	lvl41 	lvl42 
100000   	0    	3.830300e-03	1     	2     	4     	8     	16    	32    	62    	123   	231   	421   	738   	1251  	1967  	2994  	4220  	5525  	6802  	7932  	8782  	9152  	9020  	8547  	7622  	6543  	5241  	4102  	2982  	2134  	1457  	904   	577   	298   	157   	68    	39    	24    	12    	6     	3     	1     	nan   	nan   	nan   
100000   	1    	3.745200e-03	1     	2     	4     	8     	16    	32    	64    	124   	229   	398   	657   	1024  	1549  	2263  	3261  	4482  	5693  	7058  	8110  	8822  	9109  	8877  	8278  	7371  	6298  	5044  	3827  	2756  	1901  	1149  	689   	437   	233   	128   	61    	28    	9     	6     	2     	nan   	nan   	nan   	nan   
100000   	2    	4.723500e-03	1     	2     	4     	8     	16    	32    	64    	126   	239   	422   	711   	1136  	1724  	2553  	3517  	4730  	5911  	7116  	8178  	8856  	9038  	8711  	8054  	7076  	5858  	4676  	3518  	2507  	1715  	1174  	766   	503   	367   	254   	190   	124   	62    	34    	16    	8     	2     	1     	nan   
100000   	3    	4.500200e-03	1     	2     	4     	8     	16    	31    	62    	123   	233   	408   	646   	998   	1512  	2164  	2951  	3881  	4855  	5805  	6698  	7467  	8016  	8123  	8079  	7620  	6944  	6080  	5078  	3904  	2841  	2030  	1394  	850   	489   	290   	168   	108   	61    	31    	16    	7     	3     	2     	1     

