Criação das árvores ordenadas:
n_persons	index	time        
100000   	0    	5.364770e-02
100000   	1    	6.171410e-02
100000   	2    	5.484520e-02
100000   	3    	6.247130e-02

Procura de nós nas árvores:
n_persons	index	time        
100000   	0    	5.521630e-02
100000   	1    	6.714350e-02
100000   	2    	5.833090e-02
100000   	3    	4.950260e-02

Maior profundidade das árvores:
n_persons	index	time        	depth
100000   	0    	4.423500e-03	41   
100000   	1    	4.809300e-03	37   
100000   	2    	5.486100e-03	39   
100000   	3    	5.181800e-03	41   

Número de nós em cada nível:
n_persons	index	time        	lvl0  	lvl1  	lvl2  	lvl3  	lvl4  	lvl5  	lvl6  	lvl7  	lvl8  	lvl9  	lvl10 	lvl11 	lvl12 	lvl13 	lvl14 	lvl15 	lvl16 	lvl17 	lvl18 	lvl19 	lvl20 	lvl21 	lvl22 	lvl23 	lvl24 	lvl25 	lvl26 	lvl27 	lvl28 	lvl29 	lvl30 	lvl31 	lvl32 	lvl33 	lvl34 	lvl35 	lvl36 	lvl37 	lvl38 	lvl39 	lvl40 	lvl41 
100000   	0    	3.935700e-03	1     	2     	4     	8     	16    	32    	64    	125   	238   	442   	765   	1283  	1983  	2948  	4035  	5193  	6384  	7507  	8359  	8978  	9032  	8676  	7817  	6746  	5460  	4240  	3114  	2270  	1547  	1024  	628   	420   	253   	155   	104   	68    	38    	20    	12    	5     	3     	1     
100000   	1    	3.981700e-03	1     	2     	4     	8     	16    	32    	64    	126   	242   	453   	809   	1342  	2115  	3178  	4530  	5987  	7344  	8440  	9168  	9453  	9156  	8361  	7290  	5991  	4819  	3645  	2568  	1783  	1191  	770   	517   	293   	162   	77    	34    	16    	12    	1     	nan   	nan   	nan   	nan   
100000   	2    	4.381300e-03	1     	2     	4     	8     	16    	32    	61    	111   	212   	381   	673   	1150  	1815  	2704  	3808  	4991  	6261  	7417  	8432  	9035  	9018  	8583  	7895  	6697  	5523  	4464  	3428  	2505  	1778  	1177  	747   	478   	274   	149   	79    	55    	24    	7     	3     	2     	nan   	nan   
100000   	3    	4.588900e-03	1     	2     	4     	8     	16    	32    	62    	121   	224   	396   	675   	1126  	1740  	2497  	3375  	4298  	5194  	6050  	6784  	7320  	7680  	7709  	7423  	6929  	6355  	5576  	4684  	3767  	3053  	2261  	1631  	1172  	754   	464   	278   	153   	84    	55    	26    	12    	7     	2     

