Criação das árvores ordenadas:
n_persons	index	time        
100000   	0    	5.152830e-02
100000   	1    	6.394840e-02
100000   	2    	5.322230e-02
100000   	3    	4.819150e-02

Procura de nós nas árvores:
n_persons	index	time        
100000   	0    	5.569700e-02
100000   	1    	6.934260e-02
100000   	2    	5.726000e-02
100000   	3    	5.088400e-02

Maior profundidade das árvores:
n_persons	index	time        	depth
100000   	0    	5.661200e-03	39   
100000   	1    	5.621300e-03	42   
100000   	2    	6.304900e-03	37   
100000   	3    	5.380400e-03	42   

Número de nós em cada nível:
n_persons	index	time        	lvl0  	lvl1  	lvl2  	lvl3  	lvl4  	lvl5  	lvl6  	lvl7  	lvl8  	lvl9  	lvl10 	lvl11 	lvl12 	lvl13 	lvl14 	lvl15 	lvl16 	lvl17 	lvl18 	lvl19 	lvl20 	lvl21 	lvl22 	lvl23 	lvl24 	lvl25 	lvl26 	lvl27 	lvl28 	lvl29 	lvl30 	lvl31 	lvl32 	lvl33 	lvl34 	lvl35 	lvl36 	lvl37 	lvl38 	lvl39 	lvl40 	lvl41 	lvl42 
100000   	0    	4.107300e-03	1     	2     	4     	8     	16    	32    	63    	123   	232   	411   	681   	1066  	1607  	2317  	3301  	4391  	5623  	6693  	7710  	8445  	8777  	8596  	8160  	7340  	6310  	5131  	4034  	3003  	2139  	1445  	948   	588   	360   	219   	138   	56    	19    	6     	3     	2     	nan   	nan   	nan   
100000   	1    	3.787000e-03	1     	2     	4     	8     	16    	32    	62    	119   	221   	396   	663   	1047  	1621  	2325  	3235  	4400  	5610  	6747  	7817  	8576  	8827  	8743  	8197  	7373  	6161  	4895  	3775  	2900  	2097  	1474  	974   	627   	403   	270   	178   	94    	52    	35    	14    	5     	2     	1     	1     
100000   	2    	5.238100e-03	1     	2     	4     	8     	16    	31    	62    	120   	231   	426   	755   	1245  	1923  	2942  	4313  	5838  	7311  	8712  	9675  	10126 	9783  	8876  	7584  	6121  	4625  	3337  	2340  	1523  	934   	525   	286   	185   	75    	36    	20    	7     	1     	1     	nan   	nan   	nan   	nan   	nan   
100000   	3    	5.117400e-03	1     	2     	4     	8     	16    	31    	61    	119   	220   	380   	611   	956   	1473  	2103  	2877  	3747  	4602  	5614  	6562  	7293  	7792  	7899  	7784  	7362  	6644  	5831  	4938  	4056  	3286  	2551  	1811  	1248  	804   	521   	324   	199   	116   	72    	44    	23    	11    	3     	1     

