Criação das árvores ordenadas:
n_persons	index	time        
100000   	0    	5.271910e-02
100000   	1    	6.396630e-02
100000   	2    	5.403580e-02
100000   	3    	4.580400e-02

Procura de nós nas árvores:
n_persons	index	time        
100000   	0    	5.115740e-02
100000   	1    	6.149620e-02
100000   	2    	5.747170e-02
100000   	3    	4.900510e-02

Maior profundidade das árvores:
n_persons	index	time        	depth
100000   	0    	4.684400e-03	38   
100000   	1    	4.497400e-03	42   
100000   	2    	4.823600e-03	39   
100000   	3    	5.145900e-03	40   

Número de nós em cada nível:
n_persons	index	time        	lvl0  	lvl1  	lvl2  	lvl3  	lvl4  	lvl5  	lvl6  	lvl7  	lvl8  	lvl9  	lvl10 	lvl11 	lvl12 	lvl13 	lvl14 	lvl15 	lvl16 	lvl17 	lvl18 	lvl19 	lvl20 	lvl21 	lvl22 	lvl23 	lvl24 	lvl25 	lvl26 	lvl27 	lvl28 	lvl29 	lvl30 	lvl31 	lvl32 	lvl33 	lvl34 	lvl35 	lvl36 	lvl37 	lvl38 	lvl39 	lvl40 	lvl41 	lvl42 
100000   	0    	4.215900e-03	1     	2     	4     	8     	16    	32    	63    	117   	221   	402   	697   	1152  	1775  	2663  	3773  	5018  	6374  	7590  	8497  	9115  	9197  	8708  	7893  	6791  	5628  	4423  	3387  	2410  	1630  	1089  	600   	349   	175   	99    	52    	33    	11    	4     	1     	nan   	nan   	nan   	nan   
100000   	1    	4.110400e-03	1     	2     	4     	8     	16    	32    	58    	105   	194   	347   	582   	939   	1431  	2106  	2957  	3946  	4986  	6026  	6864  	7665  	8096  	8216  	7880  	7239  	6438  	5427  	4614  	3744  	2970  	2249  	1682  	1176  	756   	506   	325   	191   	97    	50    	43    	19    	9     	3     	1     
100000   	2    	4.691900e-03	1     	2     	4     	8     	16    	31    	61    	115   	217   	366   	618   	1000  	1511  	2179  	2974  	3871  	4843  	5806  	6680  	7449  	7824  	7976  	7989  	7646  	6897  	6018  	5056  	4068  	2994  	2099  	1499  	952   	596   	316   	172   	72    	42    	23    	8     	1     	nan   	nan   	nan   
100000   	3    	4.632300e-03	1     	2     	4     	8     	16    	32    	64    	126   	237   	431   	753   	1217  	1889  	2719  	3794  	5030  	6215  	7323  	8269  	8862  	8903  	8597  	7779  	6783  	5697  	4454  	3458  	2560  	1831  	1144  	734   	459   	308   	162   	78    	35    	15    	7     	2     	1     	1     	nan   	nan   

