Criação das árvores ordenadas:
n_persons	index	time        
100000   	0    	5.881030e-02
100000   	1    	6.386950e-02
100000   	2    	5.766870e-02
100000   	3    	4.780760e-02

Procura de nós nas árvores:
n_persons	index	time        
100000   	0    	5.624370e-02
100000   	1    	6.305280e-02
100000   	2    	7.250960e-02
100000   	3    	1.033551e-01

Maior profundidade das árvores:
n_persons	index	time        	depth
100000   	0    	5.569000e-03	41   
100000   	1    	5.845000e-03	38   
100000   	2    	5.732100e-03	40   
100000   	3    	6.296700e-03	36   

Número de nós em cada nível:
n_persons	index	time        	lvl0  	lvl1  	lvl2  	lvl3  	lvl4  	lvl5  	lvl6  	lvl7  	lvl8  	lvl9  	lvl10 	lvl11 	lvl12 	lvl13 	lvl14 	lvl15 	lvl16 	lvl17 	lvl18 	lvl19 	lvl20 	lvl21 	lvl22 	lvl23 	lvl24 	lvl25 	lvl26 	lvl27 	lvl28 	lvl29 	lvl30 	lvl31 	lvl32 	lvl33 	lvl34 	lvl35 	lvl36 	lvl37 	lvl38 	lvl39 	lvl40 	lvl41 
100000   	0    	4.948700e-03	1     	2     	4     	8     	16    	32    	63    	114   	212   	345   	537   	822   	1248  	1832  	2571  	3452  	4440  	5453  	6357  	7100  	7484  	7569  	7519  	7146  	6712  	6008  	5231  	4402  	3603  	2876  	2138  	1554  	1133  	813   	511   	311   	179   	106   	55    	30    	9     	2     
100000   	1    	4.646700e-03	1     	2     	4     	8     	16    	32    	62    	120   	217   	380   	636   	1020  	1588  	2354  	3337  	4500  	5653  	6820  	7952  	8673  	9061  	8958  	8440  	7347  	6161  	4982  	3817  	2784  	1952  	1267  	769   	497   	284   	142   	92    	45    	14    	8     	5     	nan   	nan   	nan   
100000   	2    	5.637100e-03	1     	2     	4     	8     	16    	32    	63    	120   	225   	405   	690   	1145  	1798  	2622  	3506  	4557  	5592  	6671  	7565  	8215  	8477  	8374  	7828  	7033  	6095  	5066  	4110  	3068  	2227  	1582  	1048  	715   	461   	281   	181   	100   	61    	33    	16    	5     	2     	nan   
100000   	3    	4.699200e-03	1     	2     	4     	8     	16    	32    	64    	127   	252   	470   	852   	1447  	2286  	3369  	4651  	5962  	7212  	8319  	8961  	9080  	8849  	8295  	7215  	6032  	4891  	3766  	2879  	1999  	1318  	762   	417   	230   	114   	62    	37    	14    	5     	nan   	nan   	nan   	nan   	nan   

