Criação das árvores ordenadas:
n_persons	index	time        
100000   	0    	1.174966e-01
100000   	1    	1.975273e-01
100000   	2    	9.002650e-02
100000   	3    	6.500140e-02

Procura de nós nas árvores:
n_persons	index	time        
100000   	0    	6.908600e-02
100000   	1    	8.559710e-02
100000   	2    	7.290960e-02
100000   	3    	6.310490e-02

Maior profundidade das árvores:
n_persons	index	time        	depth
100000   	0    	4.791700e-03	41   
100000   	1    	5.157400e-03	39   
100000   	2    	5.519800e-03	40   
100000   	3    	5.589900e-03	40   

Número de nós em cada nível:
n_persons	index	time        	lvl0  	lvl1  	lvl2  	lvl3  	lvl4  	lvl5  	lvl6  	lvl7  	lvl8  	lvl9  	lvl10 	lvl11 	lvl12 	lvl13 	lvl14 	lvl15 	lvl16 	lvl17 	lvl18 	lvl19 	lvl20 	lvl21 	lvl22 	lvl23 	lvl24 	lvl25 	lvl26 	lvl27 	lvl28 	lvl29 	lvl30 	lvl31 	lvl32 	lvl33 	lvl34 	lvl35 	lvl36 	lvl37 	lvl38 	lvl39 	lvl40 	lvl41 
100000   	0    	4.640300e-03	1     	2     	4     	8     	16    	30    	57    	112   	207   	375   	650   	1054  	1623  	2357  	3221  	4289  	5316  	6291  	7135  	7694  	7979  	7925  	7563  	7027  	6251  	5309  	4494  	3611  	2852  	2157  	1541  	1039  	670   	436   	293   	180   	115   	64    	32    	12    	7     	1     
100000   	1    	4.305100e-03	1     	2     	4     	8     	16    	31    	60    	113   	214   	386   	665   	1110  	1669  	2446  	3410  	4629  	5858  	7020  	8095  	8999  	9167  	8798  	8077  	7052  	5973  	4825  	3679  	2702  	1858  	1275  	792   	491   	277   	151   	78    	37    	22    	7     	2     	1     	nan   	nan   
100000   	2    	4.875100e-03	1     	2     	4     	8     	16    	32    	64    	126   	237   	431   	757   	1248  	1964  	2925  	3968  	5179  	6301  	7324  	8137  	8579  	8628  	8343  	7660  	6786  	5669  	4557  	3491  	2589  	1778  	1179  	793   	494   	294   	195   	114   	66    	30    	16    	10    	4     	1     	nan   
100000   	3    	4.567700e-03	1     	2     	4     	8     	16    	32    	64    	125   	240   	429   	727   	1181  	1846  	2720  	3821  	5045  	6217  	7395  	8175  	8597  	8752  	8416  	7634  	6813  	5725  	4638  	3487  	2596  	1813  	1272  	868   	548   	348   	193   	91    	63    	46    	26    	19    	6     	1     	nan   

