Criação das árvores ordenadas:
n_persons	index	time        
100000   	0    	5.346810e-02
100000   	1    	6.208530e-02
100000   	2    	5.681270e-02
100000   	3    	4.716460e-02

Procura de nós nas árvores:
n_persons	index	time        
100000   	0    	5.714190e-02
100000   	1    	6.820030e-02
100000   	2    	5.831330e-02
100000   	3    	5.442100e-02

Maior profundidade das árvores:
n_persons	index	time        	depth
100000   	0    	5.314100e-03	45   
100000   	1    	4.629000e-03	39   
100000   	2    	6.050300e-03	37   
100000   	3    	6.633900e-03	44   

Número de nós em cada nível:
n_persons	index	time        	lvl0  	lvl1  	lvl2  	lvl3  	lvl4  	lvl5  	lvl6  	lvl7  	lvl8  	lvl9  	lvl10 	lvl11 	lvl12 	lvl13 	lvl14 	lvl15 	lvl16 	lvl17 	lvl18 	lvl19 	lvl20 	lvl21 	lvl22 	lvl23 	lvl24 	lvl25 	lvl26 	lvl27 	lvl28 	lvl29 	lvl30 	lvl31 	lvl32 	lvl33 	lvl34 	lvl35 	lvl36 	lvl37 	lvl38 	lvl39 	lvl40 	lvl41 	lvl42 	lvl43 	lvl44 	lvl45 
100000   	0    	5.110000e-03	1     	2     	4     	8     	16    	32    	64    	124   	228   	408   	697   	1138  	1748  	2540  	3434  	4378  	5412  	6304  	7007  	7547  	7923  	7897  	7610  	7029  	6247  	5277  	4294  	3424  	2694  	1956  	1465  	1086  	769   	460   	305   	197   	106   	59    	30    	22    	20    	13    	10    	8     	5     	2     
100000   	1    	4.921300e-03	1     	2     	4     	8     	16    	32    	64    	124   	234   	436   	755   	1268  	2014  	2994  	4189  	5503  	6781  	7940  	8730  	9123  	9149  	8633  	7838  	6525  	5298  	4103  	2976  	2063  	1294  	781   	452   	270   	149   	87    	65    	47    	26    	17    	8     	1     	nan   	nan   	nan   	nan   	nan   	nan   
100000   	2    	4.763800e-03	1     	2     	4     	8     	15    	30    	59    	117   	218   	390   	672   	1131  	1796  	2703  	3818  	5043  	6378  	7556  	8516  	9097  	9326  	8952  	8167  	6982  	5647  	4396  	3219  	2237  	1462  	894   	509   	300   	169   	107   	54    	17    	6     	2     	nan   	nan   	nan   	nan   	nan   	nan   	nan   	nan   
100000   	3    	4.514800e-03	1     	2     	4     	8     	16    	32    	64    	121   	220   	393   	665   	1039  	1563  	2303  	3230  	4292  	5425  	6643  	7592  	8305  	8557  	8457  	8030  	7269  	6296  	5300  	4222  	3205  	2318  	1574  	1025  	689   	453   	295   	175   	110   	46    	24    	11    	5     	5     	6     	4     	4     	2     	nan   

