Criação das árvores ordenadas:
n_persons	index	time        
100000   	0    	5.375610e-02
100000   	1    	6.806710e-02
100000   	2    	5.904600e-02
100000   	3    	5.113460e-02

Procura de nós nas árvores:
n_persons	index	time        
100000   	0    	5.797250e-02
100000   	1    	1.222295e-01
100000   	2    	7.878100e-02
100000   	3    	5.103740e-02

Maior profundidade das árvores:
n_persons	index	time        	depth
100000   	0    	4.462000e-03	41   
100000   	1    	4.274300e-03	43   
100000   	2    	5.093100e-03	37   
100000   	3    	4.941900e-03	43   

Número de nós em cada nível:
n_persons	index	time        	lvl0  	lvl1  	lvl2  	lvl3  	lvl4  	lvl5  	lvl6  	lvl7  	lvl8  	lvl9  	lvl10 	lvl11 	lvl12 	lvl13 	lvl14 	lvl15 	lvl16 	lvl17 	lvl18 	lvl19 	lvl20 	lvl21 	lvl22 	lvl23 	lvl24 	lvl25 	lvl26 	lvl27 	lvl28 	lvl29 	lvl30 	lvl31 	lvl32 	lvl33 	lvl34 	lvl35 	lvl36 	lvl37 	lvl38 	lvl39 	lvl40 	lvl41 	lvl42 	lvl43 
100000   	0    	4.015900e-03	1     	2     	4     	8     	16    	32    	64    	123   	223   	405   	689   	1112  	1700  	2418  	3297  	4294  	5326  	6405  	7341  	8007  	8343  	8255  	7990  	7352  	6469  	5499  	4412  	3395  	2437  	1681  	1084  	687   	386   	237   	134   	68    	41    	22    	21    	13    	6     	1     	nan   	nan   
100000   	1    	4.033900e-03	1     	2     	4     	8     	16    	32    	64    	120   	219   	391   	635   	1003  	1493  	2145  	2961  	3952  	5079  	6014  	6831  	7468  	7780  	8001  	7661  	7191  	6642  	5622  	4820  	3894  	3014  	2194  	1578  	1159  	783   	521   	320   	169   	83    	54    	40    	15    	10    	7     	2     	2     
100000   	2    	4.491900e-03	1     	2     	4     	8     	16    	32    	64    	128   	248   	470   	836   	1432  	2325  	3537  	4992  	6546  	7979  	8979  	9505  	9360  	8735  	7800  	6644  	5399  	4241  	3238  	2342  	1728  	1209  	825   	559   	362   	219   	126   	71    	29    	7     	2     	nan   	nan   	nan   	nan   	nan   	nan   
100000   	3    	4.480700e-03	1     	2     	4     	8     	16    	32    	64    	126   	233   	429   	752   	1256  	1930  	2766  	3736  	4887  	6051  	7136  	7870  	8421  	8718  	8587  	8052  	7056  	6065  	4895  	3745  	2649  	1776  	1135  	672   	374   	219   	124   	85    	55    	32    	16    	9     	7     	4     	3     	1     	1     

