Criação das árvores ordenadas:
n_persons	index	time        
100000   	0    	5.305680e-02
100000   	1    	6.167450e-02
100000   	2    	5.404440e-02
100000   	3    	4.622130e-02

Procura de nós nas árvores:
n_persons	index	time        
100000   	0    	5.305340e-02
100000   	1    	6.300260e-02
100000   	2    	5.741500e-02
100000   	3    	4.910740e-02

Maior profundidade das árvores:
n_persons	index	time        	depth
100000   	0    	4.718400e-03	40   
100000   	1    	4.665200e-03	40   
100000   	2    	4.788800e-03	45   
100000   	3    	5.556000e-03	45   

Número de nós em cada nível:
n_persons	index	time        	lvl0  	lvl1  	lvl2  	lvl3  	lvl4  	lvl5  	lvl6  	lvl7  	lvl8  	lvl9  	lvl10 	lvl11 	lvl12 	lvl13 	lvl14 	lvl15 	lvl16 	lvl17 	lvl18 	lvl19 	lvl20 	lvl21 	lvl22 	lvl23 	lvl24 	lvl25 	lvl26 	lvl27 	lvl28 	lvl29 	lvl30 	lvl31 	lvl32 	lvl33 	lvl34 	lvl35 	lvl36 	lvl37 	lvl38 	lvl39 	lvl40 	lvl41 	lvl42 	lvl43 	lvl44 	lvl45 
100000   	0    	4.220100e-03	1     	2     	4     	8     	16    	31    	61    	120   	226   	413   	699   	1111  	1699  	2430  	3434  	4561  	5768  	6854  	7815  	8430  	8692  	8420  	7818  	6856  	5864  	4851  	3954  	3087  	2303  	1664  	1123  	730   	462   	257   	124   	54    	31    	16    	6     	4     	1     	nan   	nan   	nan   	nan   	nan   
100000   	1    	4.004600e-03	1     	2     	4     	8     	16    	32    	64    	121   	230   	415   	716   	1150  	1768  	2577  	3594  	4869  	6099  	7258  	8163  	8740  	8694  	8519  	7889  	7012  	5888  	4729  	3677  	2725  	1857  	1230  	800   	489   	286   	166   	98    	56    	29    	18    	5     	5     	1     	nan   	nan   	nan   	nan   	nan   
100000   	2    	4.324100e-03	1     	2     	4     	8     	16    	32    	63    	115   	209   	376   	634   	1019  	1600  	2360  	3285  	4372  	5489  	6535  	7319  	7957  	8320  	8387  	7982  	7333  	6503  	5440  	4361  	3347  	2355  	1641  	1101  	721   	420   	254   	159   	92    	43    	33    	21    	23    	21    	21    	13    	7     	5     	1     
100000   	3    	4.492000e-03	1     	2     	4     	8     	16    	32    	64    	126   	243   	445   	775   	1258  	1886  	2748  	3770  	4939  	6174  	7189  	8073  	8646  	8756  	8455  	7688  	6700  	5506  	4397  	3451  	2638  	1923  	1384  	943   	613   	410   	254   	174   	127   	70    	38    	22    	19    	13    	11    	5     	2     	1     	1     

