Criação das árvores ordenadas:
n_persons	index	time        
100000   	0    	5.229070e-02
100000   	1    	6.144970e-02
100000   	2    	5.756520e-02
100000   	3    	4.730220e-02

Procura de nós nas árvores:
n_persons	index	time        
100000   	0    	5.709590e-02
100000   	1    	6.376910e-02
100000   	2    	5.555470e-02
100000   	3    	5.157960e-02

Maior profundidade das árvores:
n_persons	index	time        	depth
100000   	0    	4.896700e-03	43   
100000   	1    	5.086600e-03	40   
100000   	2    	5.091900e-03	38   
100000   	3    	5.514800e-03	47   

Número de nós em cada nível:
n_persons	index	time        	lvl0  	lvl1  	lvl2  	lvl3  	lvl4  	lvl5  	lvl6  	lvl7  	lvl8  	lvl9  	lvl10 	lvl11 	lvl12 	lvl13 	lvl14 	lvl15 	lvl16 	lvl17 	lvl18 	lvl19 	lvl20 	lvl21 	lvl22 	lvl23 	lvl24 	lvl25 	lvl26 	lvl27 	lvl28 	lvl29 	lvl30 	lvl31 	lvl32 	lvl33 	lvl34 	lvl35 	lvl36 	lvl37 	lvl38 	lvl39 	lvl40 	lvl41 	lvl42 	lvl43 	lvl44 	lvl45 	lvl46 	lvl47 
100000   	0    	4.027500e-03	1     	2     	4     	8     	16    	32    	61    	114   	209   	370   	652   	1100  	1771  	2593  	3676  	4911  	6118  	7142  	7913  	8290  	8329  	8009  	7388  	6475  	5594  	4547  	3644  	2883  	2214  	1697  	1252  	946   	679   	486   	356   	222   	142   	73    	44    	16    	14    	5     	1     	1     	nan   	nan   	nan   	nan   
100000   	1    	4.524400e-03	1     	2     	4     	8     	16    	32    	64    	128   	242   	445   	767   	1243  	1906  	2779  	3848  	5109  	6421  	7694  	8711  	9266  	9176  	8587  	7883  	6763  	5491  	4201  	3036  	2135  	1509  	1009  	656   	401   	231   	112   	65    	32    	15    	7     	2     	1     	2     	nan   	nan   	nan   	nan   	nan   	nan   	nan   
100000   	2    	4.773200e-03	1     	2     	4     	8     	16    	32    	64    	124   	228   	388   	632   	1030  	1574  	2287  	3213  	4341  	5514  	6671  	7802  	8569  	9013  	8969  	8548  	7641  	6501  	5206  	3925  	2784  	1872  	1213  	763   	482   	274   	157   	85    	42    	17    	6     	2     	nan   	nan   	nan   	nan   	nan   	nan   	nan   	nan   	nan   
100000   	3    	4.904300e-03	1     	2     	4     	8     	16    	32    	61    	113   	214   	384   	670   	1098  	1729  	2508  	3485  	4554  	5513  	6376  	7045  	7468  	7617  	7532  	7131  	6629  	6010  	5272  	4451  	3675  	2897  	2281  	1642  	1224  	842   	599   	389   	222   	128   	85    	45    	17    	13    	7     	3     	3     	1     	1     	1     	2     

