Criação das árvores ordenadas:
n_persons	index	time        
100000   	0    	5.165850e-02
100000   	1    	6.586680e-02
100000   	2    	6.073480e-02
100000   	3    	4.990300e-02

Procura de nós nas árvores:
n_persons	index	time        
100000   	0    	5.637580e-02
100000   	1    	6.697130e-02
100000   	2    	5.666700e-02
100000   	3    	5.013780e-02

Maior profundidade das árvores:
n_persons	index	time        	depth
100000   	0    	4.444800e-03	42   
100000   	1    	4.276800e-03	45   
100000   	2    	4.909400e-03	38   
100000   	3    	5.001900e-03	44   

Número de nós em cada nível:
n_persons	index	time        	lvl0  	lvl1  	lvl2  	lvl3  	lvl4  	lvl5  	lvl6  	lvl7  	lvl8  	lvl9  	lvl10 	lvl11 	lvl12 	lvl13 	lvl14 	lvl15 	lvl16 	lvl17 	lvl18 	lvl19 	lvl20 	lvl21 	lvl22 	lvl23 	lvl24 	lvl25 	lvl26 	lvl27 	lvl28 	lvl29 	lvl30 	lvl31 	lvl32 	lvl33 	lvl34 	lvl35 	lvl36 	lvl37 	lvl38 	lvl39 	lvl40 	lvl41 	lvl42 	lvl43 	lvl44 	lvl45 
100000   	0    	3.934500e-03	1     	2     	4     	8     	16    	32    	63    	122   	227   	404   	682   	1112  	1703  	2505  	3427  	4460  	5362  	6255  	6945  	7459  	7651  	7842  	7691  	7222  	6498  	5622  	4686  	3703  	2771  	2041  	1368  	811   	534   	326   	189   	114   	66    	32    	21    	8     	7     	7     	1     	nan   	nan   	nan   
100000   	1    	3.961400e-03	1     	2     	4     	8     	16    	32    	60    	106   	195   	335   	550   	897   	1343  	1963  	2630  	3393  	4165  	4883  	5549  	6067  	6340  	6674  	6779  	6725  	6458  	6024  	5541  	4882  	4228  	3481  	2823  	2240  	1695  	1271  	867   	631   	435   	301   	201   	101   	60    	25    	10    	5     	3     	1     
100000   	2    	5.209200e-03	1     	2     	4     	8     	16    	32    	63    	119   	215   	363   	594   	919   	1347  	1933  	2755  	3732  	4899  	6048  	7275  	8378  	9006  	9201  	8826  	8065  	7011  	5701  	4370  	3201  	2292  	1498  	940   	529   	309   	168   	104   	52    	19    	4     	1     	nan   	nan   	nan   	nan   	nan   	nan   	nan   
100000   	3    	6.416400e-03	1     	2     	4     	8     	16    	32    	63    	116   	197   	333   	556   	912   	1450  	2148  	3030  	4176  	5371  	6469  	7490  	8155  	8326  	8251  	7725  	7025  	6138  	5127  	4082  	3256  	2496  	1936  	1492  	1135  	844   	579   	382   	260   	169   	95    	68    	32    	23    	12    	10    	5     	3     	nan   

