Criação das árvores ordenadas:
n_persons	index	time        
100000   	0    	5.144700e-02
100000   	1    	6.246210e-02
100000   	2    	5.474730e-02
100000   	3    	4.666430e-02

Procura de nós nas árvores:
n_persons	index	time        
100000   	0    	5.664450e-02
100000   	1    	6.852890e-02
100000   	2    	5.339930e-02
100000   	3    	5.004880e-02

Maior profundidade das árvores:
n_persons	index	time        	depth
100000   	0    	4.618900e-03	37   
100000   	1    	4.552000e-03	40   
100000   	2    	4.879400e-03	38   
100000   	3    	4.864700e-03	41   

Número de nós em cada nível:
n_persons	index	time        	lvl0  	lvl1  	lvl2  	lvl3  	lvl4  	lvl5  	lvl6  	lvl7  	lvl8  	lvl9  	lvl10 	lvl11 	lvl12 	lvl13 	lvl14 	lvl15 	lvl16 	lvl17 	lvl18 	lvl19 	lvl20 	lvl21 	lvl22 	lvl23 	lvl24 	lvl25 	lvl26 	lvl27 	lvl28 	lvl29 	lvl30 	lvl31 	lvl32 	lvl33 	lvl34 	lvl35 	lvl36 	lvl37 	lvl38 	lvl39 	lvl40 	lvl41 
100000   	0    	4.199900e-03	1     	2     	4     	8     	16    	31    	59    	115   	212   	385   	657   	1075  	1680  	2498  	3495  	4649  	5856  	7016  	8045  	8656  	8896  	8618  	8080  	7117  	6092  	4942  	3733  	2822  	1996  	1299  	866   	512   	276   	155   	84    	38    	11    	3     	nan   	nan   	nan   	nan   
100000   	1    	4.114300e-03	1     	2     	4     	8     	16    	32    	63    	121   	230   	423   	737   	1225  	1925  	2767  	3928  	5168  	6366  	7475  	8339  	8895  	9032  	8735  	8043  	6950  	5627  	4397  	3241  	2313  	1489  	979   	603   	368   	225   	130   	67    	33    	18    	12    	7     	4     	2     	nan   
100000   	2    	4.369800e-03	1     	2     	4     	8     	16    	32    	63    	118   	215   	389   	680   	1115  	1792  	2663  	3820  	5085  	6395  	7352  	8138  	8421  	8445  	8198  	7579  	6774  	5747  	4638  	3621  	2714  	2029  	1423  	1053  	694   	396   	201   	98    	53    	19    	6     	3     	nan   	nan   	nan   
100000   	3    	4.536600e-03	1     	2     	4     	8     	16    	31    	62    	119   	214   	383   	664   	1064  	1614  	2340  	3274  	4421  	5620  	6900  	7918  	8564  	8716  	8563  	8060  	7291  	6194  	5011  	3825  	2917  	2113  	1485  	1025  	637   	410   	247   	147   	75    	37    	18    	5     	2     	1     	2     

