Criação das árvores ordenadas:
n_persons	index	time        
100000   	0    	5.082660e-02
100000   	1    	6.517300e-02
100000   	2    	5.845750e-02
100000   	3    	4.832220e-02

Procura de nós nas árvores:
n_persons	index	time        
100000   	0    	5.102140e-02
100000   	1    	6.139730e-02
100000   	2    	6.045860e-02
100000   	3    	5.557190e-02

Maior profundidade das árvores:
n_persons	index	time        	depth
100000   	0    	4.664600e-03	40   
100000   	1    	4.340900e-03	38   
100000   	2    	4.977600e-03	39   
100000   	3    	4.928500e-03	38   

Número de nós em cada nível:
n_persons	index	time        	lvl0  	lvl1  	lvl2  	lvl3  	lvl4  	lvl5  	lvl6  	lvl7  	lvl8  	lvl9  	lvl10 	lvl11 	lvl12 	lvl13 	lvl14 	lvl15 	lvl16 	lvl17 	lvl18 	lvl19 	lvl20 	lvl21 	lvl22 	lvl23 	lvl24 	lvl25 	lvl26 	lvl27 	lvl28 	lvl29 	lvl30 	lvl31 	lvl32 	lvl33 	lvl34 	lvl35 	lvl36 	lvl37 	lvl38 	lvl39 	lvl40 
100000   	0    	4.182500e-03	1     	2     	4     	8     	16    	32    	64    	125   	235   	451   	810   	1378  	2199  	3326  	4589  	5932  	7172  	8201  	8968  	9136  	8955  	8325  	7417  	6237  	5126  	3888  	2767  	1776  	1152  	726   	429   	252   	149   	73    	32    	19    	12    	7     	7     	1     	1     
100000   	1    	4.703400e-03	1     	2     	4     	8     	16    	32    	62    	120   	233   	436   	750   	1214  	1834  	2636  	3600  	4680  	5807  	6871  	7713  	8299  	8488  	8449  	8009  	7114  	6026  	4963  	3919  	2971  	2093  	1447  	993   	562   	327   	162   	95    	42    	15    	6     	1     	nan   	nan   
100000   	2    	4.435000e-03	1     	2     	4     	8     	16    	32    	62    	115   	226   	405   	679   	1073  	1625  	2357  	3249  	4315  	5352  	6320  	7119  	7851  	8260  	8419  	8153  	7638  	6586  	5498  	4392  	3308  	2350  	1678  	1126  	741   	480   	271   	150   	78    	38    	14    	6     	3     	nan   
100000   	3    	4.702100e-03	1     	2     	4     	8     	16    	30    	57    	108   	195   	316   	535   	866   	1347  	2003  	2881  	3883  	4925  	6030  	7112  	8060  	8671  	9000  	8969  	8161  	7109  	5921  	4570  	3293  	2225  	1445  	888   	568   	343   	205   	122   	67    	40    	19    	5     	nan   	nan   

