Criação das árvores ordenadas:
n_persons	index	time        
100000   	0    	5.392830e-02
100000   	1    	7.323160e-02
100000   	2    	6.930100e-02
100000   	3    	6.930310e-02

Procura de nós nas árvores:
n_persons	index	time        
100000   	0    	7.322040e-02
100000   	1    	7.152820e-02
100000   	2    	7.312860e-02
100000   	3    	6.336640e-02

Maior profundidade das árvores:
n_persons	index	time        	depth
100000   	0    	5.856500e-03	38   
100000   	1    	5.194900e-03	42   
100000   	2    	6.722200e-03	42   
100000   	3    	5.682900e-03	43   

Número de nós em cada nível:
n_persons	index	time        	lvl0  	lvl1  	lvl2  	lvl3  	lvl4  	lvl5  	lvl6  	lvl7  	lvl8  	lvl9  	lvl10 	lvl11 	lvl12 	lvl13 	lvl14 	lvl15 	lvl16 	lvl17 	lvl18 	lvl19 	lvl20 	lvl21 	lvl22 	lvl23 	lvl24 	lvl25 	lvl26 	lvl27 	lvl28 	lvl29 	lvl30 	lvl31 	lvl32 	lvl33 	lvl34 	lvl35 	lvl36 	lvl37 	lvl38 	lvl39 	lvl40 	lvl41 	lvl42 	lvl43 
100000   	0    	4.495500e-03	1     	2     	4     	8     	16    	32    	64    	124   	233   	421   	726   	1188  	1825  	2660  	3739  	4860  	6107  	7372  	8431  	8996  	9162  	8825  	8162  	7104  	5773  	4448  	3345  	2320  	1597  	1044  	648   	362   	211   	102   	46    	26    	11    	3     	2     	nan   	nan   	nan   	nan   	nan   
100000   	1    	5.456700e-03	1     	2     	4     	8     	16    	32    	64    	124   	236   	422   	745   	1222  	1927  	2808  	3743  	4717  	5686  	6260  	6578  	6752  	6724  	6494  	6162  	5798  	5350  	4940  	4483  	3980  	3401  	2939  	2420  	1838  	1312  	992   	720   	458   	277   	175   	99    	54    	25    	10    	2     	nan   
100000   	2    	7.784400e-03	1     	2     	4     	8     	16    	29    	54    	97    	170   	292   	511   	846   	1339  	1995  	2760  	3681  	4661  	5738  	6738  	7513  	8112  	8187  	7936  	7441  	6756  	5999  	5030  	4029  	3126  	2327  	1702  	1140  	753   	437   	257   	158   	81    	47    	15    	5     	3     	2     	2     	nan   
100000   	3    	5.069800e-03	1     	2     	4     	8     	16    	32    	64    	127   	241   	439   	772   	1312  	2036  	2965  	4003  	5040  	6169  	7236  	7921  	8162  	8034  	7579  	6823  	5996  	5110  	4252  	3544  	2943  	2433  	1913  	1470  	1125  	828   	555   	361   	217   	123   	62    	42    	21    	12    	5     	1     	1     

