Criação das árvores ordenadas:
n_persons	index	time        
100000   	0    	6.989110e-02
100000   	1    	6.461770e-02
100000   	2    	5.610490e-02
100000   	3    	4.807210e-02

Procura de nós nas árvores:
n_persons	index	time        
100000   	0    	5.180420e-02
100000   	1    	6.191730e-02
100000   	2    	6.009140e-02
100000   	3    	5.277060e-02

Maior profundidade das árvores:
n_persons	index	time        	depth
100000   	0    	4.380800e-03	39   
100000   	1    	4.296700e-03	44   
100000   	2    	4.743600e-03	44   
100000   	3    	5.002300e-03	38   

Número de nós em cada nível:
n_persons	index	time        	lvl0  	lvl1  	lvl2  	lvl3  	lvl4  	lvl5  	lvl6  	lvl7  	lvl8  	lvl9  	lvl10 	lvl11 	lvl12 	lvl13 	lvl14 	lvl15 	lvl16 	lvl17 	lvl18 	lvl19 	lvl20 	lvl21 	lvl22 	lvl23 	lvl24 	lvl25 	lvl26 	lvl27 	lvl28 	lvl29 	lvl30 	lvl31 	lvl32 	lvl33 	lvl34 	lvl35 	lvl36 	lvl37 	lvl38 	lvl39 	lvl40 	lvl41 	lvl42 	lvl43 	lvl44 
100000   	0    	3.931600e-03	1     	2     	4     	8     	16    	31    	61    	122   	234   	435   	770   	1283  	1958  	2831  	3879  	5091  	6158  	7273  	8111  	8573  	8651  	8315  	7601  	6662  	5666  	4650  	3548  	2637  	1830  	1281  	871   	613   	410   	224   	109   	47    	23    	12    	6     	3     	nan   	nan   	nan   	nan   	nan   
100000   	1    	3.779000e-03	1     	2     	4     	8     	16    	32    	62    	123   	235   	430   	727   	1204  	1826  	2629  	3661  	4850  	5954  	7016  	7707  	7996  	8155  	7902  	7223  	6562  	5703  	4666  	3821  	3056  	2407  	1805  	1322  	957   	675   	459   	297   	222   	126   	76    	45    	25    	5     	2     	2     	2     	2     
100000   	2    	4.190000e-03	1     	2     	4     	8     	16    	32    	64    	126   	237   	427   	716   	1154  	1774  	2589  	3519  	4495  	5530  	6448  	7216  	7603  	7687  	7475  	7051  	6547  	5742  	4992  	4218  	3507  	2754  	2173  	1727  	1294  	973   	702   	487   	307   	183   	100   	59    	29    	16    	6     	6     	3     	1     
100000   	3    	4.625500e-03	1     	2     	4     	8     	16    	32    	63    	125   	243   	455   	776   	1271  	1973  	2903  	3979  	5140  	6384  	7350  	8103  	8480  	8622  	8294  	7588  	6798  	5690  	4566  	3529  	2641  	1863  	1292  	811   	468   	241   	149   	83    	34    	19    	3     	1     	nan   	nan   	nan   	nan   	nan   	nan   

