Criação das árvores ordenadas:
n_persons	index	time        
100000   	0    	6.508910e-02
100000   	1    	6.885920e-02
100000   	2    	5.568480e-02
100000   	3    	4.855780e-02

Procura de nós nas árvores:
n_persons	index	time        
100000   	0    	6.142160e-02
100000   	1    	6.630680e-02
100000   	2    	6.519120e-02
100000   	3    	5.132870e-02

Maior profundidade das árvores:
n_persons	index	time        	depth
100000   	0    	4.457000e-03	40   
100000   	1    	5.130500e-03	42   
100000   	2    	5.912700e-03	39   
100000   	3    	5.499900e-03	40   

Número de nós em cada nível:
n_persons	index	time        	lvl0  	lvl1  	lvl2  	lvl3  	lvl4  	lvl5  	lvl6  	lvl7  	lvl8  	lvl9  	lvl10 	lvl11 	lvl12 	lvl13 	lvl14 	lvl15 	lvl16 	lvl17 	lvl18 	lvl19 	lvl20 	lvl21 	lvl22 	lvl23 	lvl24 	lvl25 	lvl26 	lvl27 	lvl28 	lvl29 	lvl30 	lvl31 	lvl32 	lvl33 	lvl34 	lvl35 	lvl36 	lvl37 	lvl38 	lvl39 	lvl40 	lvl41 	lvl42 
100000   	0    	5.576100e-03	1     	2     	4     	8     	16    	32    	62    	122   	219   	396   	659   	1033  	1583  	2345  	3321  	4403  	5578  	6597  	7486  	8075  	8373  	8310  	7819  	7091  	6252  	5359  	4435  	3388  	2518  	1731  	1177  	727   	414   	224   	124   	58    	33    	13    	6     	5     	1     	nan   	nan   
100000   	1    	5.977700e-03	1     	2     	4     	8     	16    	32    	60    	112   	205   	364   	583   	936   	1404  	1972  	2715  	3630  	4682  	5794  	6864  	7797  	8474  	8738  	8722  	8088  	7099  	5903  	4792  	3680  	2634  	1798  	1207  	762   	461   	230   	116   	53    	24    	15    	12    	7     	2     	1     	1     
100000   	2    	6.529100e-03	1     	2     	4     	8     	16    	32    	62    	124   	236   	429   	738   	1225  	1944  	2890  	3975  	5237  	6541  	7878  	8832  	9241  	9114  	8632  	7648  	6574  	5378  	4225  	3201  	2232  	1515  	932   	553   	308   	149   	65    	26    	17    	9     	5     	1     	1     	nan   	nan   	nan   
100000   	3    	6.621700e-03	1     	2     	4     	8     	16    	32    	62    	116   	215   	379   	649   	1043  	1598  	2261  	3135  	4192  	5326  	6475  	7457  	8179  	8685  	8807  	8403  	7437  	6394  	5315  	4179  	3000  	2175  	1536  	1063  	677   	441   	286   	178   	120   	79    	48    	15    	9     	3     	nan   	nan   

