Criação das árvores ordenadas:
n_persons	index	time        
100000   	0    	5.379880e-02
100000   	1    	6.333670e-02
100000   	2    	5.457050e-02
100000   	3    	4.670470e-02

Procura de nós nas árvores:
n_persons	index	time        
100000   	0    	5.280260e-02
100000   	1    	6.125530e-02
100000   	2    	5.658840e-02
100000   	3    	4.809900e-02

Maior profundidade das árvores:
n_persons	index	time        	depth
100000   	0    	4.669500e-03	36   
100000   	1    	4.576400e-03	42   
100000   	2    	5.062600e-03	39   
100000   	3    	5.591800e-03	41   

Número de nós em cada nível:
n_persons	index	time        	lvl0  	lvl1  	lvl2  	lvl3  	lvl4  	lvl5  	lvl6  	lvl7  	lvl8  	lvl9  	lvl10 	lvl11 	lvl12 	lvl13 	lvl14 	lvl15 	lvl16 	lvl17 	lvl18 	lvl19 	lvl20 	lvl21 	lvl22 	lvl23 	lvl24 	lvl25 	lvl26 	lvl27 	lvl28 	lvl29 	lvl30 	lvl31 	lvl32 	lvl33 	lvl34 	lvl35 	lvl36 	lvl37 	lvl38 	lvl39 	lvl40 	lvl41 	lvl42 
100000   	0    	4.451300e-03	1     	2     	4     	8     	16    	32    	63    	123   	237   	445   	786   	1297  	2060  	3026  	4238  	5580  	6996  	8297  	9129  	9428  	9200  	8477  	7470  	6264  	5050  	3816  	2789  	1949  	1343  	866   	488   	283   	146   	63    	19    	7     	2     	nan   	nan   	nan   	nan   	nan   	nan   
100000   	1    	4.076300e-03	1     	2     	4     	8     	16    	30    	58    	98    	163   	264   	445   	750   	1241  	1974  	2965  	4245  	5648  	6958  	8122  	8826  	9263  	9140  	8380  	7222  	5932  	4724  	3677  	2768  	1995  	1441  	1067  	789   	583   	414   	296   	191   	136   	83    	43    	20    	11    	5     	2     
100000   	2    	4.742500e-03	1     	2     	4     	8     	16    	31    	62    	121   	224   	400   	681   	1109  	1761  	2560  	3454  	4471  	5556  	6455  	7206  	7785  	8005  	8089  	7702  	7180  	6353  	5476  	4504  	3427  	2537  	1773  	1227  	791   	489   	257   	148   	71    	36    	20    	7     	1     	nan   	nan   	nan   
100000   	3    	4.844400e-03	1     	2     	4     	8     	16    	32    	63    	120   	228   	404   	696   	1120  	1716  	2433  	3267  	4225  	5168  	6028  	6736  	7222  	7385  	7428  	7292  	6957  	6390  	5669  	4833  	4102  	3297  	2423  	1727  	1203  	790   	482   	279   	139   	70    	27    	8     	4     	5     	1     	nan   

