Criação das árvores ordenadas:
n_persons	index	time        
100000   	0    	5.115300e-02
100000   	1    	6.144870e-02
100000   	2    	5.592100e-02
100000   	3    	4.658450e-02

Procura de nós nas árvores:
n_persons	index	time        
100000   	0    	5.212600e-02
100000   	1    	6.578360e-02
100000   	2    	6.278740e-02
100000   	3    	4.897790e-02

Maior profundidade das árvores:
n_persons	index	time        	depth
100000   	0    	4.707100e-03	43   
100000   	1    	4.458600e-03	38   
100000   	2    	4.893400e-03	42   
100000   	3    	4.906600e-03	37   

Número de nós em cada nível:
n_persons	index	time        	lvl0  	lvl1  	lvl2  	lvl3  	lvl4  	lvl5  	lvl6  	lvl7  	lvl8  	lvl9  	lvl10 	lvl11 	lvl12 	lvl13 	lvl14 	lvl15 	lvl16 	lvl17 	lvl18 	lvl19 	lvl20 	lvl21 	lvl22 	lvl23 	lvl24 	lvl25 	lvl26 	lvl27 	lvl28 	lvl29 	lvl30 	lvl31 	lvl32 	lvl33 	lvl34 	lvl35 	lvl36 	lvl37 	lvl38 	lvl39 	lvl40 	lvl41 	lvl42 	lvl43 
100000   	0    	4.101600e-03	1     	2     	4     	8     	16    	32    	62    	117   	217   	399   	690   	1191  	1863  	2799  	4016  	5284  	6596  	7822  	8748  	9294  	9274  	8682  	7660  	6512  	5346  	4220  	3158  	2315  	1562  	1003  	573   	279   	157   	56    	18    	9     	6     	3     	1     	1     	1     	1     	1     	1     
100000   	1    	3.846500e-03	1     	2     	4     	8     	16    	32    	64    	126   	241   	453   	808   	1343  	2101  	3156  	4352  	5763  	7185  	8354  	9229  	9606  	9344  	8585  	7494  	6236  	4860  	3732  	2634  	1775  	1084  	662   	364   	205   	101   	45    	20    	8     	4     	2     	1     	nan   	nan   	nan   	nan   	nan   
100000   	2    	5.129000e-03	1     	2     	4     	8     	16    	31    	57    	92    	158   	269   	457   	711   	1073  	1568  	2284  	3141  	4179  	5314  	6478  	7379  	8238  	8645  	8589  	7924  	7164  	6276  	5236  	4171  	3148  	2358  	1662  	1150  	815   	559   	363   	247   	137   	57    	23    	9     	5     	1     	1     	nan   
100000   	3    	4.798100e-03	1     	2     	4     	8     	16    	32    	61    	120   	224   	405   	716   	1227  	1974  	2943  	4150  	5466  	6814  	8086  	8884  	9303  	9377  	8817  	7666  	6536  	5221  	3976  	2942  	1972  	1272  	770   	498   	269   	134   	62    	30    	12    	6     	4     	nan   	nan   	nan   	nan   	nan   	nan   

