Criação das árvores ordenadas:
n_persons	index	time        
100000   	0    	6.159580e-02
100000   	1    	6.343750e-02
100000   	2    	5.585120e-02
100000   	3    	4.748790e-02

Procura de nós nas árvores:
n_persons	index	time        
100000   	0    	5.215430e-02
100000   	1    	6.240270e-02
100000   	2    	6.015390e-02
100000   	3    	4.800910e-02

Maior profundidade das árvores:
n_persons	index	time        	depth
100000   	0    	4.831700e-03	40   
100000   	1    	4.548000e-03	40   
100000   	2    	5.091300e-03	38   
100000   	3    	5.315000e-03	37   

Número de nós em cada nível:
n_persons	index	time        	lvl0  	lvl1  	lvl2  	lvl3  	lvl4  	lvl5  	lvl6  	lvl7  	lvl8  	lvl9  	lvl10 	lvl11 	lvl12 	lvl13 	lvl14 	lvl15 	lvl16 	lvl17 	lvl18 	lvl19 	lvl20 	lvl21 	lvl22 	lvl23 	lvl24 	lvl25 	lvl26 	lvl27 	lvl28 	lvl29 	lvl30 	lvl31 	lvl32 	lvl33 	lvl34 	lvl35 	lvl36 	lvl37 	lvl38 	lvl39 	lvl40 
100000   	0    	4.491500e-03	1     	2     	4     	8     	16    	32    	63    	125   	225   	400   	664   	1081  	1656  	2433  	3333  	4446  	5645  	6737  	7697  	8387  	8746  	8566  	8022  	7194  	6255  	5144  	4043  	3001  	2171  	1458  	1015  	637   	389   	202   	102   	50    	23    	14    	10    	2     	1     
100000   	1    	3.999800e-03	1     	2     	4     	8     	16    	31    	62    	123   	234   	423   	728   	1219  	1914  	2809  	3902  	5144  	6428  	7403  	8291  	8782  	8879  	8509  	7729  	6786  	5642  	4361  	3276  	2429  	1751  	1191  	816   	497   	293   	145   	83    	46    	19    	11    	6     	5     	2     
100000   	2    	4.368500e-03	1     	2     	4     	8     	16    	32    	63    	125   	228   	408   	695   	1120  	1724  	2585  	3649  	4890  	6194  	7268  	8269  	8935  	9129  	8723  	8159  	7120  	6035  	4668  	3503  	2500  	1665  	1014  	594   	371   	168   	76    	35    	14    	5     	4     	1     	nan   	nan   
100000   	3    	4.455500e-03	1     	2     	4     	8     	16    	32    	64    	126   	236   	434   	760   	1303  	2134  	3261  	4619  	6111  	7669  	8960  	9742  	10049 	9604  	8563  	7091  	5738  	4329  	3112  	2207  	1506  	979   	602   	328   	192   	99    	62    	30    	18    	6     	3     	nan   	nan   	nan   

