Criação das árvores ordenadas:
n_persons	index	time        
100000   	0    	8.357700e-02
100000   	1    	6.672040e-02
100000   	2    	5.544310e-02
100000   	3    	4.877260e-02

Procura de nós nas árvores:
n_persons	index	time        
100000   	0    	5.659310e-02
100000   	1    	5.895080e-02
100000   	2    	6.027770e-02
100000   	3    	5.185870e-02

Maior profundidade das árvores:
n_persons	index	time        	depth
100000   	0    	5.276500e-03	41   
100000   	1    	4.714000e-03	38   
100000   	2    	5.656000e-03	37   
100000   	3    	5.042700e-03	38   

Número de nós em cada nível:
n_persons	index	time        	lvl0  	lvl1  	lvl2  	lvl3  	lvl4  	lvl5  	lvl6  	lvl7  	lvl8  	lvl9  	lvl10 	lvl11 	lvl12 	lvl13 	lvl14 	lvl15 	lvl16 	lvl17 	lvl18 	lvl19 	lvl20 	lvl21 	lvl22 	lvl23 	lvl24 	lvl25 	lvl26 	lvl27 	lvl28 	lvl29 	lvl30 	lvl31 	lvl32 	lvl33 	lvl34 	lvl35 	lvl36 	lvl37 	lvl38 	lvl39 	lvl40 	lvl41 
100000   	0    	4.584500e-03	1     	2     	4     	8     	16    	29    	57    	102   	177   	308   	502   	816   	1261  	1891  	2691  	3687  	4831  	6049  	7079  	8049  	8608  	8765  	8492  	7823  	6865  	5846  	4582  	3570  	2600  	1818  	1277  	860   	553   	351   	208   	108   	60    	33    	14    	4     	2     	1     
100000   	1    	5.177200e-03	1     	2     	4     	8     	16    	32    	63    	122   	234   	448   	817   	1378  	2213  	3344  	4675  	6050  	7392  	8521  	9322  	9393  	9096  	8279  	7218  	5976  	4783  	3545  	2523  	1699  	1133  	708   	426   	251   	147   	90    	47    	24    	11    	6     	3     	nan   	nan   	nan   
100000   	2    	5.169000e-03	1     	2     	4     	8     	16    	32    	62    	117   	218   	378   	671   	1106  	1790  	2832  	4075  	5424  	6741  	7941  	8835  	9205  	9085  	8559  	7696  	6506  	5385  	4227  	3108  	2149  	1456  	935   	601   	356   	220   	129   	76    	36    	14    	4     	nan   	nan   	nan   	nan   
100000   	3    	4.589000e-03	1     	2     	4     	8     	16    	32    	63    	122   	230   	420   	769   	1298  	2054  	3031  	4166  	5405  	6692  	7786  	8722  	9203  	9077  	8665  	7782  	6707  	5495  	4100  	2972  	2027  	1346  	842   	452   	260   	146   	67    	22    	7     	5     	3     	1     	nan   	nan   	nan   

