Criação das árvores ordenadas:
n_persons	index	time        
100000   	0    	5.441560e-02
100000   	1    	6.198630e-02
100000   	2    	5.534410e-02
100000   	3    	4.655200e-02

Procura de nós nas árvores:
n_persons	index	time        
100000   	0    	5.341250e-02
100000   	1    	6.160750e-02
100000   	2    	5.525750e-02
100000   	3    	4.943250e-02

Maior profundidade das árvores:
n_persons	index	time        	depth
100000   	0    	4.388300e-03	41   
100000   	1    	4.797600e-03	38   
100000   	2    	5.036600e-03	38   
100000   	3    	5.165800e-03	40   

Número de nós em cada nível:
n_persons	index	time        	lvl0  	lvl1  	lvl2  	lvl3  	lvl4  	lvl5  	lvl6  	lvl7  	lvl8  	lvl9  	lvl10 	lvl11 	lvl12 	lvl13 	lvl14 	lvl15 	lvl16 	lvl17 	lvl18 	lvl19 	lvl20 	lvl21 	lvl22 	lvl23 	lvl24 	lvl25 	lvl26 	lvl27 	lvl28 	lvl29 	lvl30 	lvl31 	lvl32 	lvl33 	lvl34 	lvl35 	lvl36 	lvl37 	lvl38 	lvl39 	lvl40 	lvl41 
100000   	0    	3.940200e-03	1     	2     	4     	8     	16    	31    	58    	108   	197   	331   	570   	928   	1417  	2029  	2808  	3646  	4500  	5497  	6399  	7108  	7727  	8047  	8135  	7738  	7047  	6154  	5262  	4274  	3243  	2293  	1613  	1102  	699   	404   	262   	152   	94    	58    	21    	9     	6     	2     
100000   	1    	3.828000e-03	1     	2     	4     	8     	16    	31    	59    	104   	185   	323   	554   	923   	1448  	2194  	3104  	4167  	5400  	6652  	7618  	8331  	8666  	8804  	8450  	7639  	6482  	5351  	4263  	3232  	2280  	1506  	929   	542   	344   	203   	105   	47    	22    	9     	2     	nan   	nan   	nan   
100000   	2    	4.896900e-03	1     	2     	4     	8     	16    	31    	59    	111   	202   	362   	598   	986   	1517  	2220  	3074  	4015  	5136  	6198  	7152  	7706  	8058  	8140  	7937  	7421  	6590  	5676  	4679  	3661  	2814  	2046  	1437  	975   	587   	324   	163   	62    	22    	8     	2     	nan   	nan   	nan   
100000   	3    	4.287600e-03	1     	2     	4     	8     	16    	32    	64    	120   	231   	422   	737   	1208  	1868  	2753  	3968  	5272  	6641  	7824  	8821  	9427  	9466  	8872  	7921  	6705  	5304  	3978  	2847  	1985  	1346  	898   	555   	308   	174   	87    	58    	33    	24    	9     	7     	3     	1     	nan   

