Criação das árvores ordenadas:
n_persons	index	time        
100000   	0    	5.183300e-02
100000   	1    	6.441960e-02
100000   	2    	6.071330e-02
100000   	3    	4.756680e-02

Procura de nós nas árvores:
n_persons	index	time        
100000   	0    	5.392810e-02
100000   	1    	6.046900e-02
100000   	2    	5.638770e-02
100000   	3    	4.750080e-02

Maior profundidade das árvores:
n_persons	index	time        	depth
100000   	0    	4.541900e-03	42   
100000   	1    	4.462900e-03	39   
100000   	2    	4.964100e-03	37   
100000   	3    	4.938300e-03	41   

Número de nós em cada nível:
n_persons	index	time        	lvl0  	lvl1  	lvl2  	lvl3  	lvl4  	lvl5  	lvl6  	lvl7  	lvl8  	lvl9  	lvl10 	lvl11 	lvl12 	lvl13 	lvl14 	lvl15 	lvl16 	lvl17 	lvl18 	lvl19 	lvl20 	lvl21 	lvl22 	lvl23 	lvl24 	lvl25 	lvl26 	lvl27 	lvl28 	lvl29 	lvl30 	lvl31 	lvl32 	lvl33 	lvl34 	lvl35 	lvl36 	lvl37 	lvl38 	lvl39 	lvl40 	lvl41 	lvl42 
100000   	0    	4.465100e-03	1     	2     	4     	8     	16    	32    	62    	119   	207   	360   	594   	952   	1488  	2201  	3176  	4410  	5805  	7136  	8246  	8950  	9147  	9061  	8394  	7488  	6223  	4854  	3731  	2675  	1833  	1177  	701   	421   	265   	133   	62    	30    	18    	6     	5     	2     	2     	2     	1     
100000   	1    	3.884100e-03	1     	2     	4     	8     	16    	32    	62    	122   	225   	394   	680   	1095  	1682  	2439  	3332  	4390  	5492  	6651  	7566  	8348  	8553  	8611  	8207  	7475  	6544  	5356  	4141  	3072  	2169  	1431  	858   	512   	277   	145   	66    	26    	11    	3     	1     	1     	nan   	nan   	nan   
100000   	2    	4.294000e-03	1     	2     	4     	8     	16    	32    	63    	125   	238   	436   	779   	1301  	2041  	2954  	4090  	5343  	6601  	7737  	8688  	9160  	9115  	8621  	7716  	6487  	5227  	4048  	3001  	2102  	1435  	1003  	687   	428   	257   	150   	63    	28    	8     	5     	nan   	nan   	nan   	nan   	nan   
100000   	3    	4.234600e-03	1     	2     	4     	8     	16    	32    	64    	126   	243   	457   	818   	1356  	2159  	3195  	4466  	5921  	7279  	8470  	9204  	9530  	9348  	8509  	7346  	6163  	4798  	3550  	2594  	1717  	1054  	640   	363   	234   	147   	81    	47    	25    	14    	6     	6     	4     	1     	2     	nan   

