Criação das árvores ordenadas:
n_persons	index	time        
100000   	0    	9.430090e-02
100000   	1    	1.173466e-01
100000   	2    	1.102873e-01
100000   	3    	9.382100e-02

Procura de nós nas árvores:
n_persons	index	time        
100000   	0    	7.684900e-02
100000   	1    	1.461382e-01
100000   	2    	1.412967e-01
100000   	3    	8.688490e-02

Maior profundidade das árvores:
n_persons	index	time        	depth
100000   	0    	6.403400e-03	39   
100000   	1    	5.982900e-03	41   
100000   	2    	1.100410e-02	40   
100000   	3    	7.485700e-03	38   

Número de nós em cada nível:
n_persons	index	time        	lvl0  	lvl1  	lvl2  	lvl3  	lvl4  	lvl5  	lvl6  	lvl7  	lvl8  	lvl9  	lvl10 	lvl11 	lvl12 	lvl13 	lvl14 	lvl15 	lvl16 	lvl17 	lvl18 	lvl19 	lvl20 	lvl21 	lvl22 	lvl23 	lvl24 	lvl25 	lvl26 	lvl27 	lvl28 	lvl29 	lvl30 	lvl31 	lvl32 	lvl33 	lvl34 	lvl35 	lvl36 	lvl37 	lvl38 	lvl39 	lvl40 	lvl41 
100000   	0    	1.097640e-02	1     	2     	4     	8     	16    	32    	62    	121   	230   	413   	710   	1148  	1695  	2356  	3267  	4256  	5263  	6089  	6905  	7648  	8025  	8045  	7893  	7220  	6416  	5529  	4587  	3617  	2767  	2012  	1405  	936   	560   	354   	199   	119   	53    	21    	12    	4     	nan   	nan   
100000   	1    	5.691500e-03	1     	2     	4     	8     	16    	32    	63    	122   	224   	391   	673   	1086  	1673  	2477  	3473  	4616  	5735  	6876  	7766  	8202  	8333  	8027  	7443  	6636  	5843  	4976  	4107  	3235  	2436  	1868  	1363  	933   	599   	347   	202   	119   	59    	23    	5     	3     	2     	1     
100000   	2    	1.422420e-02	1     	2     	4     	8     	16    	32    	64    	124   	241   	412   	679   	1070  	1652  	2410  	3228  	4155  	5148  	6036  	6832  	7513  	7775  	7765  	7531  	7106  	6393  	5702  	4809  	3956  	3095  	2262  	1533  	980   	644   	391   	225   	115   	53    	22    	10    	5     	1     	nan   
100000   	3    	6.614700e-03	1     	2     	4     	8     	16    	32    	64    	126   	244   	440   	752   	1219  	1865  	2716  	3725  	4853  	5903  	7033  	7917  	8512  	8790  	8631  	7992  	7043  	5967  	4820  	3714  	2755  	1930  	1200  	751   	457   	247   	139   	78    	36    	11    	6     	1     	nan   	nan   	nan   

