Criação das árvores ordenadas:
n_persons	index	time        
100000   	0    	5.355950e-02
100000   	1    	6.234860e-02
100000   	2    	5.626870e-02
100000   	3    	4.987100e-02

Procura de nós nas árvores:
n_persons	index	time        
100000   	0    	5.203870e-02
100000   	1    	5.967550e-02
100000   	2    	5.650120e-02
100000   	3    	4.904620e-02

Maior profundidade das árvores:
n_persons	index	time        	depth
100000   	0    	4.271200e-03	39   
100000   	1    	4.703100e-03	39   
100000   	2    	5.083400e-03	38   
100000   	3    	5.178700e-03	38   

Número de nós em cada nível:
n_persons	index	time        	lvl0  	lvl1  	lvl2  	lvl3  	lvl4  	lvl5  	lvl6  	lvl7  	lvl8  	lvl9  	lvl10 	lvl11 	lvl12 	lvl13 	lvl14 	lvl15 	lvl16 	lvl17 	lvl18 	lvl19 	lvl20 	lvl21 	lvl22 	lvl23 	lvl24 	lvl25 	lvl26 	lvl27 	lvl28 	lvl29 	lvl30 	lvl31 	lvl32 	lvl33 	lvl34 	lvl35 	lvl36 	lvl37 	lvl38 	lvl39 
100000   	0    	4.070300e-03	1     	2     	4     	8     	16    	32    	64    	125   	234   	433   	755   	1230  	1834  	2554  	3440  	4380  	5277  	6180  	6826  	7382  	7626  	7742  	7608  	7257  	6500  	5715  	4607  	3713  	2808  	2042  	1408  	932   	570   	331   	186   	104   	45    	19    	6     	4     
100000   	1    	4.155200e-03	1     	2     	4     	8     	16    	32    	64    	122   	234   	433   	747   	1214  	1885  	2685  	3671  	4869  	5955  	6976  	7829  	8275  	8465  	8230  	7559  	6668  	5831  	4771  	3784  	2889  	2158  	1559  	1095  	743   	485   	312   	201   	113   	62    	31    	16    	6     
100000   	2    	4.336700e-03	1     	2     	4     	8     	16    	32    	64    	124   	231   	423   	718   	1139  	1682  	2426  	3298  	4368  	5526  	6652  	7701  	8560  	9163  	9190  	8724  	7621  	6473  	5092  	3816  	2718  	1731  	1057  	612   	373   	228   	113   	65    	32    	11    	4     	2     	nan   
100000   	3    	4.557200e-03	1     	2     	4     	8     	16    	32    	60    	116   	212   	380   	632   	1001  	1513  	2188  	3057  	4108  	5298  	6586  	7602  	8297  	8686  	8568  	8217  	7418  	6494  	5407  	4357  	3369  	2331  	1638  	1058  	592   	351   	192   	99    	57    	34    	12    	7     	nan   

