Criação das árvores ordenadas:
n_persons	index	time        
100000   	0    	5.382170e-02
100000   	1    	6.329000e-02
100000   	2    	5.538170e-02
100000   	3    	4.711880e-02

Procura de nós nas árvores:
n_persons	index	time        
100000   	0    	6.090850e-02
100000   	1    	6.620720e-02
100000   	2    	5.918200e-02
100000   	3    	5.365600e-02

Maior profundidade das árvores:
n_persons	index	time        	depth
100000   	0    	5.725100e-03	45   
100000   	1    	5.301500e-03	40   
100000   	2    	6.477800e-03	38   
100000   	3    	5.629400e-03	39   

Número de nós em cada nível:
n_persons	index	time        	lvl0  	lvl1  	lvl2  	lvl3  	lvl4  	lvl5  	lvl6  	lvl7  	lvl8  	lvl9  	lvl10 	lvl11 	lvl12 	lvl13 	lvl14 	lvl15 	lvl16 	lvl17 	lvl18 	lvl19 	lvl20 	lvl21 	lvl22 	lvl23 	lvl24 	lvl25 	lvl26 	lvl27 	lvl28 	lvl29 	lvl30 	lvl31 	lvl32 	lvl33 	lvl34 	lvl35 	lvl36 	lvl37 	lvl38 	lvl39 	lvl40 	lvl41 	lvl42 	lvl43 	lvl44 	lvl45 
100000   	0    	3.953200e-03	1     	2     	4     	8     	16    	32    	64    	124   	234   	421   	729   	1183  	1887  	2858  	3981  	5250  	6467  	7443  	8162  	8427  	8241  	7738  	6986  	6001  	5084  	4130  	3308  	2621  	2001  	1552  	1272  	971   	776   	587   	450   	333   	256   	178   	101   	60    	20    	14    	10    	10    	6     	1     
100000   	1    	5.649200e-03	1     	2     	4     	8     	15    	29    	55    	102   	172   	290   	490   	798   	1269  	1893  	2738  	3780  	4838  	5940  	6894  	7632  	8155  	8464  	8151  	7565  	6818  	5840  	4899  	3876  	2937  	2119  	1504  	1065  	701   	422   	261   	140   	75    	31    	15    	8     	4     	nan   	nan   	nan   	nan   	nan   
100000   	2    	4.523400e-03	1     	2     	4     	8     	15    	29    	56    	100   	186   	314   	549   	913   	1455  	2206  	3160  	4207  	5352  	6629  	7762  	8646  	9079  	9205  	8758  	7802  	6582  	5299  	4044  	2801  	1919  	1225  	742   	442   	244   	119   	74    	38    	20    	12    	1     	nan   	nan   	nan   	nan   	nan   	nan   	nan   
100000   	3    	4.597200e-03	1     	2     	4     	8     	16    	31    	57    	104   	181   	331   	568   	933   	1437  	2104  	2923  	3945  	5046  	6218  	7127  	8001  	8521  	8466  	8164  	7508  	6570  	5656  	4689  	3649  	2690  	1862  	1312  	841   	510   	272   	135   	64    	26    	15    	12    	1     	nan   	nan   	nan   	nan   	nan   	nan   

