Criação das árvores ordenadas:
n_persons	index	time        
100000   	0    	5.059820e-02
100000   	1    	6.291970e-02
100000   	2    	5.298940e-02
100000   	3    	4.529760e-02

Procura de nós nas árvores:
n_persons	index	time        
100000   	0    	5.222430e-02
100000   	1    	5.978810e-02
100000   	2    	5.375670e-02
100000   	3    	4.786920e-02

Maior profundidade das árvores:
n_persons	index	time        	depth
100000   	0    	4.870500e-03	39   
100000   	1    	4.700000e-03	40   
100000   	2    	5.393300e-03	37   
100000   	3    	5.822900e-03	39   

Número de nós em cada nível:
n_persons	index	time        	lvl0  	lvl1  	lvl2  	lvl3  	lvl4  	lvl5  	lvl6  	lvl7  	lvl8  	lvl9  	lvl10 	lvl11 	lvl12 	lvl13 	lvl14 	lvl15 	lvl16 	lvl17 	lvl18 	lvl19 	lvl20 	lvl21 	lvl22 	lvl23 	lvl24 	lvl25 	lvl26 	lvl27 	lvl28 	lvl29 	lvl30 	lvl31 	lvl32 	lvl33 	lvl34 	lvl35 	lvl36 	lvl37 	lvl38 	lvl39 	lvl40 
100000   	0    	4.379300e-03	1     	2     	4     	8     	16    	32    	64    	127   	238   	426   	753   	1286  	2058  	3045  	4271  	5512  	6766  	7783  	8616  	9080  	8981  	8391  	7456  	6328  	5264  	4156  	3068  	2232  	1560  	1035  	646   	384   	216   	103   	48    	25    	11    	5     	2     	1     	nan   
100000   	1    	4.197400e-03	1     	2     	4     	8     	16    	32    	64    	126   	236   	434   	774   	1319  	2145  	3245  	4570  	5979  	7275  	8258  	8862  	9027  	8772  	8204  	7243  	6150  	5005  	3919  	2878  	2013  	1371  	853   	548   	326   	179   	87    	44    	17    	5     	4     	2     	2     	1     
100000   	2    	4.667100e-03	1     	2     	4     	8     	16    	32    	64    	126   	244   	451   	796   	1329  	2078  	3126  	4449  	5852  	7251  	8509  	9273  	9573  	9226  	8605  	7628  	6265  	4838  	3628  	2501  	1680  	1051  	623   	355   	202   	116   	55    	25    	8     	7     	3     	nan   	nan   	nan   
100000   	3    	5.560800e-03	1     	2     	4     	8     	15    	28    	56    	111   	218   	412   	733   	1213  	1919  	2918  	4177  	5517  	6989  	8345  	9267  	9852  	9716  	8950  	7819  	6420  	4926  	3605  	2490  	1676  	1070  	664   	383   	222   	129   	63    	36    	15    	16    	9     	4     	2     	nan   

