Criação das árvores ordenadas:
n_persons	index	time        
100000   	0    	5.174070e-02
100000   	1    	6.356480e-02
100000   	2    	6.544460e-02
100000   	3    	8.777750e-02

Procura de nós nas árvores:
n_persons	index	time        
100000   	0    	7.214520e-02
100000   	1    	6.783900e-02
100000   	2    	5.733170e-02
100000   	3    	5.046910e-02

Maior profundidade das árvores:
n_persons	index	time        	depth
100000   	0    	4.686200e-03	41   
100000   	1    	4.407800e-03	41   
100000   	2    	4.836300e-03	40   
100000   	3    	4.738700e-03	42   

Número de nós em cada nível:
n_persons	index	time        	lvl0  	lvl1  	lvl2  	lvl3  	lvl4  	lvl5  	lvl6  	lvl7  	lvl8  	lvl9  	lvl10 	lvl11 	lvl12 	lvl13 	lvl14 	lvl15 	lvl16 	lvl17 	lvl18 	lvl19 	lvl20 	lvl21 	lvl22 	lvl23 	lvl24 	lvl25 	lvl26 	lvl27 	lvl28 	lvl29 	lvl30 	lvl31 	lvl32 	lvl33 	lvl34 	lvl35 	lvl36 	lvl37 	lvl38 	lvl39 	lvl40 	lvl41 	lvl42 
100000   	0    	4.183800e-03	1     	2     	4     	8     	15    	30    	60    	120   	219   	391   	671   	1117  	1764  	2586  	3577  	4767  	5879  	6911  	7870  	8550  	8835  	8690  	8049  	7140  	6042  	4879  	3882  	2843  	1923  	1313  	809   	473   	271   	146   	74    	38    	25    	12    	5     	5     	2     	2     	nan   
100000   	1    	3.812300e-03	1     	2     	4     	8     	16    	32    	62    	115   	210   	359   	607   	951   	1438  	2092  	2898  	3845  	4933  	6036  	7041  	7766  	8240  	8246  	8085  	7446  	6737  	5804  	4850  	3713  	2828  	1998  	1360  	917   	605   	347   	187   	105   	54    	31    	14    	8     	6     	3     	nan   
100000   	2    	4.345800e-03	1     	2     	4     	8     	16    	32    	64    	127   	246   	452   	782   	1290  	2041  	3000  	4216  	5513  	6694  	7720  	8226  	8487  	8359  	7805  	7092  	6227  	5281  	4302  	3429  	2597  	1960  	1391  	985   	636   	432   	262   	154   	90    	38    	20    	12    	5     	2     	nan   	nan   
100000   	3    	4.522300e-03	1     	2     	4     	8     	16    	32    	64    	126   	236   	433   	739   	1197  	1841  	2704  	3793  	5002  	6255  	7418  	8314  	8732  	8626  	8261  	7492  	6410  	5366  	4303  	3364  	2558  	1986  	1503  	1117  	783   	505   	312   	192   	122   	74    	47    	29    	20    	7     	3     	3     

