Criação das árvores ordenadas:
n_persons	index	time        
100000   	0    	5.256440e-02
100000   	1    	6.498380e-02
100000   	2    	5.404460e-02
100000   	3    	4.701910e-02

Procura de nós nas árvores:
n_persons	index	time        
100000   	0    	5.112770e-02
100000   	1    	6.082460e-02
100000   	2    	5.483610e-02
100000   	3    	4.873340e-02

Maior profundidade das árvores:
n_persons	index	time        	depth
100000   	0    	4.785400e-03	39   
100000   	1    	4.851100e-03	35   
100000   	2    	5.249800e-03	38   
100000   	3    	5.538900e-03	36   

Número de nós em cada nível:
n_persons	index	time        	lvl0  	lvl1  	lvl2  	lvl3  	lvl4  	lvl5  	lvl6  	lvl7  	lvl8  	lvl9  	lvl10 	lvl11 	lvl12 	lvl13 	lvl14 	lvl15 	lvl16 	lvl17 	lvl18 	lvl19 	lvl20 	lvl21 	lvl22 	lvl23 	lvl24 	lvl25 	lvl26 	lvl27 	lvl28 	lvl29 	lvl30 	lvl31 	lvl32 	lvl33 	lvl34 	lvl35 	lvl36 	lvl37 	lvl38 	lvl39 
100000   	0    	4.585300e-03	1     	2     	4     	8     	16    	32    	60    	110   	200   	347   	557   	875   	1271  	1789  	2404  	3132  	3909  	4627  	5300  	5916  	6442  	6839  	7115  	7222  	7074  	6713  	6199  	5439  	4713  	3792  	2803  	1970  	1328  	837   	480   	270   	137   	48    	15    	4     
100000   	1    	4.101900e-03	1     	2     	4     	8     	16    	32    	64    	128   	249   	456   	816   	1353  	2138  	3160  	4429  	5837  	7307  	8589  	9357  	9695  	9411  	8593  	7506  	6263  	4885  	3668  	2526  	1599  	947   	495   	249   	125   	55    	26    	10    	1     	nan   	nan   	nan   	nan   
100000   	2    	4.679900e-03	1     	2     	4     	8     	16    	31    	62    	121   	228   	423   	704   	1152  	1778  	2608  	3642  	4715  	5851  	7044  	8015  	8723  	9019  	8806  	8146  	7168  	5875  	4621  	3473  	2542  	1789  	1327  	857   	573   	325   	183   	90    	40    	23    	12    	3     	nan   
100000   	3    	4.775800e-03	1     	2     	4     	8     	16    	32    	61    	119   	230   	407   	660   	1088  	1695  	2465  	3426  	4576  	5809  	6844  	7852  	8588  	8945  	8930  	8415  	7592  	6351  	5076  	3782  	2692  	1819  	1099  	667   	377   	198   	103   	39    	21    	11    	nan   	nan   	nan   

