Criação das árvores ordenadas:
n_persons	index	time        
100000   	0    	5.019900e-02
100000   	1    	6.243900e-02
100000   	2    	5.536270e-02
100000   	3    	4.726680e-02

Procura de nós nas árvores:
n_persons	index	time        
100000   	0    	5.240540e-02
100000   	1    	6.101070e-02
100000   	2    	5.661280e-02
100000   	3    	5.515680e-02

Maior profundidade das árvores:
n_persons	index	time        	depth
100000   	0    	4.543400e-03	40   
100000   	1    	4.570100e-03	38   
100000   	2    	5.658300e-03	38   
100000   	3    	5.065900e-03	38   

Número de nós em cada nível:
n_persons	index	time        	lvl0  	lvl1  	lvl2  	lvl3  	lvl4  	lvl5  	lvl6  	lvl7  	lvl8  	lvl9  	lvl10 	lvl11 	lvl12 	lvl13 	lvl14 	lvl15 	lvl16 	lvl17 	lvl18 	lvl19 	lvl20 	lvl21 	lvl22 	lvl23 	lvl24 	lvl25 	lvl26 	lvl27 	lvl28 	lvl29 	lvl30 	lvl31 	lvl32 	lvl33 	lvl34 	lvl35 	lvl36 	lvl37 	lvl38 	lvl39 	lvl40 
100000   	0    	3.881800e-03	1     	2     	4     	8     	16    	31    	61    	119   	228   	416   	738   	1270  	2053  	3076  	4324  	5730  	7074  	8268  	9090  	9262  	9044  	8427  	7370  	6165  	5027  	3812  	2793  	1940  	1326  	848   	576   	374   	217   	128   	89    	48    	24    	10    	5     	4     	2     
100000   	1    	4.040900e-03	1     	2     	4     	8     	16    	31    	62    	124   	238   	438   	788   	1365  	2192  	3293  	4743  	6228  	7708  	8797  	9487  	9661  	9402  	8591  	7341  	5867  	4406  	3150  	2192  	1497  	951   	611   	362   	210   	114   	66    	26    	14    	9     	4     	1     	nan   	nan   
100000   	2    	4.639000e-03	1     	2     	4     	8     	16    	32    	64    	127   	240   	434   	739   	1191  	1819  	2652  	3671  	4782  	5943  	7042  	7961  	8498  	8708  	8440  	7814  	6874  	5936  	4766  	3698  	2878  	2031  	1432  	934   	591   	341   	184   	85    	37    	16    	8     	1     	nan   	nan   
100000   	3    	4.469800e-03	1     	2     	4     	8     	16    	31    	61    	116   	211   	373   	640   	1060  	1693  	2548  	3625  	4862  	6225  	7439  	8404  	9020  	9290  	8896  	8265  	7135  	5998  	4621  	3477  	2390  	1505  	900   	529   	314   	178   	96    	41    	14    	7     	4     	1     	nan   	nan   

