Criação das árvores ordenadas:
n_persons	index	time        
100000   	0    	5.019030e-02
100000   	1    	6.263580e-02
100000   	2    	5.450700e-02
100000   	3    	4.701540e-02

Procura de nós nas árvores:
n_persons	index	time        
100000   	0    	5.358540e-02
100000   	1    	6.607030e-02
100000   	2    	5.548960e-02
100000   	3    	5.119380e-02

Maior profundidade das árvores:
n_persons	index	time        	depth
100000   	0    	4.302500e-03	38   
100000   	1    	4.643500e-03	40   
100000   	2    	4.993900e-03	40   
100000   	3    	4.921300e-03	39   

Número de nós em cada nível:
n_persons	index	time        	lvl0  	lvl1  	lvl2  	lvl3  	lvl4  	lvl5  	lvl6  	lvl7  	lvl8  	lvl9  	lvl10 	lvl11 	lvl12 	lvl13 	lvl14 	lvl15 	lvl16 	lvl17 	lvl18 	lvl19 	lvl20 	lvl21 	lvl22 	lvl23 	lvl24 	lvl25 	lvl26 	lvl27 	lvl28 	lvl29 	lvl30 	lvl31 	lvl32 	lvl33 	lvl34 	lvl35 	lvl36 	lvl37 	lvl38 	lvl39 	lvl40 
100000   	0    	3.894500e-03	1     	2     	4     	8     	16    	32    	64    	124   	236   	436   	743   	1201  	1884  	2756  	3815  	5124  	6376  	7528  	8311  	8763  	8789  	8258  	7578  	6640  	5541  	4513  	3423  	2478  	1789  	1282  	884   	622   	364   	220   	118   	50    	16    	9     	2     	nan   	nan   
100000   	1    	3.825300e-03	1     	2     	4     	8     	16    	32    	63    	121   	227   	403   	682   	1102  	1683  	2484  	3545  	4679  	5959  	7144  	8059  	8681  	8824  	8483  	7806  	6927  	5800  	4686  	3690  	2826  	2076  	1475  	1002  	649   	390   	216   	120   	57    	35    	24    	12    	6     	1     
100000   	2    	5.772300e-03	1     	2     	4     	8     	16    	32    	63    	123   	240   	449   	821   	1377  	2201  	3265  	4453  	5837  	7088  	8108  	8828  	9129  	8873  	8240  	7246  	6006  	4902  	3794  	2824  	2069  	1433  	954   	628   	407   	268   	147   	84    	48    	22    	7     	1     	1     	1     
100000   	3    	4.553400e-03	1     	2     	4     	8     	16    	32    	60    	109   	197   	337   	568   	894   	1401  	2145  	3077  	4167  	5338  	6440  	7418  	8095  	8579  	8726  	8436  	7734  	6761  	5650  	4410  	3303  	2340  	1529  	956   	577   	335   	172   	90    	50    	25    	12    	5     	1     	nan   

