Criação das árvores ordenadas:
n_persons	index	time        
100000   	0    	8.235610e-02
100000   	1    	6.995440e-02
100000   	2    	6.075660e-02
100000   	3    	4.871640e-02

Procura de nós nas árvores:
n_persons	index	time        
100000   	0    	7.232340e-02
100000   	1    	7.544170e-02
100000   	2    	5.950710e-02
100000   	3    	5.464430e-02

Maior profundidade das árvores:
n_persons	index	time        	depth
100000   	0    	5.902000e-03	41   
100000   	1    	6.585000e-03	40   
100000   	2    	5.752500e-03	40   
100000   	3    	5.713700e-03	41   

Número de nós em cada nível:
n_persons	index	time        	lvl0  	lvl1  	lvl2  	lvl3  	lvl4  	lvl5  	lvl6  	lvl7  	lvl8  	lvl9  	lvl10 	lvl11 	lvl12 	lvl13 	lvl14 	lvl15 	lvl16 	lvl17 	lvl18 	lvl19 	lvl20 	lvl21 	lvl22 	lvl23 	lvl24 	lvl25 	lvl26 	lvl27 	lvl28 	lvl29 	lvl30 	lvl31 	lvl32 	lvl33 	lvl34 	lvl35 	lvl36 	lvl37 	lvl38 	lvl39 	lvl40 	lvl41 
100000   	0    	4.392300e-03	1     	2     	4     	8     	12    	22    	37    	69    	132   	241   	423   	718   	1140  	1758  	2555  	3538  	4619  	5783  	6931  	7912  	8513  	8783  	8704  	8114  	7160  	6101  	4954  	3669  	2795  	1932  	1300  	847   	500   	296   	185   	93    	56    	37    	31    	16    	7     	2     
100000   	1    	4.109300e-03	1     	2     	4     	8     	16    	30    	57    	102   	184   	327   	540   	886   	1391  	2087  	2975  	4086  	5320  	6674  	7826  	8737  	9209  	9166  	8610  	7737  	6648  	5230  	3992  	2820  	1992  	1307  	841   	527   	290   	161   	86    	56    	33    	19    	16    	6     	1     	nan   
100000   	2    	4.536000e-03	1     	2     	4     	8     	16    	32    	64    	126   	219   	390   	649   	1006  	1501  	2201  	3114  	4282  	5521  	6887  	7961  	8728  	9179  	9110  	8486  	7471  	6121  	4837  	3658  	2795  	2019  	1357  	896   	560   	365   	194   	113   	68    	35    	12    	8     	3     	1     	nan   
100000   	3    	4.542200e-03	1     	2     	4     	8     	16    	32    	61    	105   	188   	313   	542   	903   	1451  	2258  	3272  	4361  	5645  	6830  	7939  	8774  	9198  	9099  	8478  	7478  	6361  	4997  	3794  	2752  	1911  	1250  	798   	471   	295   	175   	106   	55    	40    	21    	12    	1     	2     	1     

