Criação das árvores ordenadas:
n_persons	index	time        
100000   	0    	6.285210e-02
100000   	1    	8.620760e-02
100000   	2    	8.013110e-02
100000   	3    	5.264800e-02

Procura de nós nas árvores:
n_persons	index	time        
100000   	0    	5.468960e-02
100000   	1    	6.060730e-02
100000   	2    	6.029580e-02
100000   	3    	5.520500e-02

Maior profundidade das árvores:
n_persons	index	time        	depth
100000   	0    	4.539100e-03	41   
100000   	1    	4.717800e-03	41   
100000   	2    	4.915300e-03	47   
100000   	3    	5.188200e-03	39   

Número de nós em cada nível:
n_persons	index	time        	lvl0  	lvl1  	lvl2  	lvl3  	lvl4  	lvl5  	lvl6  	lvl7  	lvl8  	lvl9  	lvl10 	lvl11 	lvl12 	lvl13 	lvl14 	lvl15 	lvl16 	lvl17 	lvl18 	lvl19 	lvl20 	lvl21 	lvl22 	lvl23 	lvl24 	lvl25 	lvl26 	lvl27 	lvl28 	lvl29 	lvl30 	lvl31 	lvl32 	lvl33 	lvl34 	lvl35 	lvl36 	lvl37 	lvl38 	lvl39 	lvl40 	lvl41 	lvl42 	lvl43 	lvl44 	lvl45 	lvl46 	lvl47 
100000   	0    	4.320900e-03	1     	2     	4     	8     	16    	32    	63    	122   	230   	415   	706   	1170  	1824  	2692  	3726  	4904  	6075  	7228  	8097  	8668  	8770  	8526  	7709  	6661  	5564  	4520  	3538  	2658  	1907  	1428  	950   	621   	435   	276   	195   	128   	68    	33    	18    	10    	1     	1     	nan   	nan   	nan   	nan   	nan   	nan   
100000   	1    	4.302900e-03	1     	2     	4     	8     	16    	32    	63    	123   	239   	419   	712   	1136  	1771  	2552  	3462  	4510  	5473  	6427  	7145  	7737  	7860  	7864  	7740  	7244  	6432  	5455  	4460  	3489  	2695  	1914  	1275  	800   	457   	247   	122   	58    	30    	13    	6     	3     	3     	1     	nan   	nan   	nan   	nan   	nan   	nan   
100000   	2    	4.561700e-03	1     	2     	4     	8     	16    	32    	64    	119   	222   	395   	658   	1040  	1550  	2189  	2909  	3649  	4440  	5059  	5509  	5940  	6210  	6530  	6846  	7071  	6986  	6734  	6007  	5088  	4200  	3268  	2406  	1704  	1134  	746   	459   	283   	194   	106   	80    	50    	34    	23    	13    	6     	6     	4     	5     	1     
100000   	3    	4.804300e-03	1     	2     	4     	8     	16    	32    	61    	104   	183   	284   	439   	666   	991   	1444  	2081  	2974  	4071  	5236  	6450  	7433  	8135  	8584  	8521  	8164  	7595  	6576  	5505  	4324  	3300  	2428  	1654  	1076  	684   	477   	248   	120   	60    	37    	22    	10    	nan   	nan   	nan   	nan   	nan   	nan   	nan   	nan   

