Criação das árvores ordenadas:
n_persons	index	time        
100000   	0    	5.084790e-02
100000   	1    	6.107390e-02
100000   	2    	5.318930e-02
100000   	3    	4.595330e-02

Procura de nós nas árvores:
n_persons	index	time        
100000   	0    	5.258630e-02
100000   	1    	6.181210e-02
100000   	2    	5.574330e-02
100000   	3    	5.004090e-02

Maior profundidade das árvores:
n_persons	index	time        	depth
100000   	0    	4.463800e-03	42   
100000   	1    	6.211600e-03	38   
100000   	2    	6.349700e-03	38   
100000   	3    	5.851100e-03	42   

Número de nós em cada nível:
n_persons	index	time        	lvl0  	lvl1  	lvl2  	lvl3  	lvl4  	lvl5  	lvl6  	lvl7  	lvl8  	lvl9  	lvl10 	lvl11 	lvl12 	lvl13 	lvl14 	lvl15 	lvl16 	lvl17 	lvl18 	lvl19 	lvl20 	lvl21 	lvl22 	lvl23 	lvl24 	lvl25 	lvl26 	lvl27 	lvl28 	lvl29 	lvl30 	lvl31 	lvl32 	lvl33 	lvl34 	lvl35 	lvl36 	lvl37 	lvl38 	lvl39 	lvl40 	lvl41 	lvl42 
100000   	0    	1.015700e-02	1     	2     	4     	8     	16    	32    	61    	113   	214   	378   	654   	1096  	1704  	2486  	3426  	4487  	5635  	6677  	7676  	8247  	8607  	8597  	8206  	7410  	6444  	5153  	4060  	3067  	2128  	1402  	867   	525   	301   	169   	87    	32    	15    	4     	3     	2     	2     	1     	1     
100000   	1    	6.923100e-03	1     	2     	4     	8     	16    	32    	64    	124   	219   	385   	672   	1102  	1784  	2664  	3735  	4961  	6273  	7430  	8416  	8914  	9046  	8592  	7775  	6685  	5552  	4474  	3414  	2450  	1783  	1252  	853   	570   	331   	204   	127   	55    	21    	8     	2     	nan   	nan   	nan   	nan   
100000   	2    	7.022400e-03	1     	2     	4     	8     	16    	32    	62    	121   	229   	418   	719   	1192  	1848  	2737  	3808  	5092  	6395  	7570  	8460  	8929  	9047  	8725  	7943  	6936  	5679  	4309  	3163  	2262  	1538  	1044  	727   	447   	244   	119   	73    	47    	28    	18    	8     	nan   	nan   	nan   	nan   
100000   	3    	7.125000e-03	1     	2     	4     	8     	16    	32    	64    	123   	226   	401   	667   	1020  	1542  	2257  	3097  	3977  	4908  	5836  	6892  	7611  	8268  	8517  	8225  	7607  	6856  	5892  	4732  	3555  	2565  	1775  	1207  	765   	529   	325   	200   	117   	77    	43    	28    	19    	10    	3     	1     

