Criação das árvores ordenadas:
n_persons	index	time        
100000   	0    	5.352670e-02
100000   	1    	6.768930e-02
100000   	2    	5.636520e-02
100000   	3    	4.748040e-02

Procura de nós nas árvores:
n_persons	index	time        
100000   	0    	6.237030e-02
100000   	1    	7.913550e-02
100000   	2    	5.909080e-02
100000   	3    	5.507730e-02

Maior profundidade das árvores:
n_persons	index	time        	depth
100000   	0    	4.600100e-03	41   
100000   	1    	4.861700e-03	41   
100000   	2    	5.254100e-03	44   
100000   	3    	4.989900e-03	38   

Número de nós em cada nível:
n_persons	index	time        	lvl0  	lvl1  	lvl2  	lvl3  	lvl4  	lvl5  	lvl6  	lvl7  	lvl8  	lvl9  	lvl10 	lvl11 	lvl12 	lvl13 	lvl14 	lvl15 	lvl16 	lvl17 	lvl18 	lvl19 	lvl20 	lvl21 	lvl22 	lvl23 	lvl24 	lvl25 	lvl26 	lvl27 	lvl28 	lvl29 	lvl30 	lvl31 	lvl32 	lvl33 	lvl34 	lvl35 	lvl36 	lvl37 	lvl38 	lvl39 	lvl40 	lvl41 	lvl42 	lvl43 	lvl44 
100000   	0    	4.375800e-03	1     	2     	4     	8     	16    	32    	63    	119   	209   	372   	626   	981   	1458  	2108  	2966  	3966  	5081  	6245  	7306  	8064  	8501  	8500  	8234  	7462  	6517  	5483  	4215  	3197  	2319  	1673  	1272  	914   	674   	460   	318   	258   	165   	101   	53    	39    	13    	5     	nan   	nan   	nan   
100000   	1    	4.293200e-03	1     	2     	4     	8     	16    	32    	62    	115   	212   	383   	648   	1012  	1549  	2254  	3077  	4039  	4994  	5990  	6825  	7476  	7789  	7878  	7524  	6977  	6336  	5651  	4816  	3828  	3021  	2319  	1747  	1229  	888   	554   	349   	219   	99    	53    	14    	7     	2     	1     	nan   	nan   	nan   
100000   	2    	4.704800e-03	1     	2     	4     	8     	16    	32    	64    	124   	234   	419   	714   	1163  	1846  	2772  	3883  	5148  	6373  	7432  	8233  	8787  	8946  	8573  	7769  	6632  	5539  	4378  	3349  	2473  	1738  	1184  	769   	509   	305   	194   	117   	77    	47    	43    	34    	24    	18    	16    	7     	3     	1     
100000   	3    	5.018800e-03	1     	2     	4     	8     	16    	32    	63    	124   	237   	440   	769   	1262  	1986  	2908  	3960  	5131  	6241  	7435  	8239  	8818  	8917  	8585  	7747  	6909  	5776  	4486  	3438  	2481  	1621  	1027  	606   	331   	174   	104   	57    	44    	12    	8     	1     	nan   	nan   	nan   	nan   	nan   	nan   

