Criação das árvores ordenadas:
n_persons	index	time        
100000   	0    	5.587280e-02
100000   	1    	6.891370e-02
100000   	2    	6.254530e-02
100000   	3    	4.955880e-02

Procura de nós nas árvores:
n_persons	index	time        
100000   	0    	6.035180e-02
100000   	1    	7.732190e-02
100000   	2    	6.610990e-02
100000   	3    	5.655110e-02

Maior profundidade das árvores:
n_persons	index	time        	depth
100000   	0    	5.621700e-03	42   
100000   	1    	5.384000e-03	41   
100000   	2    	5.257700e-03	39   
100000   	3    	5.123000e-03	42   

Número de nós em cada nível:
n_persons	index	time        	lvl0  	lvl1  	lvl2  	lvl3  	lvl4  	lvl5  	lvl6  	lvl7  	lvl8  	lvl9  	lvl10 	lvl11 	lvl12 	lvl13 	lvl14 	lvl15 	lvl16 	lvl17 	lvl18 	lvl19 	lvl20 	lvl21 	lvl22 	lvl23 	lvl24 	lvl25 	lvl26 	lvl27 	lvl28 	lvl29 	lvl30 	lvl31 	lvl32 	lvl33 	lvl34 	lvl35 	lvl36 	lvl37 	lvl38 	lvl39 	lvl40 	lvl41 	lvl42 
100000   	0    	3.849800e-03	1     	2     	4     	8     	16    	32    	64    	123   	217   	379   	639   	1060  	1656  	2438  	3377  	4534  	5753  	6869  	7840  	8287  	8584  	8326  	7678  	6715  	5583  	4605  	3685  	2937  	2284  	1768  	1370  	1059  	725   	486   	326   	233   	154   	85    	57    	23    	12    	5     	1     
100000   	1    	4.300500e-03	1     	2     	4     	8     	16    	32    	64    	124   	241   	445   	783   	1273  	1966  	2907  	4002  	5216  	6362  	7373  	8148  	8554  	8617  	8285  	7674  	6714  	5714  	4672  	3615  	2607  	1812  	1145  	712   	420   	246   	121   	61    	28    	19    	9     	5     	1     	1     	1     	nan   
100000   	2    	4.292000e-03	1     	2     	4     	8     	16    	32    	63    	120   	212   	361   	612   	1019  	1634  	2495  	3648  	5052  	6448  	7636  	8527  	9004  	9145  	8709  	7929  	6966  	5874  	4576  	3404  	2328  	1559  	1012  	633   	426   	253   	135   	76    	47    	17    	10    	5     	2     	nan   	nan   	nan   
100000   	3    	4.555900e-03	1     	2     	4     	8     	16    	32    	63    	117   	213   	378   	634   	993   	1508  	2190  	3039  	3961  	4999  	6039  	6928  	7639  	7987  	8143  	7940  	7439  	6738  	5751  	4756  	3725  	2762  	2043  	1398  	981   	639   	395   	234   	136   	77    	50    	22    	13    	4     	2     	1     

