Criação das árvores ordenadas:
n_persons	index	time        
100000   	0    	5.149460e-02
100000   	1    	6.392270e-02
100000   	2    	5.541340e-02
100000   	3    	5.468130e-02

Procura de nós nas árvores:
n_persons	index	time        
100000   	0    	6.075960e-02
100000   	1    	7.055100e-02
100000   	2    	5.809680e-02
100000   	3    	5.293250e-02

Maior profundidade das árvores:
n_persons	index	time        	depth
100000   	0    	4.565300e-03	39   
100000   	1    	4.624500e-03	37   
100000   	2    	5.165400e-03	39   
100000   	3    	5.437500e-03	37   

Número de nós em cada nível:
n_persons	index	time        	lvl0  	lvl1  	lvl2  	lvl3  	lvl4  	lvl5  	lvl6  	lvl7  	lvl8  	lvl9  	lvl10 	lvl11 	lvl12 	lvl13 	lvl14 	lvl15 	lvl16 	lvl17 	lvl18 	lvl19 	lvl20 	lvl21 	lvl22 	lvl23 	lvl24 	lvl25 	lvl26 	lvl27 	lvl28 	lvl29 	lvl30 	lvl31 	lvl32 	lvl33 	lvl34 	lvl35 	lvl36 	lvl37 	lvl38 	lvl39 
100000   	0    	3.927600e-03	1     	2     	4     	8     	16    	32    	61    	115   	208   	369   	620   	976   	1489  	2156  	3065  	4131  	5207  	6190  	7193  	7912  	8369  	8449  	8180  	7565  	6695  	5623  	4528  	3408  	2521  	1813  	1199  	775   	495   	297   	170   	80    	39    	25    	10    	4     
100000   	1    	4.947500e-03	1     	2     	4     	8     	16    	32    	63    	123   	231   	415   	724   	1211  	1846  	2719  	3815  	5072  	6304  	7598  	8871  	9429  	9549  	9114  	8236  	6931  	5551  	4184  	2999  	2008  	1283  	783   	443   	249   	110   	42    	21    	8     	4     	1     	nan   	nan   
100000   	2    	4.756300e-03	1     	2     	4     	8     	16    	32    	63    	125   	233   	418   	726   	1190  	1920  	2878  	4114  	5495  	6833  	8012  	8854  	9099  	8878  	8229  	7214  	6041  	5089  	4036  	3014  	2278  	1615  	1192  	898   	605   	391   	222   	150   	74    	32    	11    	7     	1     
100000   	3    	4.368300e-03	1     	2     	4     	8     	16    	32    	64    	126   	242   	450   	786   	1307  	1990  	2965  	4220  	5677  	7107  	8412  	9376  	9676  	9525  	8860  	7753  	6342  	4960  	3718  	2490  	1614  	966   	553   	314   	195   	119   	65    	36    	21    	7     	1     	nan   	nan   

