Criação das árvores ordenadas:
n_persons	index	time        
100000   	0    	5.048470e-02
100000   	1    	6.300390e-02
100000   	2    	5.461500e-02
100000   	3    	4.691900e-02

Procura de nós nas árvores:
n_persons	index	time        
100000   	0    	5.075170e-02
100000   	1    	6.000630e-02
100000   	2    	5.618680e-02
100000   	3    	4.732950e-02

Maior profundidade das árvores:
n_persons	index	time        	depth
100000   	0    	4.694800e-03	39   
100000   	1    	4.616000e-03	38   
100000   	2    	5.136700e-03	38   
100000   	3    	4.978300e-03	43   

Número de nós em cada nível:
n_persons	index	time        	lvl0  	lvl1  	lvl2  	lvl3  	lvl4  	lvl5  	lvl6  	lvl7  	lvl8  	lvl9  	lvl10 	lvl11 	lvl12 	lvl13 	lvl14 	lvl15 	lvl16 	lvl17 	lvl18 	lvl19 	lvl20 	lvl21 	lvl22 	lvl23 	lvl24 	lvl25 	lvl26 	lvl27 	lvl28 	lvl29 	lvl30 	lvl31 	lvl32 	lvl33 	lvl34 	lvl35 	lvl36 	lvl37 	lvl38 	lvl39 	lvl40 	lvl41 	lvl42 	lvl43 
100000   	0    	4.177300e-03	1     	2     	4     	8     	16    	32    	61    	117   	221   	396   	700   	1168  	1802  	2655  	3759  	5032  	6400  	7646  	8664  	9199  	9195  	8674  	7676  	6627  	5525  	4348  	3275  	2380  	1693  	1157  	675   	386   	243   	124   	71    	38    	16    	9     	4     	1     	nan   	nan   	nan   	nan   
100000   	1    	3.923300e-03	1     	2     	4     	8     	16    	32    	62    	118   	221   	377   	645   	1047  	1630  	2378  	3394  	4418  	5514  	6671  	7589  	8400  	8893  	8861  	8286  	7488  	6283  	5107  	3933  	2901  	2037  	1417  	928   	597   	341   	191   	117   	59    	23    	9     	2     	nan   	nan   	nan   	nan   	nan   
100000   	2    	4.218200e-03	1     	2     	4     	8     	16    	32    	59    	107   	191   	312   	519   	795   	1233  	1873  	2719  	3756  	5010  	6336  	7665  	8620  	9020  	9135  	8673  	7882  	6889  	5615  	4340  	3220  	2370  	1531  	936   	547   	306   	153   	74    	33    	12    	5     	1     	nan   	nan   	nan   	nan   	nan   
100000   	3    	4.406300e-03	1     	2     	4     	8     	16    	32    	64    	123   	225   	403   	684   	1107  	1684  	2425  	3327  	4288  	5249  	6192  	6902  	7370  	7592  	7519  	7234  	6750  	6109  	5385  	4604  	3808  	3134  	2403  	1796  	1313  	878   	586   	365   	217   	112   	41    	21    	13    	4     	4     	3     	3     

