Criação das árvores ordenadas:
n_persons	index	time        
100000   	0    	5.122400e-02
100000   	1    	7.838970e-02
100000   	2    	6.263780e-02
100000   	3    	5.557160e-02

Procura de nós nas árvores:
n_persons	index	time        
100000   	0    	5.485570e-02
100000   	1    	6.401070e-02
100000   	2    	5.917620e-02
100000   	3    	5.359560e-02

Maior profundidade das árvores:
n_persons	index	time        	depth
100000   	0    	4.496600e-03	41   
100000   	1    	6.057900e-03	43   
100000   	2    	5.235200e-03	39   
100000   	3    	5.018100e-03	37   

Número de nós em cada nível:
n_persons	index	time        	lvl0  	lvl1  	lvl2  	lvl3  	lvl4  	lvl5  	lvl6  	lvl7  	lvl8  	lvl9  	lvl10 	lvl11 	lvl12 	lvl13 	lvl14 	lvl15 	lvl16 	lvl17 	lvl18 	lvl19 	lvl20 	lvl21 	lvl22 	lvl23 	lvl24 	lvl25 	lvl26 	lvl27 	lvl28 	lvl29 	lvl30 	lvl31 	lvl32 	lvl33 	lvl34 	lvl35 	lvl36 	lvl37 	lvl38 	lvl39 	lvl40 	lvl41 	lvl42 	lvl43 
100000   	0    	3.796500e-03	1     	2     	4     	8     	16    	32    	64    	128   	238   	427   	720   	1155  	1784  	2630  	3714  	4834  	6177  	7403  	8318  	9002  	9248  	8993  	8303  	7146  	5778  	4523  	3291  	2300  	1473  	920   	575   	327   	200   	111   	60    	38    	20    	13    	13    	5     	3     	3     	nan   	nan   
100000   	1    	4.341600e-03	1     	2     	4     	8     	16    	32    	63    	122   	224   	402   	701   	1162  	1809  	2643  	3730  	4938  	6270  	7437  	8055  	8437  	8386  	8054  	7344  	6469  	5622  	4624  	3663  	2914  	2277  	1661  	1118  	752   	466   	266   	162   	92    	42    	15    	6     	5     	3     	1     	1     	1     
100000   	2    	4.409800e-03	1     	2     	4     	8     	16    	32    	64    	126   	240   	440   	760   	1242  	1933  	2779  	3730  	4836  	5869  	6802  	7661  	8267  	8505  	8234  	7743  	6902  	5997  	5002  	3946  	2949  	2173  	1451  	923   	596   	348   	190   	124   	65    	27    	9     	3     	1     	nan   	nan   	nan   	nan   
100000   	3    	4.565900e-03	1     	2     	4     	8     	16    	32    	64    	124   	230   	420   	732   	1222  	1862  	2680  	3642  	4688  	5757  	6667  	7593  	8108  	8408  	8394  	7990  	7237  	6224  	5153  	4017  	2883  	2075  	1424  	928   	630   	388   	210   	110   	47    	24    	6     	nan   	nan   	nan   	nan   	nan   	nan   

