Criação das árvores ordenadas:
n_persons	index	time        
100000   	0    	5.324580e-02
100000   	1    	6.508620e-02
100000   	2    	5.765410e-02
100000   	3    	4.866150e-02

Procura de nós nas árvores:
n_persons	index	time        
100000   	0    	5.426430e-02
100000   	1    	6.243050e-02
100000   	2    	5.689440e-02
100000   	3    	5.467570e-02

Maior profundidade das árvores:
n_persons	index	time        	depth
100000   	0    	4.486000e-03	40   
100000   	1    	4.334200e-03	40   
100000   	2    	4.952600e-03	36   
100000   	3    	5.148400e-03	37   

Número de nós em cada nível:
n_persons	index	time        	lvl0  	lvl1  	lvl2  	lvl3  	lvl4  	lvl5  	lvl6  	lvl7  	lvl8  	lvl9  	lvl10 	lvl11 	lvl12 	lvl13 	lvl14 	lvl15 	lvl16 	lvl17 	lvl18 	lvl19 	lvl20 	lvl21 	lvl22 	lvl23 	lvl24 	lvl25 	lvl26 	lvl27 	lvl28 	lvl29 	lvl30 	lvl31 	lvl32 	lvl33 	lvl34 	lvl35 	lvl36 	lvl37 	lvl38 	lvl39 	lvl40 
100000   	0    	4.521700e-03	1     	2     	4     	8     	16    	32    	64    	125   	242   	423   	720   	1172  	1794  	2545  	3509  	4572  	5627  	6659  	7492  	8056  	8217  	8038  	7515  	6865  	6048  	5117  	4152  	3298  	2493  	1795  	1252  	820   	559   	353   	195   	108   	61    	34    	12    	4     	1     
100000   	1    	4.823300e-03	1     	2     	4     	8     	16    	32    	63    	119   	218   	393   	664   	1111  	1760  	2602  	3763  	5095  	6527  	7748  	8671  	9194  	9188  	8741  	7687  	6506  	5265  	3928  	3009  	2286  	1734  	1247  	896   	590   	405   	238   	149   	72    	38    	15    	9     	4     	2     
100000   	2    	4.963700e-03	1     	2     	4     	8     	16    	32    	64    	125   	245   	468   	823   	1396  	2202  	3272  	4569  	5980  	7330  	8389  	9173  	9382  	9184  	8359  	7141  	6005  	4815  	3585  	2584  	1829  	1224  	769   	475   	277   	160   	79    	24    	8     	1     	nan   	nan   	nan   	nan   
100000   	3    	4.657500e-03	1     	2     	4     	8     	16    	32    	64    	125   	242   	448   	789   	1282  	1937  	2850  	3972  	5174  	6390  	7533  	8386  	8916  	9108  	8748  	7984  	6738  	5541  	4288  	3123  	2253  	1582  	1002  	611   	362   	238   	142   	65    	30    	10    	4     	nan   	nan   	nan   

