Criação das árvores ordenadas:
n_persons	index	time        
100000   	0    	4.990750e-02
100000   	1    	6.249250e-02
100000   	2    	6.144840e-02
100000   	3    	5.009750e-02

Procura de nós nas árvores:
n_persons	index	time        
100000   	0    	5.259270e-02
100000   	1    	6.962460e-02
100000   	2    	5.926580e-02
100000   	3    	4.760980e-02

Maior profundidade das árvores:
n_persons	index	time        	depth
100000   	0    	4.466900e-03	40   
100000   	1    	4.684600e-03	41   
100000   	2    	4.913400e-03	38   
100000   	3    	5.150100e-03	41   

Número de nós em cada nível:
n_persons	index	time        	lvl0  	lvl1  	lvl2  	lvl3  	lvl4  	lvl5  	lvl6  	lvl7  	lvl8  	lvl9  	lvl10 	lvl11 	lvl12 	lvl13 	lvl14 	lvl15 	lvl16 	lvl17 	lvl18 	lvl19 	lvl20 	lvl21 	lvl22 	lvl23 	lvl24 	lvl25 	lvl26 	lvl27 	lvl28 	lvl29 	lvl30 	lvl31 	lvl32 	lvl33 	lvl34 	lvl35 	lvl36 	lvl37 	lvl38 	lvl39 	lvl40 	lvl41 
100000   	0    	4.229700e-03	1     	2     	4     	8     	16    	32    	63    	114   	211   	368   	660   	1090  	1709  	2558  	3671  	4905  	6215  	7445  	8358  	8974  	9138  	8855  	8012  	6926  	5644  	4436  	3328  	2353  	1653  	1134  	778   	538   	335   	212   	127   	58    	33    	22    	9     	4     	1     	nan   
100000   	1    	3.869900e-03	1     	2     	4     	8     	16    	31    	56    	104   	197   	370   	654   	1099  	1672  	2398  	3203  	4085  	5058  	6083  	7141  	7973  	8533  	8645  	8326  	7627  	6620  	5412  	4372  	3343  	2430  	1703  	1163  	733   	423   	244   	126   	71    	40    	15    	10    	5     	3     	1     
100000   	2    	4.475500e-03	1     	2     	4     	8     	16    	31    	57    	108   	190   	332   	557   	855   	1303  	1922  	2655  	3597  	4695  	5844  	6947  	7819  	8525  	8586  	8227  	7637  	6870  	5926  	4896  	3806  	2816  	2063  	1393  	963   	645   	382   	189   	87    	38    	7     	1     	nan   	nan   	nan   
100000   	3    	4.358900e-03	1     	2     	4     	8     	16    	32    	64    	127   	246   	462   	818   	1375  	2128  	3093  	4293  	5606  	6875  	7880  	8604  	8882  	8652  	8127  	7270  	6185  	5056  	3946  	3007  	2234  	1678  	1149  	795   	529   	333   	213   	110   	76    	50    	35    	16    	14    	6     	3     

