Criação das árvores ordenadas:
n_persons	index	time        
100000   	0    	5.510100e-02
100000   	1    	6.408620e-02
100000   	2    	5.751410e-02
100000   	3    	4.921000e-02

Procura de nós nas árvores:
n_persons	index	time        
100000   	0    	5.283630e-02
100000   	1    	6.050610e-02
100000   	2    	5.772310e-02
100000   	3    	5.206100e-02

Maior profundidade das árvores:
n_persons	index	time        	depth
100000   	0    	4.548200e-03	37   
100000   	1    	4.485600e-03	38   
100000   	2    	5.098400e-03	39   
100000   	3    	5.224400e-03	42   

Número de nós em cada nível:
n_persons	index	time        	lvl0  	lvl1  	lvl2  	lvl3  	lvl4  	lvl5  	lvl6  	lvl7  	lvl8  	lvl9  	lvl10 	lvl11 	lvl12 	lvl13 	lvl14 	lvl15 	lvl16 	lvl17 	lvl18 	lvl19 	lvl20 	lvl21 	lvl22 	lvl23 	lvl24 	lvl25 	lvl26 	lvl27 	lvl28 	lvl29 	lvl30 	lvl31 	lvl32 	lvl33 	lvl34 	lvl35 	lvl36 	lvl37 	lvl38 	lvl39 	lvl40 	lvl41 	lvl42 
100000   	0    	4.070300e-03	1     	2     	4     	8     	16    	32    	61    	116   	216   	394   	684   	1132  	1786  	2708  	3934  	5212  	6484  	7714  	8558  	9024  	9009  	8679  	7909  	6817  	5667  	4421  	3296  	2317  	1476  	970   	619   	352   	213   	100   	42    	19    	6     	2     	nan   	nan   	nan   	nan   	nan   
100000   	1    	3.946800e-03	1     	2     	4     	8     	16    	32    	64    	128   	244   	451   	803   	1353  	2147  	3143  	4300  	5490  	6678  	7763  	8612  	9054  	8921  	8373  	7494  	6408  	5372  	4183  	3072  	2183  	1486  	942   	555   	334   	200   	103   	46    	19    	11    	4     	1     	nan   	nan   	nan   	nan   
100000   	2    	4.714400e-03	1     	2     	4     	8     	16    	32    	64    	125   	243   	449   	785   	1328  	2061  	3001  	4077  	5394  	6569  	7764  	8530  	8947  	9089  	8606  	7698  	6571  	5379  	4116  	2990  	2076  	1464  	1015  	699   	411   	242   	121   	63    	38    	14    	6     	1     	1     	nan   	nan   	nan   
100000   	3    	4.713700e-03	1     	2     	4     	8     	16    	32    	64    	127   	240   	443   	795   	1308  	2051  	3039  	4178  	5442  	6727  	7734  	8575  	8935  	8904  	8391  	7519  	6410  	5314  	4079  	3023  	2184  	1528  	1046  	675   	449   	291   	170   	118   	69    	39    	26    	17    	13    	7     	4     	3     

