Criação das árvores ordenadas:
n_persons	index	time        
100000   	0    	5.516110e-02
100000   	1    	6.291050e-02
100000   	2    	5.525490e-02
100000   	3    	4.823600e-02

Procura de nós nas árvores:
n_persons	index	time        
100000   	0    	5.532110e-02
100000   	1    	6.202590e-02
100000   	2    	6.151990e-02
100000   	3    	5.097830e-02

Maior profundidade das árvores:
n_persons	index	time        	depth
100000   	0    	4.440800e-03	38   
100000   	1    	4.327100e-03	38   
100000   	2    	5.587900e-03	38   
100000   	3    	4.985100e-03	38   

Número de nós em cada nível:
n_persons	index	time        	lvl0  	lvl1  	lvl2  	lvl3  	lvl4  	lvl5  	lvl6  	lvl7  	lvl8  	lvl9  	lvl10 	lvl11 	lvl12 	lvl13 	lvl14 	lvl15 	lvl16 	lvl17 	lvl18 	lvl19 	lvl20 	lvl21 	lvl22 	lvl23 	lvl24 	lvl25 	lvl26 	lvl27 	lvl28 	lvl29 	lvl30 	lvl31 	lvl32 	lvl33 	lvl34 	lvl35 	lvl36 	lvl37 	lvl38 
100000   	0    	3.959300e-03	1     	2     	4     	8     	16    	30    	60    	108   	205   	363   	637   	1052  	1671  	2471  	3539  	4692  	5964  	7248  	8341  	8867  	9035  	8821  	8100  	7284  	6068  	4803  	3579  	2528  	1750  	1096  	693   	420   	250   	153   	83    	39    	12    	6     	1     
100000   	1    	4.089100e-03	1     	2     	4     	8     	16    	32    	64    	122   	226   	384   	644   	1080  	1710  	2557  	3681  	4972  	6322  	7447  	8459  	8984  	9008  	8600  	7928  	6792  	5631  	4497  	3418  	2497  	1808  	1280  	830   	502   	279   	137   	50    	16    	6     	4     	2     
100000   	2    	4.597400e-03	1     	2     	4     	8     	16    	32    	64    	125   	234   	420   	724   	1226  	2031  	3095  	4374  	5788  	7185  	8363  	9054  	9256  	8949  	8191  	7317  	6180  	5061  	3888  	2818  	2023  	1413  	906   	565   	322   	169   	101   	51    	26    	11    	6     	1     
100000   	3    	4.609600e-03	1     	2     	4     	8     	16    	31    	61    	117   	217   	380   	648   	1073  	1648  	2427  	3454  	4667  	6040  	7388  	8548  	9315  	9460  	9127  	8345  	7173  	5829  	4473  	3332  	2340  	1520  	958   	580   	349   	195   	125   	66    	42    	22    	13    	6     

