Criação das árvores ordenadas:
n_persons	index	time        
100000   	0    	8.236230e-02
100000   	1    	7.438170e-02
100000   	2    	7.922800e-02
100000   	3    	6.896900e-02

Procura de nós nas árvores:
n_persons	index	time        
100000   	0    	6.530370e-02
100000   	1    	8.125650e-02
100000   	2    	6.641470e-02
100000   	3    	7.475550e-02

Maior profundidade das árvores:
n_persons	index	time        	depth
100000   	0    	1.289310e-02	38   
100000   	1    	5.958000e-03	42   
100000   	2    	1.011780e-02	41   
100000   	3    	5.597800e-03	43   

Número de nós em cada nível:
n_persons	index	time        	lvl0  	lvl1  	lvl2  	lvl3  	lvl4  	lvl5  	lvl6  	lvl7  	lvl8  	lvl9  	lvl10 	lvl11 	lvl12 	lvl13 	lvl14 	lvl15 	lvl16 	lvl17 	lvl18 	lvl19 	lvl20 	lvl21 	lvl22 	lvl23 	lvl24 	lvl25 	lvl26 	lvl27 	lvl28 	lvl29 	lvl30 	lvl31 	lvl32 	lvl33 	lvl34 	lvl35 	lvl36 	lvl37 	lvl38 	lvl39 	lvl40 	lvl41 	lvl42 	lvl43 
100000   	0    	4.237300e-03	1     	2     	4     	8     	16    	32    	56    	102   	179   	325   	568   	946   	1481  	2211  	3119  	4236  	5435  	6594  	7779  	8540  	8962  	9057  	8507  	7767  	6654  	5370  	4140  	3037  	1988  	1270  	771   	439   	227   	101   	46    	22    	5     	1     	2     	nan   	nan   	nan   	nan   	nan   
100000   	1    	4.216400e-03	1     	2     	4     	8     	16    	31    	59    	106   	194   	326   	518   	753   	1076  	1446  	1897  	2455  	3126  	3917  	4851  	5850  	6737  	7520  	8028  	8359  	8093  	7512  	6510  	5468  	4441  	3381  	2472  	1724  	1188  	797   	502   	293   	166   	87    	44    	27    	9     	5     	1     	nan   
100000   	2    	4.717200e-03	1     	2     	4     	8     	16    	32    	59    	109   	201   	345   	576   	938   	1477  	2171  	3116  	4211  	5358  	6478  	7510  	8360  	8692  	8600  	8104  	7392  	6344  	5164  	3966  	3081  	2280  	1695  	1222  	884   	593   	404   	262   	172   	84    	46    	17    	15    	6     	5     	nan   	nan   
100000   	3    	5.438000e-03	1     	2     	4     	8     	16    	32    	64    	118   	204   	369   	615   	1014  	1552  	2218  	3008  	3946  	4961  	5978  	6822  	7607  	8036  	8045  	7768  	7218  	6509  	5723  	4787  	3772  	2865  	2151  	1556  	1023  	703   	472   	335   	226   	128   	73    	37    	17    	10    	3     	3     	1     

