Criação das árvores ordenadas:
n_persons	index	time        
100000   	0    	5.582960e-02
100000   	1    	6.680290e-02
100000   	2    	5.653020e-02
100000   	3    	4.860290e-02

Procura de nós nas árvores:
n_persons	index	time        
100000   	0    	5.315830e-02
100000   	1    	6.090220e-02
100000   	2    	6.020980e-02
100000   	3    	5.061920e-02

Maior profundidade das árvores:
n_persons	index	time        	depth
100000   	0    	4.598300e-03	41   
100000   	1    	4.486500e-03	39   
100000   	2    	5.490400e-03	39   
100000   	3    	5.079200e-03	39   

Número de nós em cada nível:
n_persons	index	time        	lvl0  	lvl1  	lvl2  	lvl3  	lvl4  	lvl5  	lvl6  	lvl7  	lvl8  	lvl9  	lvl10 	lvl11 	lvl12 	lvl13 	lvl14 	lvl15 	lvl16 	lvl17 	lvl18 	lvl19 	lvl20 	lvl21 	lvl22 	lvl23 	lvl24 	lvl25 	lvl26 	lvl27 	lvl28 	lvl29 	lvl30 	lvl31 	lvl32 	lvl33 	lvl34 	lvl35 	lvl36 	lvl37 	lvl38 	lvl39 	lvl40 	lvl41 
100000   	0    	3.898400e-03	1     	2     	4     	8     	16    	32    	64    	125   	233   	426   	732   	1139  	1697  	2380  	3198  	4106  	5071  	5921  	6742  	7382  	7563  	7677  	7409  	7036  	6382  	5737  	4991  	4025  	3079  	2304  	1670  	1149  	694   	428   	241   	149   	93    	55    	22    	8     	7     	2     
100000   	1    	4.001700e-03	1     	2     	4     	8     	16    	32    	63    	122   	235   	438   	776   	1240  	1919  	2846  	4010  	5282  	6506  	7621  	8332  	8709  	8681  	8213  	7583  	6678  	5577  	4467  	3435  	2564  	1727  	1134  	702   	458   	271   	163   	100   	41    	26    	12    	5     	1     	nan   	nan   
100000   	2    	4.644300e-03	1     	2     	4     	8     	16    	31    	61    	118   	219   	394   	681   	1142  	1803  	2697  	3724  	4937  	6198  	7376  	8288  	8840  	8962  	8729  	8118  	7086  	5880  	4579  	3340  	2352  	1570  	1068  	720   	447   	247   	143   	96    	57    	33    	17    	11    	5     	nan   	nan   
100000   	3    	4.829300e-03	1     	2     	4     	8     	16    	32    	64    	126   	237   	430   	753   	1229  	1943  	2859  	3960  	5063  	6147  	7147  	7828  	8118  	8154  	7855  	7461  	6723  	5817  	4902  	4008  	3075  	2177  	1530  	1015  	633   	347   	173   	83    	47    	21    	9     	2     	1     	nan   	nan   

