Criação das árvores ordenadas:
n_persons	index	time        
100000   	0    	5.538110e-02
100000   	1    	1.177293e-01
100000   	2    	7.297740e-02
100000   	3    	4.869970e-02

Procura de nós nas árvores:
n_persons	index	time        
100000   	0    	5.408980e-02
100000   	1    	6.089070e-02
100000   	2    	5.580320e-02
100000   	3    	4.871150e-02

Maior profundidade das árvores:
n_persons	index	time        	depth
100000   	0    	5.105000e-03	38   
100000   	1    	4.595700e-03	37   
100000   	2    	5.044400e-03	43   
100000   	3    	5.518900e-03	38   

Número de nós em cada nível:
n_persons	index	time        	lvl0  	lvl1  	lvl2  	lvl3  	lvl4  	lvl5  	lvl6  	lvl7  	lvl8  	lvl9  	lvl10 	lvl11 	lvl12 	lvl13 	lvl14 	lvl15 	lvl16 	lvl17 	lvl18 	lvl19 	lvl20 	lvl21 	lvl22 	lvl23 	lvl24 	lvl25 	lvl26 	lvl27 	lvl28 	lvl29 	lvl30 	lvl31 	lvl32 	lvl33 	lvl34 	lvl35 	lvl36 	lvl37 	lvl38 	lvl39 	lvl40 	lvl41 	lvl42 	lvl43 
100000   	0    	4.114300e-03	1     	2     	4     	8     	16    	32    	62    	119   	230   	431   	749   	1263  	1992  	2932  	4177  	5595  	6983  	8297  	9194  	9629  	9411  	8762  	7534  	6226  	4870  	3687  	2691  	1873  	1285  	837   	538   	292   	128   	73    	45    	21    	8     	2     	1     	nan   	nan   	nan   	nan   	nan   
100000   	1    	3.989400e-03	1     	2     	4     	7     	14    	28    	55    	108   	207   	375   	643   	1086  	1725  	2639  	3768  	5024  	6305  	7581  	8507  	8995  	9012  	8752  	8070  	7126  	5912  	4618  	3429  	2347  	1542  	951   	550   	308   	166   	88    	34    	13    	7     	1     	nan   	nan   	nan   	nan   	nan   	nan   
100000   	2    	4.342600e-03	1     	2     	4     	8     	16    	30    	58    	116   	223   	412   	708   	1149  	1764  	2605  	3606  	4732  	5871  	6995  	7761  	8104  	8122  	7615  	7006  	6309  	5496  	4719  	3927  	3239  	2605  	2014  	1555  	1147  	764   	522   	330   	222   	130   	61    	30    	15    	3     	1     	1     	2     
100000   	3    	4.465300e-03	1     	2     	4     	8     	16    	32    	62    	120   	224   	411   	731   	1204  	1912  	2919  	4149  	5505  	6885  	8068  	9087  	9642  	9545  	8793  	7741  	6365  	5119  	3822  	2739  	1888  	1238  	791   	447   	265   	137   	74    	31    	12    	6     	3     	2     	nan   	nan   	nan   	nan   	nan   

