Criação das árvores ordenadas:
n_persons	index	time        
100000   	0    	5.070820e-02
100000   	1    	6.227140e-02
100000   	2    	5.332180e-02
100000   	3    	4.567950e-02

Procura de nós nas árvores:
n_persons	index	time        
100000   	0    	5.449070e-02
100000   	1    	1.100624e-01
100000   	2    	7.744940e-02
100000   	3    	5.263110e-02

Maior profundidade das árvores:
n_persons	index	time        	depth
100000   	0    	4.840900e-03	39   
100000   	1    	4.312900e-03	39   
100000   	2    	4.929900e-03	37   
100000   	3    	4.953700e-03	38   

Número de nós em cada nível:
n_persons	index	time        	lvl0  	lvl1  	lvl2  	lvl3  	lvl4  	lvl5  	lvl6  	lvl7  	lvl8  	lvl9  	lvl10 	lvl11 	lvl12 	lvl13 	lvl14 	lvl15 	lvl16 	lvl17 	lvl18 	lvl19 	lvl20 	lvl21 	lvl22 	lvl23 	lvl24 	lvl25 	lvl26 	lvl27 	lvl28 	lvl29 	lvl30 	lvl31 	lvl32 	lvl33 	lvl34 	lvl35 	lvl36 	lvl37 	lvl38 	lvl39 
100000   	0    	6.306600e-03	1     	2     	4     	8     	16    	32    	64    	127   	242   	447   	799   	1345  	2176  	3259  	4570  	5974  	7309  	8417  	9115  	9419  	9260  	8405  	7349  	6083  	4802  	3628  	2511  	1702  	1119  	740   	459   	278   	158   	91    	45    	25    	9     	6     	3     	1     
100000   	1    	5.636200e-03	1     	2     	4     	8     	16    	32    	57    	104   	194   	351   	607   	1017  	1630  	2521  	3602  	4946  	6390  	7793  	8929  	9497  	9711  	9361  	8310  	6971  	5514  	4180  	2964  	2040  	1330  	789   	503   	274   	176   	79    	41    	26    	16    	8     	4     	2     
100000   	2    	5.903100e-03	1     	2     	4     	8     	16    	32    	61    	111   	202   	375   	673   	1137  	1813  	2726  	3740  	4889  	6033  	7072  	7849  	8336  	8378  	8179  	7692  	6920  	6015  	4906  	3904  	2949  	2128  	1478  	999   	607   	353   	225   	114   	48    	17    	8     	nan   	nan   
100000   	3    	4.823000e-03	1     	2     	4     	8     	16    	32    	63    	125   	237   	446   	787   	1313  	2052  	3001  	4252  	5563  	6921  	8165  	8939  	9232  	9049  	8383  	7404  	6219  	4938  	3884  	2901  	2166  	1503  	986   	641   	376   	212   	105   	44    	20    	7     	2     	1     	nan   

