Criação das árvores ordenadas:
n_persons	index	time        
100000   	0    	5.054540e-02
100000   	1    	6.225120e-02
100000   	2    	5.346590e-02
100000   	3    	4.589360e-02

Procura de nós nas árvores:
n_persons	index	time        
100000   	0    	5.299740e-02
100000   	1    	6.239370e-02
100000   	2    	5.727200e-02
100000   	3    	4.900450e-02

Maior profundidade das árvores:
n_persons	index	time        	depth
100000   	0    	4.448700e-03	38   
100000   	1    	4.436900e-03	43   
100000   	2    	4.947600e-03	39   
100000   	3    	5.933800e-03	40   

Número de nós em cada nível:
n_persons	index	time        	lvl0  	lvl1  	lvl2  	lvl3  	lvl4  	lvl5  	lvl6  	lvl7  	lvl8  	lvl9  	lvl10 	lvl11 	lvl12 	lvl13 	lvl14 	lvl15 	lvl16 	lvl17 	lvl18 	lvl19 	lvl20 	lvl21 	lvl22 	lvl23 	lvl24 	lvl25 	lvl26 	lvl27 	lvl28 	lvl29 	lvl30 	lvl31 	lvl32 	lvl33 	lvl34 	lvl35 	lvl36 	lvl37 	lvl38 	lvl39 	lvl40 	lvl41 	lvl42 	lvl43 
100000   	0    	4.329800e-03	1     	2     	4     	8     	16    	32    	63    	126   	243   	441   	764   	1244  	1908  	2766  	3900  	5174  	6452  	7587  	8468  	9013  	9020  	8568  	7702  	6552  	5438  	4320  	3285  	2427  	1661  	1174  	748   	434   	240   	125   	55    	22    	12    	4     	1     	nan   	nan   	nan   	nan   	nan   
100000   	1    	4.182400e-03	1     	2     	4     	8     	16    	32    	63    	121   	230   	404   	673   	1078  	1689  	2402  	3315  	4320  	5250  	6012  	6845  	7389  	7697  	7714  	7449  	6852  	6215  	5383  	4477  	3614  	2934  	2252  	1672  	1164  	814   	619   	478   	320   	210   	131   	66    	41    	31    	9     	3     	1     
100000   	2    	4.664400e-03	1     	2     	4     	8     	16    	32    	63    	121   	219   	384   	657   	1059  	1625  	2366  	3273  	4399  	5647  	6758  	7802  	8455  	8834  	8945  	8396  	7524  	6257  	4985  	3931  	2916  	2083  	1393  	832   	486   	257   	145   	69    	32    	15    	6     	2     	1     	nan   	nan   	nan   	nan   
100000   	3    	4.324500e-03	1     	2     	4     	8     	16    	32    	64    	123   	232   	422   	730   	1202  	1888  	2743  	3788  	4924  	6087  	7024  	7693  	8166  	8125  	7660  	7118  	6204  	5401  	4592  	3836  	3129  	2531  	2045  	1508  	1066  	709   	424   	250   	140   	74    	27    	7     	3     	2     	nan   	nan   	nan   

