Criação das árvores ordenadas:
n_persons	index	time        
100000   	0    	5.049810e-02
100000   	1    	6.581120e-02
100000   	2    	5.471550e-02
100000   	3    	5.129320e-02

Procura de nós nas árvores:
n_persons	index	time        
100000   	0    	6.122810e-02
100000   	1    	7.375480e-02
100000   	2    	5.701990e-02
100000   	3    	5.170720e-02

Maior profundidade das árvores:
n_persons	index	time        	depth
100000   	0    	4.492600e-03	38   
100000   	1    	4.480400e-03	38   
100000   	2    	4.862800e-03	39   
100000   	3    	5.041600e-03	38   

Número de nós em cada nível:
n_persons	index	time        	lvl0  	lvl1  	lvl2  	lvl3  	lvl4  	lvl5  	lvl6  	lvl7  	lvl8  	lvl9  	lvl10 	lvl11 	lvl12 	lvl13 	lvl14 	lvl15 	lvl16 	lvl17 	lvl18 	lvl19 	lvl20 	lvl21 	lvl22 	lvl23 	lvl24 	lvl25 	lvl26 	lvl27 	lvl28 	lvl29 	lvl30 	lvl31 	lvl32 	lvl33 	lvl34 	lvl35 	lvl36 	lvl37 	lvl38 	lvl39 
100000   	0    	3.947800e-03	1     	2     	4     	8     	16    	31    	58    	110   	195   	332   	555   	917   	1455  	2228  	3263  	4562  	5884  	7195  	8314  	9086  	9378  	9134  	8377  	7267  	5900  	4677  	3586  	2621  	1845  	1274  	758   	464   	254   	127   	57    	28    	21    	11    	5     	nan   
100000   	1    	4.026600e-03	1     	2     	4     	8     	16    	32    	64    	125   	232   	415   	699   	1140  	1783  	2629  	3630  	4834  	6152  	7493  	8608  	9263  	9474  	9207  	8331  	7129  	5692  	4307  	3152  	2170  	1404  	889   	523   	292   	157   	81    	36    	12    	7     	5     	2     	nan   
100000   	2    	4.725500e-03	1     	2     	4     	8     	16    	32    	63    	123   	244   	460   	821   	1355  	2105  	3055  	4276  	5522  	6558  	7393  	7870  	8117  	8022  	7678  	7090  	6392  	5359  	4471  	3676  	2898  	2225  	1557  	1052  	646   	389   	238   	145   	71    	33    	18    	12    	3     
100000   	3    	4.347600e-03	1     	2     	4     	8     	16    	32    	63    	121   	236   	427   	746   	1199  	1811  	2698  	3872  	5139  	6474  	7675  	8624  	9081  	9148  	8547  	7637  	6517  	5348  	4293  	3258  	2447  	1685  	1141  	720   	451   	291   	144   	71    	40    	21    	10    	2     	nan   

