Criação das árvores ordenadas:
n_persons	index	time        
100000   	0    	5.147120e-02
100000   	1    	6.319360e-02
100000   	2    	5.669360e-02
100000   	3    	5.019210e-02

Procura de nós nas árvores:
n_persons	index	time        
100000   	0    	5.776330e-02
100000   	1    	6.742480e-02
100000   	2    	6.026350e-02
100000   	3    	5.227170e-02

Maior profundidade das árvores:
n_persons	index	time        	depth
100000   	0    	4.514100e-03	41   
100000   	1    	4.565500e-03	38   
100000   	2    	4.923700e-03	38   
100000   	3    	5.614200e-03	40   

Número de nós em cada nível:
n_persons	index	time        	lvl0  	lvl1  	lvl2  	lvl3  	lvl4  	lvl5  	lvl6  	lvl7  	lvl8  	lvl9  	lvl10 	lvl11 	lvl12 	lvl13 	lvl14 	lvl15 	lvl16 	lvl17 	lvl18 	lvl19 	lvl20 	lvl21 	lvl22 	lvl23 	lvl24 	lvl25 	lvl26 	lvl27 	lvl28 	lvl29 	lvl30 	lvl31 	lvl32 	lvl33 	lvl34 	lvl35 	lvl36 	lvl37 	lvl38 	lvl39 	lvl40 	lvl41 
100000   	0    	4.155600e-03	1     	2     	4     	8     	16    	32    	61    	113   	202   	365   	667   	1157  	1841  	2774  	3938  	5321  	6784  	8042  	8910  	9463  	9711  	9074  	7965  	6846  	5384  	4030  	2771  	1783  	1118  	678   	402   	232   	127   	92    	39    	23    	13    	5     	3     	1     	1     	1     
100000   	1    	3.933400e-03	1     	2     	4     	8     	16    	32    	64    	126   	242   	440   	794   	1358  	2133  	3170  	4377  	5749  	7032  	8131  	8950  	9333  	9195  	8673  	7612  	6367  	5084  	3785  	2671  	1833  	1181  	711   	420   	246   	139   	64    	34    	16    	5     	1     	1     	nan   	nan   	nan   
100000   	2    	4.433600e-03	1     	2     	4     	8     	16    	32    	64    	123   	230   	425   	748   	1262  	2013  	3048  	4333  	5643  	6948  	7954  	8606  	8977  	8890  	8306  	7577  	6567  	5261  	4072  	3081  	2212  	1471  	917   	571   	303   	164   	90    	50    	21    	7     	2     	1     	nan   	nan   	nan   
100000   	3    	4.701800e-03	1     	2     	4     	8     	16    	32    	62    	118   	220   	387   	647   	1053  	1698  	2587  	3707  	5010  	6353  	7717  	8926  	9605  	9730  	9273  	8259  	6883  	5426  	4105  	2938  	2039  	1314  	824   	506   	283   	153   	64    	27    	13    	3     	1     	2     	2     	2     	nan   

