Criação das árvores ordenadas:
n_persons	index	time        
100000   	0    	5.420640e-02
100000   	1    	6.520660e-02
100000   	2    	5.740000e-02
100000   	3    	5.073110e-02

Procura de nós nas árvores:
n_persons	index	time        
100000   	0    	5.368740e-02
100000   	1    	6.314810e-02
100000   	2    	5.866040e-02
100000   	3    	4.991860e-02

Maior profundidade das árvores:
n_persons	index	time        	depth
100000   	0    	4.970500e-03	44   
100000   	1    	4.790200e-03	41   
100000   	2    	5.402100e-03	41   
100000   	3    	5.721400e-03	38   

Número de nós em cada nível:
n_persons	index	time        	lvl0  	lvl1  	lvl2  	lvl3  	lvl4  	lvl5  	lvl6  	lvl7  	lvl8  	lvl9  	lvl10 	lvl11 	lvl12 	lvl13 	lvl14 	lvl15 	lvl16 	lvl17 	lvl18 	lvl19 	lvl20 	lvl21 	lvl22 	lvl23 	lvl24 	lvl25 	lvl26 	lvl27 	lvl28 	lvl29 	lvl30 	lvl31 	lvl32 	lvl33 	lvl34 	lvl35 	lvl36 	lvl37 	lvl38 	lvl39 	lvl40 	lvl41 	lvl42 	lvl43 	lvl44 
100000   	0    	4.321100e-03	1     	2     	4     	8     	14    	27    	51    	98    	177   	316   	543   	867   	1306  	1836  	2465  	3196  	3972  	4799  	5658  	6441  	7083  	7598  	7880  	7935  	7619  	6915  	5972  	4786  	3620  	2719  	1961  	1366  	947   	631   	467   	326   	182   	95    	52    	32    	17    	9     	4     	2     	1     
100000   	1    	4.233900e-03	1     	2     	4     	8     	16    	29    	53    	98    	168   	289   	499   	819   	1299  	1987  	2930  	4089  	5378  	6714  	7807  	8513  	8740  	8549  	8026  	7133  	6121  	5052  	4030  	3187  	2420  	1820  	1275  	911   	658   	469   	346   	226   	149   	97    	49    	28    	9     	2     	nan   	nan   	nan   
100000   	2    	4.740400e-03	1     	2     	4     	8     	14    	24    	45    	80    	129   	224   	371   	598   	889   	1267  	1727  	2234  	2845  	3587  	4473  	5437  	6399  	7382  	8060  	8363  	8150  	7559  	6705  	5763  	4733  	3786  	2959  	2164  	1507  	1021  	664   	393   	214   	125   	55    	25    	9     	5     	nan   	nan   	nan   
100000   	3    	5.108600e-03	1     	2     	4     	8     	16    	32    	62    	119   	219   	413   	693   	1155  	1759  	2591  	3597  	4782  	6102  	7430  	8518  	9063  	9176  	8806  	8050  	7022  	5890  	4626  	3413  	2490  	1656  	1002  	582   	345   	192   	96    	53    	21    	8     	5     	1     	nan   	nan   	nan   	nan   	nan   	nan   

