Criação das árvores ordenadas:
n_persons	index	time        
100000   	0    	5.333540e-02
100000   	1    	6.377670e-02
100000   	2    	6.374470e-02
100000   	3    	5.009630e-02

Procura de nós nas árvores:
n_persons	index	time        
100000   	0    	5.681030e-02
100000   	1    	7.177830e-02
100000   	2    	5.765530e-02
100000   	3    	5.102210e-02

Maior profundidade das árvores:
n_persons	index	time        	depth
100000   	0    	4.420300e-03	41   
100000   	1    	4.377800e-03	43   
100000   	2    	5.253600e-03	43   
100000   	3    	4.895700e-03	43   

Número de nós em cada nível:
n_persons	index	time        	lvl0  	lvl1  	lvl2  	lvl3  	lvl4  	lvl5  	lvl6  	lvl7  	lvl8  	lvl9  	lvl10 	lvl11 	lvl12 	lvl13 	lvl14 	lvl15 	lvl16 	lvl17 	lvl18 	lvl19 	lvl20 	lvl21 	lvl22 	lvl23 	lvl24 	lvl25 	lvl26 	lvl27 	lvl28 	lvl29 	lvl30 	lvl31 	lvl32 	lvl33 	lvl34 	lvl35 	lvl36 	lvl37 	lvl38 	lvl39 	lvl40 	lvl41 	lvl42 	lvl43 
100000   	0    	4.122400e-03	1     	2     	4     	8     	15    	30    	60    	117   	229   	423   	764   	1296  	2065  	3011  	4147  	5407  	6574  	7497  	8193  	8473  	8468  	7964  	7203  	6212  	5225  	4205  	3341  	2602  	1948  	1423  	1052  	733   	473   	317   	202   	157   	78    	42    	18    	10    	9     	2     	nan   	nan   
100000   	1    	3.991600e-03	1     	2     	4     	8     	16    	32    	64    	125   	234   	425   	744   	1171  	1767  	2537  	3388  	4289  	5135  	5921  	6590  	6999  	7164  	7270  	7032  	6691  	6238  	5661  	4860  	3985  	3291  	2576  	1918  	1364  	937   	623   	364   	224   	142   	91    	66    	26    	13    	6     	5     	1     
100000   	2    	5.144600e-03	1     	2     	4     	7     	14    	28    	56    	111   	210   	386   	679   	1135  	1783  	2689  	3834  	5264  	6709  	7948  	8886  	9310  	9232  	8726  	7770  	6559  	5233  	4073  	2985  	2112  	1426  	933   	648   	470   	318   	197   	117   	67    	34    	19    	11    	8     	2     	2     	1     	1     
100000   	3    	4.631400e-03	1     	2     	4     	8     	16    	32    	61    	121   	227   	415   	701   	1097  	1648  	2305  	3055  	3829  	4608  	5303  	5939  	6300  	6648  	6951  	7161  	7074  	6639  	6118  	5399  	4631  	3826  	2978  	2241  	1607  	1076  	710   	487   	316   	186   	107   	70    	52    	24    	17    	5     	5     

