Criação das árvores ordenadas:
n_persons	index	time        
100000   	0    	5.326540e-02
100000   	1    	6.286860e-02
100000   	2    	5.792720e-02
100000   	3    	4.847750e-02

Procura de nós nas árvores:
n_persons	index	time        
100000   	0    	5.354140e-02
100000   	1    	6.118030e-02
100000   	2    	5.778250e-02
100000   	3    	5.045500e-02

Maior profundidade das árvores:
n_persons	index	time        	depth
100000   	0    	4.847400e-03	40   
100000   	1    	5.513000e-03	38   
100000   	2    	4.997100e-03	42   
100000   	3    	6.143300e-03	37   

Número de nós em cada nível:
n_persons	index	time        	lvl0  	lvl1  	lvl2  	lvl3  	lvl4  	lvl5  	lvl6  	lvl7  	lvl8  	lvl9  	lvl10 	lvl11 	lvl12 	lvl13 	lvl14 	lvl15 	lvl16 	lvl17 	lvl18 	lvl19 	lvl20 	lvl21 	lvl22 	lvl23 	lvl24 	lvl25 	lvl26 	lvl27 	lvl28 	lvl29 	lvl30 	lvl31 	lvl32 	lvl33 	lvl34 	lvl35 	lvl36 	lvl37 	lvl38 	lvl39 	lvl40 	lvl41 	lvl42 
100000   	0    	4.151700e-03	1     	2     	4     	8     	16    	32    	61    	121   	227   	419   	708   	1140  	1736  	2480  	3349  	4195  	5140  	5993  	6874  	7471  	7901  	8150  	7992  	7487  	6707  	5682  	4565  	3563  	2619  	1866  	1243  	812   	543   	366   	241   	141   	74    	41    	20    	8     	2     	nan   	nan   
100000   	1    	4.546700e-03	1     	2     	4     	8     	16    	32    	63    	124   	228   	426   	721   	1174  	1772  	2598  	3648  	4789  	6032  	7237  	8193  	8676  	8649  	8452  	7745  	6946  	5897  	5004  	3864  	2807  	1956  	1292  	743   	418   	252   	118   	68    	25    	14    	5     	1     	nan   	nan   	nan   	nan   
100000   	2    	4.897000e-03	1     	2     	4     	8     	16    	32    	64    	124   	232   	414   	695   	1165  	1741  	2502  	3430  	4426  	5369  	6253  	6895  	7308  	7498  	7356  	6973  	6400  	5615  	4993  	4449  	3871  	3284  	2667  	2053  	1525  	1056  	703   	408   	220   	115   	68    	35    	16    	9     	4     	1     
100000   	3    	5.157500e-03	1     	2     	4     	8     	16    	32    	64    	118   	219   	407   	717   	1184  	1807  	2664  	3714  	4979  	6277  	7475  	8432  	8942  	9072  	8782  	8041  	7071  	5785  	4455  	3324  	2382  	1636  	1063  	588   	362   	187   	113   	49    	18    	7     	3     	nan   	nan   	nan   	nan   	nan   

