Criação das árvores ordenadas:
n_persons	index	time        
100000   	0    	5.310110e-02
100000   	1    	6.173270e-02
100000   	2    	5.459730e-02
100000   	3    	4.783710e-02

Procura de nós nas árvores:
n_persons	index	time        
100000   	0    	6.037680e-02
100000   	1    	7.561730e-02
100000   	2    	6.489260e-02
100000   	3    	4.861130e-02

Maior profundidade das árvores:
n_persons	index	time        	depth
100000   	0    	4.282300e-03	42   
100000   	1    	4.985300e-03	40   
100000   	2    	4.695900e-03	38   
100000   	3    	4.859900e-03	39   

Número de nós em cada nível:
n_persons	index	time        	lvl0  	lvl1  	lvl2  	lvl3  	lvl4  	lvl5  	lvl6  	lvl7  	lvl8  	lvl9  	lvl10 	lvl11 	lvl12 	lvl13 	lvl14 	lvl15 	lvl16 	lvl17 	lvl18 	lvl19 	lvl20 	lvl21 	lvl22 	lvl23 	lvl24 	lvl25 	lvl26 	lvl27 	lvl28 	lvl29 	lvl30 	lvl31 	lvl32 	lvl33 	lvl34 	lvl35 	lvl36 	lvl37 	lvl38 	lvl39 	lvl40 	lvl41 	lvl42 
100000   	0    	4.134200e-03	1     	2     	4     	8     	16    	32    	64    	124   	234   	412   	698   	1152  	1832  	2748  	3795  	4988  	6242  	7344  	8262  	8601  	8580  	7987  	7235  	6287  	5321  	4444  	3520  	2767  	2101  	1542  	1157  	871   	578   	418   	273   	185   	99    	44    	16    	9     	5     	1     	1     
100000   	1    	4.038600e-03	1     	2     	4     	8     	16    	32    	63    	122   	234   	428   	740   	1222  	1933  	2836  	3951  	5236  	6557  	7639  	8457  	8820  	8860  	8341  	7653  	6557  	5486  	4321  	3226  	2340  	1720  	1190  	813   	541   	298   	167   	99    	49    	22    	10    	2     	2     	2     	nan   	nan   
100000   	2    	4.456300e-03	1     	2     	4     	8     	16    	32    	64    	127   	234   	431   	755   	1272  	1965  	2955  	4116  	5400  	6712  	7845  	8766  	9080  	8882  	8395  	7583  	6514  	5364  	4169  	3151  	2296  	1572  	984   	581   	330   	180   	104   	56    	28    	15    	9     	2     	nan   	nan   	nan   	nan   
100000   	3    	4.502500e-03	1     	2     	4     	8     	16    	32    	63    	112   	201   	354   	609   	1028  	1632  	2410  	3385  	4424  	5596  	6594  	7455  	7904  	8217  	8117  	7750  	7117  	6235  	5300  	4290  	3395  	2609  	1881  	1303  	850   	515   	302   	162   	73    	32    	14    	6     	2     	nan   	nan   	nan   

