Criação das árvores ordenadas:
n_persons	index	time        
100000   	0    	6.952370e-02
100000   	1    	6.320160e-02
100000   	2    	6.358080e-02
100000   	3    	4.789230e-02

Procura de nós nas árvores:
n_persons	index	time        
100000   	0    	7.461400e-02
100000   	1    	8.977960e-02
100000   	2    	7.088210e-02
100000   	3    	1.045977e-01

Maior profundidade das árvores:
n_persons	index	time        	depth
100000   	0    	7.450300e-03	40   
100000   	1    	5.850900e-03	38   
100000   	2    	6.208800e-03	46   
100000   	3    	5.623700e-03	42   

Número de nós em cada nível:
n_persons	index	time        	lvl0  	lvl1  	lvl2  	lvl3  	lvl4  	lvl5  	lvl6  	lvl7  	lvl8  	lvl9  	lvl10 	lvl11 	lvl12 	lvl13 	lvl14 	lvl15 	lvl16 	lvl17 	lvl18 	lvl19 	lvl20 	lvl21 	lvl22 	lvl23 	lvl24 	lvl25 	lvl26 	lvl27 	lvl28 	lvl29 	lvl30 	lvl31 	lvl32 	lvl33 	lvl34 	lvl35 	lvl36 	lvl37 	lvl38 	lvl39 	lvl40 	lvl41 	lvl42 	lvl43 	lvl44 	lvl45 	lvl46 
100000   	0    	4.699700e-03	1     	2     	4     	8     	16    	32    	60    	112   	188   	321   	522   	835   	1251  	1890  	2743  	3791  	4917  	6043  	6984  	7718  	8253  	8361  	8299  	7794  	6947  	5985  	4867  	3806  	2739  	1939  	1336  	881   	566   	339   	214   	110   	63    	34    	17    	9     	3     	nan   	nan   	nan   	nan   	nan   	nan   
100000   	1    	4.788200e-03	1     	2     	4     	8     	16    	32    	64    	126   	244   	464   	837   	1448  	2303  	3418  	4844  	6440  	7988  	9200  	9933  	10092 	9490  	8650  	7323  	5663  	4150  	2782  	1844  	1148  	677   	368   	221   	118   	52    	31    	10    	4     	3     	1     	1     	nan   	nan   	nan   	nan   	nan   	nan   	nan   	nan   
100000   	2    	5.698600e-03	1     	2     	4     	8     	16    	32    	64    	125   	232   	422   	734   	1192  	1842  	2610  	3488  	4475  	5493  	6370  	7088  	7607  	7936  	7742  	7476  	6896  	6145  	5237  	4279  	3348  	2477  	1899  	1394  	960   	699   	516   	354   	269   	202   	152   	91    	58    	34    	18    	7     	2     	1     	2     	1     
100000   	3    	7.674600e-03	1     	2     	4     	8     	16    	32    	61    	116   	223   	408   	682   	1080  	1641  	2336  	3163  	4169  	5172  	6238  	7173  	7802  	8105  	8093  	7767  	7037  	6165  	5162  	4202  	3408  	2659  	2009  	1472  	1097  	774   	551   	398   	281   	193   	130   	80    	45    	24    	12    	9     	nan   	nan   	nan   	nan   

