Criação das árvores ordenadas:
n_persons	index	time        
100000   	0    	5.821390e-02
100000   	1    	6.269840e-02
100000   	2    	5.390180e-02
100000   	3    	4.743360e-02

Procura de nós nas árvores:
n_persons	index	time        
100000   	0    	5.199100e-02
100000   	1    	6.232390e-02
100000   	2    	5.645700e-02
100000   	3    	4.999490e-02

Maior profundidade das árvores:
n_persons	index	time        	depth
100000   	0    	4.475200e-03	40   
100000   	1    	4.674500e-03	35   
100000   	2    	5.027000e-03	36   
100000   	3    	4.986100e-03	38   

Número de nós em cada nível:
n_persons	index	time        	lvl0  	lvl1  	lvl2  	lvl3  	lvl4  	lvl5  	lvl6  	lvl7  	lvl8  	lvl9  	lvl10 	lvl11 	lvl12 	lvl13 	lvl14 	lvl15 	lvl16 	lvl17 	lvl18 	lvl19 	lvl20 	lvl21 	lvl22 	lvl23 	lvl24 	lvl25 	lvl26 	lvl27 	lvl28 	lvl29 	lvl30 	lvl31 	lvl32 	lvl33 	lvl34 	lvl35 	lvl36 	lvl37 	lvl38 	lvl39 	lvl40 
100000   	0    	4.364600e-03	1     	2     	4     	8     	16    	31    	62    	118   	217   	387   	686   	1162  	1848  	2778  	3863  	5129  	6319  	7381  	8145  	8459  	8469  	8142  	7396  	6415  	5428  	4453  	3604  	2829  	2087  	1557  	1093  	720   	478   	306   	184   	106   	60    	33    	16    	7     	1     
100000   	1    	4.300100e-03	1     	2     	4     	8     	16    	32    	63    	121   	227   	420   	755   	1264  	1992  	2965  	4122  	5519  	6843  	8108  	9163  	9543  	9373  	8823  	7728  	6511  	5174  	3938  	2777  	1839  	1191  	700   	369   	216   	100   	54    	26    	13    	nan   	nan   	nan   	nan   	nan   
100000   	2    	5.090600e-03	1     	2     	4     	8     	16    	31    	61    	119   	214   	377   	659   	1096  	1728  	2584  	3680  	4960  	6330  	7538  	8588  	9255  	9267  	8868  	8007  	6965  	5708  	4461  	3276  	2270  	1568  	1030  	607   	374   	198   	90    	41    	16    	3     	nan   	nan   	nan   	nan   
100000   	3    	4.786000e-03	1     	2     	4     	8     	16    	32    	62    	121   	226   	380   	624   	975   	1445  	2094  	2892  	3805  	4828  	5868  	6908  	7678  	8427  	8669  	8468  	7869  	7018  	5924  	4766  	3567  	2639  	1804  	1176  	718   	424   	279   	158   	79    	33    	10    	3     	nan   	nan   

