Criação das árvores ordenadas:
n_persons	index	time        
100000   	0    	5.333760e-02
100000   	1    	6.748400e-02
100000   	2    	5.908740e-02
100000   	3    	5.008240e-02

Procura de nós nas árvores:
n_persons	index	time        
100000   	0    	5.789150e-02
100000   	1    	6.781480e-02
100000   	2    	5.747940e-02
100000   	3    	5.107810e-02

Maior profundidade das árvores:
n_persons	index	time        	depth
100000   	0    	4.716500e-03	41   
100000   	1    	4.507400e-03	35   
100000   	2    	4.947600e-03	37   
100000   	3    	5.202000e-03	38   

Número de nós em cada nível:
n_persons	index	time        	lvl0  	lvl1  	lvl2  	lvl3  	lvl4  	lvl5  	lvl6  	lvl7  	lvl8  	lvl9  	lvl10 	lvl11 	lvl12 	lvl13 	lvl14 	lvl15 	lvl16 	lvl17 	lvl18 	lvl19 	lvl20 	lvl21 	lvl22 	lvl23 	lvl24 	lvl25 	lvl26 	lvl27 	lvl28 	lvl29 	lvl30 	lvl31 	lvl32 	lvl33 	lvl34 	lvl35 	lvl36 	lvl37 	lvl38 	lvl39 	lvl40 	lvl41 
100000   	0    	4.229900e-03	1     	2     	4     	8     	16    	32    	64    	126   	233   	429   	744   	1234  	1973  	2938  	4119  	5382  	6626  	7814  	8662  	9111  	8994  	8384  	7564  	6472  	5232  	4166  	3063  	2225  	1579  	1046  	651   	399   	267   	161   	108   	72    	47    	27    	17    	5     	1     	2     
100000   	1    	4.040900e-03	1     	2     	4     	8     	16    	32    	64    	125   	236   	446   	804   	1354  	2154  	3243  	4548  	5944  	7302  	8340  	8958  	9291  	9073  	8538  	7497  	6179  	4949  	3823  	2772  	1829  	1167  	657   	346   	153   	68    	39    	27    	11    	nan   	nan   	nan   	nan   	nan   	nan   
100000   	2    	4.278700e-03	1     	2     	4     	8     	16    	32    	64    	125   	238   	426   	734   	1166  	1798  	2693  	3710  	4868  	6088  	7285  	8196  	8716  	8803  	8612  	8074  	7103  	5832  	4661  	3592  	2656  	1831  	1180  	712   	384   	214   	97    	50    	21    	7     	1     	nan   	nan   	nan   	nan   
100000   	3    	4.555100e-03	1     	2     	4     	8     	16    	32    	63    	121   	219   	396   	694   	1155  	1812  	2638  	3630  	4739  	5956  	6966  	7856  	8401  	8622  	8463  	8035  	7321  	6386  	5033  	3901  	2790  	1902  	1225  	740   	453   	235   	97    	48    	27    	10    	2     	1     	nan   	nan   	nan   

