Criação das árvores ordenadas:
n_persons	index	time        
100000   	0    	5.338450e-02
100000   	1    	6.412050e-02
100000   	2    	5.722670e-02
100000   	3    	5.926730e-02

Procura de nós nas árvores:
n_persons	index	time        
100000   	0    	5.465760e-02
100000   	1    	6.036070e-02
100000   	2    	5.757620e-02
100000   	3    	4.832820e-02

Maior profundidade das árvores:
n_persons	index	time        	depth
100000   	0    	5.283600e-03	38   
100000   	1    	4.878600e-03	40   
100000   	2    	5.458000e-03	37   
100000   	3    	5.073700e-03	43   

Número de nós em cada nível:
n_persons	index	time        	lvl0  	lvl1  	lvl2  	lvl3  	lvl4  	lvl5  	lvl6  	lvl7  	lvl8  	lvl9  	lvl10 	lvl11 	lvl12 	lvl13 	lvl14 	lvl15 	lvl16 	lvl17 	lvl18 	lvl19 	lvl20 	lvl21 	lvl22 	lvl23 	lvl24 	lvl25 	lvl26 	lvl27 	lvl28 	lvl29 	lvl30 	lvl31 	lvl32 	lvl33 	lvl34 	lvl35 	lvl36 	lvl37 	lvl38 	lvl39 	lvl40 	lvl41 	lvl42 	lvl43 
100000   	0    	4.292600e-03	1     	2     	4     	8     	16    	32    	63    	119   	207   	353   	596   	953   	1509  	2279  	3239  	4414  	5707  	6966  	8010  	8615  	9048  	9009  	8516  	7601  	6448  	5147  	3816  	2779  	1853  	1162  	706   	386   	203   	112   	55    	36    	19    	8     	3     	nan   	nan   	nan   	nan   	nan   
100000   	1    	4.127200e-03	1     	2     	4     	8     	16    	31    	62    	119   	217   	378   	636   	1018  	1506  	2209  	3063  	4128  	5259  	6438  	7480  	8273  	8797  	8725  	8282  	7465  	6524  	5551  	4321  	3181  	2329  	1565  	1008  	607   	365   	185   	105   	72    	39    	14    	11    	5     	1     	nan   	nan   	nan   
100000   	2    	4.932700e-03	1     	2     	4     	8     	16    	32    	64    	123   	231   	418   	722   	1212  	1864  	2782  	3836  	5045  	6309  	7494  	8371  	8867  	9020  	8756  	7909  	6868  	5677  	4556  	3384  	2407  	1649  	1068  	629   	348   	199   	94    	29    	4     	1     	1     	nan   	nan   	nan   	nan   	nan   	nan   
100000   	3    	4.811100e-03	1     	2     	4     	8     	16    	32    	63    	121   	223   	403   	653   	992   	1422  	1896  	2443  	3043  	3717  	4448  	5193  	5946  	6579  	6897  	7055  	7097  	7046  	6719  	6231  	5410  	4525  	3536  	2713  	2014  	1379  	914   	557   	325   	171   	97    	52    	26    	16    	8     	5     	2     

