Criação das árvores ordenadas:
n_persons	index	time        
100000   	0    	5.858980e-02
100000   	1    	6.409780e-02
100000   	2    	5.337250e-02
100000   	3    	4.651570e-02

Procura de nós nas árvores:
n_persons	index	time        
100000   	0    	5.566270e-02
100000   	1    	6.042030e-02
100000   	2    	5.514300e-02
100000   	3    	4.879030e-02

Maior profundidade das árvores:
n_persons	index	time        	depth
100000   	0    	4.351400e-03	40   
100000   	1    	4.536100e-03	41   
100000   	2    	5.135500e-03	39   
100000   	3    	4.948000e-03	45   

Número de nós em cada nível:
n_persons	index	time        	lvl0  	lvl1  	lvl2  	lvl3  	lvl4  	lvl5  	lvl6  	lvl7  	lvl8  	lvl9  	lvl10 	lvl11 	lvl12 	lvl13 	lvl14 	lvl15 	lvl16 	lvl17 	lvl18 	lvl19 	lvl20 	lvl21 	lvl22 	lvl23 	lvl24 	lvl25 	lvl26 	lvl27 	lvl28 	lvl29 	lvl30 	lvl31 	lvl32 	lvl33 	lvl34 	lvl35 	lvl36 	lvl37 	lvl38 	lvl39 	lvl40 	lvl41 	lvl42 	lvl43 	lvl44 	lvl45 
100000   	0    	4.040700e-03	1     	2     	4     	8     	16    	32    	62    	118   	213   	367   	615   	980   	1479  	2173  	3052  	4207  	5372  	6476  	7413  	7954  	8255  	8072  	7597  	6948  	6124  	5326  	4467  	3575  	2748  	2065  	1474  	1011  	687   	468   	288   	174   	101   	50    	20    	4     	2     	nan   	nan   	nan   	nan   	nan   
100000   	1    	4.024500e-03	1     	2     	4     	8     	16    	31    	57    	104   	201   	365   	642   	1065  	1658  	2461  	3446  	4533  	5711  	6818  	7679  	8194  	8292  	8158  	7765  	7133  	6152  	5148  	4075  	3119  	2297  	1617  	1103  	741   	545   	369   	248   	135   	62    	26    	10    	6     	2     	1     	nan   	nan   	nan   	nan   
100000   	2    	4.719000e-03	1     	2     	4     	8     	16    	32    	64    	128   	254   	474   	855   	1432  	2286  	3340  	4555  	5804  	6922  	7969  	8489  	8663  	8632  	8072  	7263  	6375  	5211  	4029  	2951  	2101  	1409  	946   	651   	395   	258   	155   	94    	60    	47    	33    	16    	4     	nan   	nan   	nan   	nan   	nan   	nan   
100000   	3    	4.576800e-03	1     	2     	4     	8     	15    	26    	44    	74    	143   	253   	446   	752   	1187  	1813  	2630  	3631  	4715  	5827  	6848  	7515  	7911  	8028  	7997  	7533  	6742  	5833  	4808  	3930  	3114  	2392  	1820  	1361  	936   	635   	409   	257   	155   	92    	46    	23    	16    	12    	7     	5     	2     	2     

