Criação das árvores ordenadas:
n_persons	index	time        
100000   	0    	5.192530e-02
100000   	1    	6.347980e-02
100000   	2    	5.511750e-02
100000   	3    	4.589140e-02

Procura de nós nas árvores:
n_persons	index	time        
100000   	0    	5.256300e-02
100000   	1    	6.137040e-02
100000   	2    	5.664450e-02
100000   	3    	4.845890e-02

Maior profundidade das árvores:
n_persons	index	time        	depth
100000   	0    	5.008000e-03	44   
100000   	1    	4.368300e-03	43   
100000   	2    	5.027400e-03	39   
100000   	3    	5.437100e-03	42   

Número de nós em cada nível:
n_persons	index	time        	lvl0  	lvl1  	lvl2  	lvl3  	lvl4  	lvl5  	lvl6  	lvl7  	lvl8  	lvl9  	lvl10 	lvl11 	lvl12 	lvl13 	lvl14 	lvl15 	lvl16 	lvl17 	lvl18 	lvl19 	lvl20 	lvl21 	lvl22 	lvl23 	lvl24 	lvl25 	lvl26 	lvl27 	lvl28 	lvl29 	lvl30 	lvl31 	lvl32 	lvl33 	lvl34 	lvl35 	lvl36 	lvl37 	lvl38 	lvl39 	lvl40 	lvl41 	lvl42 	lvl43 	lvl44 
100000   	0    	4.417500e-03	1     	2     	4     	8     	16    	32    	63    	122   	222   	394   	660   	1021  	1517  	2237  	3078  	4012  	5039  	5827  	6466  	7194  	7589  	7712  	7654  	7189  	6538  	5678  	4726  	3843  	3025  	2387  	1795  	1312  	946   	637   	414   	259   	160   	90    	57    	35    	19    	11    	5     	3     	1     
100000   	1    	3.930400e-03	1     	2     	4     	8     	16    	32    	63    	122   	232   	416   	713   	1133  	1685  	2404  	3286  	4362  	5585  	6582  	7392  	7843  	7898  	7524  	6790  	6046  	5187  	4409  	3918  	3404  	2980  	2493  	2052  	1609  	1206  	889   	655   	444   	294   	157   	83    	39    	23    	14    	4     	1     	nan   
100000   	2    	4.497100e-03	1     	2     	4     	8     	16    	31    	62    	117   	221   	401   	696   	1137  	1758  	2593  	3668  	4919  	6176  	7299  	8174  	8712  	8855  	8579  	7908  	6944  	5770  	4729  	3577  	2589  	1792  	1246  	834   	518   	308   	167   	91    	47    	28    	14    	8     	1     	nan   	nan   	nan   	nan   	nan   
100000   	3    	4.495200e-03	1     	2     	4     	8     	15    	30    	56    	112   	215   	391   	690   	1106  	1710  	2456  	3403  	4453  	5495  	6571  	7449  	8091  	8249  	8105  	7562  	6610  	5735  	4848  	4071  	3257  	2603  	1990  	1525  	1125  	758   	494   	315   	196   	124   	90    	44    	24    	8     	5     	4     	nan   	nan   

