Criação das árvores ordenadas:
n_persons	index	time        
100000   	0    	5.240320e-02
100000   	1    	6.357550e-02
100000   	2    	5.569310e-02
100000   	3    	4.827440e-02

Procura de nós nas árvores:
n_persons	index	time        
100000   	0    	5.317140e-02
100000   	1    	6.767190e-02
100000   	2    	5.699860e-02
100000   	3    	5.432970e-02

Maior profundidade das árvores:
n_persons	index	time        	depth
100000   	0    	4.425100e-03	43   
100000   	1    	4.591900e-03	39   
100000   	2    	4.994600e-03	41   
100000   	3    	4.905100e-03	38   

Número de nós em cada nível:
n_persons	index	time        	lvl0  	lvl1  	lvl2  	lvl3  	lvl4  	lvl5  	lvl6  	lvl7  	lvl8  	lvl9  	lvl10 	lvl11 	lvl12 	lvl13 	lvl14 	lvl15 	lvl16 	lvl17 	lvl18 	lvl19 	lvl20 	lvl21 	lvl22 	lvl23 	lvl24 	lvl25 	lvl26 	lvl27 	lvl28 	lvl29 	lvl30 	lvl31 	lvl32 	lvl33 	lvl34 	lvl35 	lvl36 	lvl37 	lvl38 	lvl39 	lvl40 	lvl41 	lvl42 	lvl43 
100000   	0    	3.946400e-03	1     	2     	4     	8     	16    	32    	64    	119   	211   	366   	602   	978   	1563  	2364  	3278  	4375  	5515  	6477  	7346  	8049  	8477  	8483  	8156  	7491  	6503  	5451  	4278  	3203  	2319  	1631  	1082  	670   	414   	231   	122   	57    	28    	19    	8     	3     	1     	1     	1     	1     
100000   	1    	4.200600e-03	1     	2     	4     	8     	16    	32    	62    	119   	229   	415   	724   	1203  	1904  	2787  	3795  	5118  	6448  	7636  	8520  	9080  	9069  	8723  	7901  	6869  	5629  	4432  	3199  	2241  	1520  	973   	579   	362   	184   	96    	55    	28    	18    	12    	5     	2     	nan   	nan   	nan   	nan   
100000   	2    	4.412400e-03	1     	2     	4     	8     	16    	32    	63    	119   	231   	441   	793   	1349  	2131  	3181  	4419  	5785  	7045  	8064  	8667  	8918  	8865  	8062  	7220  	5985  	4832  	3835  	2952  	2123  	1587  	1126  	789   	512   	314   	198   	115   	81    	62    	36    	19    	12    	5     	1     	nan   	nan   
100000   	3    	4.452700e-03	1     	2     	4     	8     	16    	32    	61    	113   	215   	376   	633   	982   	1471  	2066  	2910  	3892  	5001  	6013  	7015  	7771  	8251  	8392  	8194  	7575  	6837  	5821  	4810  	3789  	2716  	1871  	1279  	832   	477   	289   	161   	78    	32    	11    	3     	nan   	nan   	nan   	nan   	nan   

