Criação das árvores ordenadas:
n_persons	index	time        
100000   	0    	5.692550e-02
100000   	1    	6.687500e-02
100000   	2    	5.303440e-02
100000   	3    	4.636230e-02

Procura de nós nas árvores:
n_persons	index	time        
100000   	0    	5.372360e-02
100000   	1    	6.296920e-02
100000   	2    	5.512270e-02
100000   	3    	5.066210e-02

Maior profundidade das árvores:
n_persons	index	time        	depth
100000   	0    	4.781700e-03	40   
100000   	1    	4.666200e-03	41   
100000   	2    	4.856800e-03	37   
100000   	3    	4.938900e-03	38   

Número de nós em cada nível:
n_persons	index	time        	lvl0  	lvl1  	lvl2  	lvl3  	lvl4  	lvl5  	lvl6  	lvl7  	lvl8  	lvl9  	lvl10 	lvl11 	lvl12 	lvl13 	lvl14 	lvl15 	lvl16 	lvl17 	lvl18 	lvl19 	lvl20 	lvl21 	lvl22 	lvl23 	lvl24 	lvl25 	lvl26 	lvl27 	lvl28 	lvl29 	lvl30 	lvl31 	lvl32 	lvl33 	lvl34 	lvl35 	lvl36 	lvl37 	lvl38 	lvl39 	lvl40 	lvl41 
100000   	0    	4.374600e-03	1     	2     	4     	8     	16    	32    	64    	124   	229   	386   	649   	1007  	1593  	2345  	3250  	4330  	5526  	6632  	7533  	8091  	8256  	8003  	7571  	6846  	5992  	5267  	4440  	3521  	2597  	1944  	1390  	935   	613   	382   	224   	103   	56    	25    	9     	3     	1     	nan   
100000   	1    	4.075900e-03	1     	2     	4     	8     	16    	32    	64    	120   	228   	405   	706   	1152  	1793  	2550  	3464  	4458  	5420  	6421  	7220  	7638  	7906  	7749  	7383  	6776  	6097  	5308  	4535  	3686  	2789  	2044  	1490  	1027  	668   	413   	223   	99    	50    	33    	16    	3     	2     	1     
100000   	2    	4.653600e-03	1     	2     	4     	8     	16    	32    	64    	126   	232   	418   	743   	1235  	1892  	2765  	3798  	5012  	6313  	7570  	8652  	9312  	9473  	9006  	8138  	6929  	5475  	4180  	3048  	2071  	1385  	863   	548   	316   	186   	94    	51    	23    	13    	6     	nan   	nan   	nan   	nan   
100000   	3    	4.318500e-03	1     	2     	4     	8     	16    	32    	64    	128   	242   	453   	789   	1336  	2095  	3053  	4276  	5678  	7028  	8219  	9141  	9521  	9430  	8662  	7700  	6392  	5018  	3754  	2611  	1745  	1155  	660   	379   	207   	98    	47    	25    	14    	8     	5     	4     	nan   	nan   	nan   

