Criação das árvores ordenadas:
n_persons	index	time        
100000   	0    	5.607970e-02
100000   	1    	1.173509e-01
100000   	2    	6.479050e-02
100000   	3    	4.722800e-02

Procura de nós nas árvores:
n_persons	index	time        
100000   	0    	5.542680e-02
100000   	1    	6.113780e-02
100000   	2    	5.607520e-02
100000   	3    	4.868460e-02

Maior profundidade das árvores:
n_persons	index	time        	depth
100000   	0    	4.557500e-03	41   
100000   	1    	4.398300e-03	37   
100000   	2    	5.135900e-03	36   
100000   	3    	4.993000e-03	39   

Número de nós em cada nível:
n_persons	index	time        	lvl0  	lvl1  	lvl2  	lvl3  	lvl4  	lvl5  	lvl6  	lvl7  	lvl8  	lvl9  	lvl10 	lvl11 	lvl12 	lvl13 	lvl14 	lvl15 	lvl16 	lvl17 	lvl18 	lvl19 	lvl20 	lvl21 	lvl22 	lvl23 	lvl24 	lvl25 	lvl26 	lvl27 	lvl28 	lvl29 	lvl30 	lvl31 	lvl32 	lvl33 	lvl34 	lvl35 	lvl36 	lvl37 	lvl38 	lvl39 	lvl40 	lvl41 
100000   	0    	4.067300e-03	1     	2     	4     	8     	16    	32    	63    	117   	216   	374   	615   	954   	1431  	2061  	2784  	3580  	4456  	5370  	6238  	7046  	7678  	7947  	7854  	7613  	7070  	6301  	5393  	4326  	3403  	2472  	1713  	1122  	728   	444   	248   	146   	95    	47    	16    	7     	6     	3     
100000   	1    	4.047100e-03	1     	2     	4     	8     	16    	32    	63    	121   	236   	439   	768   	1297  	2006  	2985  	4200  	5538  	6880  	7984  	8772  	9246  	9148  	8673  	7810  	6707  	5347  	4072  	2815  	1904  	1289  	746   	410   	235   	124   	72    	35    	10    	3     	2     	nan   	nan   	nan   	nan   
100000   	2    	4.874500e-03	1     	2     	4     	8     	16    	32    	57    	112   	206   	367   	640   	1015  	1570  	2350  	3329  	4438  	5620  	6869  	7973  	8793  	9210  	9214  	8671  	7712  	6459  	5079  	3716  	2586  	1685  	1042  	585   	338   	165   	87    	34    	13    	2     	nan   	nan   	nan   	nan   	nan   
100000   	3    	4.396000e-03	1     	2     	4     	8     	16    	32    	63    	120   	223   	412   	751   	1256  	1985  	2946  	4201  	5607  	6966  	8060  	8791  	8998  	8885  	8336  	7407  	6277  	5104  	3948  	2978  	2159  	1529  	1042  	724   	487   	302   	181   	95    	57    	24    	15    	5     	3     	nan   	nan   

