Criação das árvores ordenadas:
n_persons	index	time        
100000   	0    	6.835820e-02
100000   	1    	6.744650e-02
100000   	2    	5.830740e-02
100000   	3    	4.880000e-02

Procura de nós nas árvores:
n_persons	index	time        
100000   	0    	5.494980e-02
100000   	1    	6.302360e-02
100000   	2    	5.705760e-02
100000   	3    	4.909080e-02

Maior profundidade das árvores:
n_persons	index	time        	depth
100000   	0    	4.627900e-03	39   
100000   	1    	4.595600e-03	37   
100000   	2    	5.089300e-03	40   
100000   	3    	5.174700e-03	39   

Número de nós em cada nível:
n_persons	index	time        	lvl0  	lvl1  	lvl2  	lvl3  	lvl4  	lvl5  	lvl6  	lvl7  	lvl8  	lvl9  	lvl10 	lvl11 	lvl12 	lvl13 	lvl14 	lvl15 	lvl16 	lvl17 	lvl18 	lvl19 	lvl20 	lvl21 	lvl22 	lvl23 	lvl24 	lvl25 	lvl26 	lvl27 	lvl28 	lvl29 	lvl30 	lvl31 	lvl32 	lvl33 	lvl34 	lvl35 	lvl36 	lvl37 	lvl38 	lvl39 	lvl40 
100000   	0    	4.008700e-03	1     	2     	4     	8     	16    	32    	60    	113   	209   	359   	609   	974   	1529  	2253  	3237  	4366  	5644  	6962  	8206  	9159  	9626  	9527  	8836  	7614  	6239  	4770  	3463  	2392  	1584  	953   	559   	312   	168   	92    	51    	35    	20    	12    	3     	1     	nan   
100000   	1    	4.310600e-03	1     	2     	4     	8     	16    	32    	64    	126   	245   	458   	774   	1308  	2105  	3117  	4381  	5805  	7152  	8330  	9135  	9508  	9442  	8661  	7483  	6269  	4872  	3625  	2559  	1761  	1124  	727   	448   	231   	121   	64    	27    	9     	5     	1     	nan   	nan   	nan   
100000   	2    	4.451200e-03	1     	2     	4     	8     	16    	31    	61    	114   	206   	378   	645   	1095  	1724  	2537  	3591  	4807  	6172  	7369  	8416  	8974  	9083  	8747  	7890  	6846  	5637  	4441  	3356  	2437  	1783  	1321  	929   	591   	378   	217   	102   	53    	21    	10    	4     	1     	2     
100000   	3    	4.442400e-03	1     	2     	4     	8     	16    	32    	64    	127   	242   	436   	791   	1333  	2123  	3148  	4404  	5696  	6956  	7929  	8664  	8972  	8921  	8449  	7478  	6358  	5215  	4057  	2976  	2081  	1431  	907   	524   	326   	169   	83    	42    	16    	7     	7     	4     	1     	nan   

