Criação das árvores ordenadas:
n_persons	index	time        
100000   	0    	5.813510e-02
100000   	1    	6.257890e-02
100000   	2    	7.508230e-02
100000   	3    	5.630440e-02

Procura de nós nas árvores:
n_persons	index	time        
100000   	0    	5.681240e-02
100000   	1    	6.725060e-02
100000   	2    	5.637080e-02
100000   	3    	4.764310e-02

Maior profundidade das árvores:
n_persons	index	time        	depth
100000   	0    	4.393500e-03	38   
100000   	1    	4.214100e-03	37   
100000   	2    	6.998100e-03	41   
100000   	3    	5.325200e-03	40   

Número de nós em cada nível:
n_persons	index	time        	lvl0  	lvl1  	lvl2  	lvl3  	lvl4  	lvl5  	lvl6  	lvl7  	lvl8  	lvl9  	lvl10 	lvl11 	lvl12 	lvl13 	lvl14 	lvl15 	lvl16 	lvl17 	lvl18 	lvl19 	lvl20 	lvl21 	lvl22 	lvl23 	lvl24 	lvl25 	lvl26 	lvl27 	lvl28 	lvl29 	lvl30 	lvl31 	lvl32 	lvl33 	lvl34 	lvl35 	lvl36 	lvl37 	lvl38 	lvl39 	lvl40 	lvl41 
100000   	0    	4.059600e-03	1     	2     	4     	8     	16    	31    	60    	112   	197   	342   	576   	933   	1448  	2138  	2930  	3813  	4939  	5994  	7055  	7869  	8430  	8511  	8345  	7917  	7048  	6002  	4708  	3620  	2564  	1751  	1157  	681   	390   	207   	111   	54    	24    	10    	2     	nan   	nan   	nan   
100000   	1    	4.205400e-03	1     	2     	4     	8     	16    	32    	64    	122   	228   	411   	716   	1168  	1835  	2775  	3931  	5227  	6568  	7764  	8697  	9275  	9338  	8915  	7934  	6764  	5614  	4315  	3077  	2067  	1352  	825   	477   	243   	128   	74    	24    	7     	1     	1     	nan   	nan   	nan   	nan   
100000   	2    	4.639800e-03	1     	2     	4     	8     	16    	32    	62    	117   	223   	400   	698   	1141  	1755  	2560  	3556  	4687  	5902  	7118  	7985  	8629  	8701  	8479  	7970  	7036  	6022  	4934  	3847  	2829  	1971  	1311  	860   	531   	301   	165   	84    	43    	11    	4     	2     	1     	1     	1     
100000   	3    	4.471900e-03	1     	2     	4     	8     	16    	32    	63    	123   	230   	429   	745   	1231  	1915  	2827  	3916  	5171  	6479  	7642  	8568  	8990  	9129  	8696  	7890  	6770  	5564  	4350  	3253  	2269  	1461  	945   	555   	329   	188   	102   	55    	25    	17    	7     	1     	1     	1     	nan   

