Criação das árvores ordenadas:
n_persons	index	time        
100000   	0    	5.251030e-02
100000   	1    	6.412090e-02
100000   	2    	5.655920e-02
100000   	3    	4.881600e-02

Procura de nós nas árvores:
n_persons	index	time        
100000   	0    	5.971750e-02
100000   	1    	8.707440e-02
100000   	2    	9.637850e-02
100000   	3    	6.129790e-02

Maior profundidade das árvores:
n_persons	index	time        	depth
100000   	0    	4.449100e-03	38   
100000   	1    	4.764700e-03	39   
100000   	2    	5.781500e-03	38   
100000   	3    	5.140200e-03	40   

Número de nós em cada nível:
n_persons	index	time        	lvl0  	lvl1  	lvl2  	lvl3  	lvl4  	lvl5  	lvl6  	lvl7  	lvl8  	lvl9  	lvl10 	lvl11 	lvl12 	lvl13 	lvl14 	lvl15 	lvl16 	lvl17 	lvl18 	lvl19 	lvl20 	lvl21 	lvl22 	lvl23 	lvl24 	lvl25 	lvl26 	lvl27 	lvl28 	lvl29 	lvl30 	lvl31 	lvl32 	lvl33 	lvl34 	lvl35 	lvl36 	lvl37 	lvl38 	lvl39 	lvl40 
100000   	0    	3.961200e-03	1     	2     	4     	8     	16    	32    	63    	123   	233   	420   	724   	1178  	1819  	2713  	3827  	5095  	6434  	7649  	8606  	9175  	9302  	8781  	7850  	6743  	5447  	4231  	3206  	2269  	1563  	1050  	675   	382   	211   	95    	38    	24    	9     	1     	1     	nan   	nan   
100000   	1    	4.003800e-03	1     	2     	4     	8     	16    	32    	64    	127   	247   	469   	828   	1366  	2104  	3070  	4238  	5539  	6706  	7745  	8565  	8865  	8647  	8214  	7293  	6272  	5210  	4165  	3248  	2425  	1691  	1186  	748   	426   	240   	120   	69    	30    	10    	5     	4     	1     	nan   
100000   	2    	4.899800e-03	1     	2     	4     	8     	16    	32    	64    	125   	227   	412   	712   	1152  	1768  	2593  	3603  	4659  	5813  	6798  	7629  	8215  	8424  	8237  	7768  	7035  	6170  	5211  	4178  	3177  	2206  	1450  	987   	621   	368   	175   	91    	46    	19    	3     	1     	nan   	nan   
100000   	3    	4.444500e-03	1     	2     	4     	8     	16    	32    	64    	124   	231   	412   	725   	1179  	1821  	2705  	3756  	5050  	6259  	7347  	8172  	8719  	8726  	8150  	7436  	6435  	5558  	4533  	3604  	2789  	2089  	1457  	986   	650   	413   	224   	131   	80    	54    	37    	12    	6     	3     

