Criação das árvores ordenadas:
n_persons	index	time        
100000   	0    	5.039200e-02
100000   	1    	6.284900e-02
100000   	2    	5.511920e-02
100000   	3    	4.768620e-02

Procura de nós nas árvores:
n_persons	index	time        
100000   	0    	5.603460e-02
100000   	1    	5.951970e-02
100000   	2    	5.543410e-02
100000   	3    	5.261930e-02

Maior profundidade das árvores:
n_persons	index	time        	depth
100000   	0    	4.432100e-03	39   
100000   	1    	4.305400e-03	38   
100000   	2    	5.328800e-03	40   
100000   	3    	5.037400e-03	38   

Número de nós em cada nível:
n_persons	index	time        	lvl0  	lvl1  	lvl2  	lvl3  	lvl4  	lvl5  	lvl6  	lvl7  	lvl8  	lvl9  	lvl10 	lvl11 	lvl12 	lvl13 	lvl14 	lvl15 	lvl16 	lvl17 	lvl18 	lvl19 	lvl20 	lvl21 	lvl22 	lvl23 	lvl24 	lvl25 	lvl26 	lvl27 	lvl28 	lvl29 	lvl30 	lvl31 	lvl32 	lvl33 	lvl34 	lvl35 	lvl36 	lvl37 	lvl38 	lvl39 	lvl40 
100000   	0    	3.955200e-03	1     	2     	4     	8     	16    	32    	64    	123   	238   	440   	764   	1277  	1972  	2868  	3951  	5162  	6469  	7676  	8641  	9236  	9362  	8964  	8165  	6835  	5578  	4219  	3020  	2046  	1286  	696   	409   	227   	114   	57    	34    	17    	10    	6     	7     	4     	nan   
100000   	1    	3.814400e-03	1     	2     	4     	8     	16    	32    	63    	124   	237   	426   	700   	1128  	1691  	2386  	3200  	4241  	5195  	6266  	7130  	7704  	8141  	8126  	7849  	7363  	6620  	5604  	4557  	3526  	2570  	1897  	1249  	839   	530   	298   	151   	72    	31    	18    	5     	nan   	nan   
100000   	2    	4.727000e-03	1     	2     	4     	8     	16    	32    	64    	124   	222   	400   	700   	1142  	1795  	2637  	3637  	4707  	5715  	6651  	7475  	8032  	8290  	8236  	7812  	7175  	6214  	5195  	4130  	3079  	2285  	1591  	1065  	652   	395   	235   	134   	62    	42    	25    	13    	4     	2     
100000   	3    	4.442700e-03	1     	2     	4     	8     	16    	32    	62    	119   	221   	399   	709   	1198  	1910  	2847  	4078  	5442  	6878  	8229  	9248  	9584  	9404  	8678  	7597  	6334  	5125  	3831  	2705  	1862  	1300  	868   	562   	367   	203   	101   	52    	13    	6     	4     	1     	nan   	nan   

