Criação das árvores ordenadas:
n_persons	index	time        
100000   	0    	9.338900e-02
100000   	1    	9.124400e-02
100000   	2    	7.963940e-02
100000   	3    	7.192140e-02

Procura de nós nas árvores:
n_persons	index	time        
100000   	0    	1.147934e-01
100000   	1    	1.011570e-01
100000   	2    	5.998790e-02
100000   	3    	5.176400e-02

Maior profundidade das árvores:
n_persons	index	time        	depth
100000   	0    	4.420700e-03	38   
100000   	1    	5.075800e-03	39   
100000   	2    	5.040500e-03	40   
100000   	3    	5.014300e-03	40   

Número de nós em cada nível:
n_persons	index	time        	lvl0  	lvl1  	lvl2  	lvl3  	lvl4  	lvl5  	lvl6  	lvl7  	lvl8  	lvl9  	lvl10 	lvl11 	lvl12 	lvl13 	lvl14 	lvl15 	lvl16 	lvl17 	lvl18 	lvl19 	lvl20 	lvl21 	lvl22 	lvl23 	lvl24 	lvl25 	lvl26 	lvl27 	lvl28 	lvl29 	lvl30 	lvl31 	lvl32 	lvl33 	lvl34 	lvl35 	lvl36 	lvl37 	lvl38 	lvl39 	lvl40 
100000   	0    	4.756600e-03	1     	2     	4     	8     	16    	31    	59    	105   	188   	320   	537   	878   	1393  	2085  	2994  	4062  	5354  	6573  	7544  	8393  	8829  	8628  	8149  	7528  	6446  	5395  	4316  	3247  	2418  	1680  	1111  	729   	466   	282   	137   	59    	23    	7     	3     	nan   	nan   
100000   	1    	4.183200e-03	1     	2     	4     	8     	16    	30    	58    	110   	207   	373   	663   	1125  	1852  	2803  	3895  	5233  	6465  	7640  	8527  	8999  	9058  	8621  	7726  	6591  	5414  	4277  	3135  	2259  	1553  	1051  	750   	552   	369   	237   	175   	117   	66    	25    	10    	3     	nan   
100000   	2    	4.583900e-03	1     	2     	4     	8     	16    	32    	64    	126   	237   	419   	719   	1174  	1803  	2695  	3754  	4956  	6189  	7375  	8243  	8757  	8975  	8670  	8003  	6973  	5779  	4508  	3443  	2504  	1725  	1138  	726   	430   	240   	131   	86    	52    	23    	11    	5     	3     	1     
100000   	3    	4.836400e-03	1     	2     	4     	8     	16    	32    	63    	117   	220   	387   	656   	1092  	1640  	2366  	3340  	4401  	5613  	6737  	7691  	8297  	8534  	8449  	7950  	7060  	5923  	4938  	3904  	3023  	2336  	1783  	1219  	870   	578   	357   	205   	95    	51    	26    	12    	3     	1     

