Criação das árvores ordenadas:
n_persons	index	time        
100000   	0    	5.282450e-02
100000   	1    	6.590650e-02
100000   	2    	5.606100e-02
100000   	3    	5.306870e-02

Procura de nós nas árvores:
n_persons	index	time        
100000   	0    	7.631530e-02
100000   	1    	7.543470e-02
100000   	2    	5.624480e-02
100000   	3    	5.055170e-02

Maior profundidade das árvores:
n_persons	index	time        	depth
100000   	0    	4.344000e-03	40   
100000   	1    	4.474800e-03	44   
100000   	2    	5.791800e-03	38   
100000   	3    	4.998300e-03	39   

Número de nós em cada nível:
n_persons	index	time        	lvl0  	lvl1  	lvl2  	lvl3  	lvl4  	lvl5  	lvl6  	lvl7  	lvl8  	lvl9  	lvl10 	lvl11 	lvl12 	lvl13 	lvl14 	lvl15 	lvl16 	lvl17 	lvl18 	lvl19 	lvl20 	lvl21 	lvl22 	lvl23 	lvl24 	lvl25 	lvl26 	lvl27 	lvl28 	lvl29 	lvl30 	lvl31 	lvl32 	lvl33 	lvl34 	lvl35 	lvl36 	lvl37 	lvl38 	lvl39 	lvl40 	lvl41 	lvl42 	lvl43 	lvl44 
100000   	0    	3.969000e-03	1     	2     	4     	8     	16    	32    	59    	116   	217   	384   	643   	1005  	1474  	2091  	2872  	3816  	4944  	5971  	7039  	7847  	8315  	8546  	8261  	7796  	6921  	5868  	4722  	3642  	2644  	1881  	1256  	736   	407   	222   	119   	67    	29    	13    	7     	5     	2     	nan   	nan   	nan   	nan   
100000   	1    	4.501200e-03	1     	2     	4     	8     	16    	32    	62    	118   	222   	360   	608   	942   	1443  	2084  	2926  	3886  	4936  	6008  	6892  	7474  	7785  	8013  	8011  	7452  	6713  	5770  	4737  	3736  	2831  	2132  	1537  	1097  	738   	497   	320   	225   	145   	88    	63    	44    	20    	11    	8     	2     	1     
100000   	2    	4.918000e-03	1     	2     	4     	8     	15    	30    	56    	103   	192   	345   	596   	1004  	1590  	2374  	3299  	4444  	5663  	6849  	7699  	8380  	8756  	8629  	8136  	7347  	6408  	5203  	4025  	3065  	2191  	1457  	923   	552   	311   	180   	88    	48    	16    	8     	3     	nan   	nan   	nan   	nan   	nan   	nan   
100000   	3    	4.505900e-03	1     	2     	4     	8     	16    	32    	62    	122   	230   	403   	686   	1113  	1753  	2639  	3752  	5109  	6603  	7903  	8878  	9441  	9425  	8920  	7926  	6749  	5465  	4235  	3100  	2058  	1368  	852   	489   	291   	155   	104   	54    	31    	13    	5     	2     	1     	nan   	nan   	nan   	nan   	nan   

