Criação das árvores ordenadas:
n_persons	index	time        
100000   	0    	5.437370e-02
100000   	1    	6.245130e-02
100000   	2    	5.534470e-02
100000   	3    	4.923380e-02

Procura de nós nas árvores:
n_persons	index	time        
100000   	0    	5.236740e-02
100000   	1    	6.475870e-02
100000   	2    	5.682360e-02
100000   	3    	4.993930e-02

Maior profundidade das árvores:
n_persons	index	time        	depth
100000   	0    	4.828100e-03	42   
100000   	1    	4.247100e-03	41   
100000   	2    	4.914700e-03	39   
100000   	3    	4.890000e-03	38   

Número de nós em cada nível:
n_persons	index	time        	lvl0  	lvl1  	lvl2  	lvl3  	lvl4  	lvl5  	lvl6  	lvl7  	lvl8  	lvl9  	lvl10 	lvl11 	lvl12 	lvl13 	lvl14 	lvl15 	lvl16 	lvl17 	lvl18 	lvl19 	lvl20 	lvl21 	lvl22 	lvl23 	lvl24 	lvl25 	lvl26 	lvl27 	lvl28 	lvl29 	lvl30 	lvl31 	lvl32 	lvl33 	lvl34 	lvl35 	lvl36 	lvl37 	lvl38 	lvl39 	lvl40 	lvl41 	lvl42 
100000   	0    	4.140100e-03	1     	2     	4     	8     	16    	32    	64    	120   	225   	416   	731   	1229  	1887  	2732  	3763  	4810  	5868  	6765  	7665  	8266  	8560  	8387  	7806  	6886  	5908  	4860  	3806  	2931  	2141  	1485  	1032  	680   	410   	238   	136   	61    	26    	16    	10    	8     	6     	2     	1     
100000   	1    	3.856600e-03	1     	2     	4     	8     	16    	32    	60    	119   	225   	406   	688   	1127  	1723  	2450  	3292  	4207  	5163  	6034  	6876  	7617  	8114  	8177  	7944  	7330  	6447  	5483  	4496  	3493  	2556  	1811  	1266  	914   	678   	493   	326   	220   	108   	59    	24    	8     	2     	1     	nan   
100000   	2    	4.308200e-03	1     	2     	4     	8     	16    	32    	64    	125   	230   	411   	684   	1071  	1634  	2358  	3199  	4154  	5208  	6262  	7151  	7916  	8406  	8498  	8306  	7692  	6626  	5429  	4308  	3304  	2445  	1698  	1133  	712   	386   	248   	132   	78    	37    	19    	10    	3     	nan   	nan   	nan   
100000   	3    	4.359800e-03	1     	2     	4     	8     	16    	32    	64    	127   	239   	433   	743   	1241  	1893  	2753  	3713  	4889  	5989  	7094  	7882  	8626  	8762  	8477  	7873  	6970  	5868  	4715  	3713  	2777  	1934  	1303  	821   	462   	277   	160   	76    	31    	19    	10    	3     	nan   	nan   	nan   	nan   

