Criação das árvores ordenadas:
n_persons	index	time        
100000   	0    	5.146230e-02
100000   	1    	6.249310e-02
100000   	2    	5.415230e-02
100000   	3    	4.823870e-02

Procura de nós nas árvores:
n_persons	index	time        
100000   	0    	5.225060e-02
100000   	1    	6.062660e-02
100000   	2    	5.600930e-02
100000   	3    	4.915020e-02

Maior profundidade das árvores:
n_persons	index	time        	depth
100000   	0    	4.436300e-03	38   
100000   	1    	4.487500e-03	37   
100000   	2    	4.809000e-03	37   
100000   	3    	4.855600e-03	38   

Número de nós em cada nível:
n_persons	index	time        	lvl0  	lvl1  	lvl2  	lvl3  	lvl4  	lvl5  	lvl6  	lvl7  	lvl8  	lvl9  	lvl10 	lvl11 	lvl12 	lvl13 	lvl14 	lvl15 	lvl16 	lvl17 	lvl18 	lvl19 	lvl20 	lvl21 	lvl22 	lvl23 	lvl24 	lvl25 	lvl26 	lvl27 	lvl28 	lvl29 	lvl30 	lvl31 	lvl32 	lvl33 	lvl34 	lvl35 	lvl36 	lvl37 	lvl38 
100000   	0    	4.362600e-03	1     	2     	4     	8     	16    	32    	64    	125   	229   	410   	705   	1193  	1870  	2724  	3763  	4808  	5789  	6568  	7075  	7331  	7531  	7569  	7282  	6743  	6194  	5394  	4545  	3666  	2796  	2025  	1402  	914   	556   	319   	198   	85    	39    	19    	6     
100000   	1    	4.771700e-03	1     	2     	4     	8     	16    	32    	64    	126   	230   	423   	738   	1221  	2001  	2974  	4144  	5549  	6861  	8120  	9016  	9428  	9352  	8833  	7870  	6481  	5155  	3847  	2766  	1899  	1196  	696   	416   	261   	143   	66    	29    	23    	8     	1     	nan   
100000   	2    	4.691300e-03	1     	2     	4     	8     	16    	32    	60    	117   	212   	384   	679   	1117  	1740  	2556  	3571  	4686  	5956  	7042  	7853  	8412  	8705  	8554  	8149  	7279  	6172  	5075  	3974  	2799  	1948  	1236  	719   	427   	263   	142   	68    	28    	11    	3     	nan   
100000   	3    	4.369400e-03	1     	2     	4     	8     	16    	32    	63    	125   	244   	443   	784   	1278  	2017  	3001  	4203  	5471  	6800  	7913  	8852  	9386  	9255  	8685  	7711  	6459  	5267  	4004  	2870  	2005  	1350  	800   	467   	224   	117   	71    	37    	19    	10    	4     	2     

