Criação das árvores ordenadas:
n_persons	index	time        
100000   	0    	5.595880e-02
100000   	1    	7.066640e-02
100000   	2    	5.383650e-02
100000   	3    	4.711370e-02

Procura de nós nas árvores:
n_persons	index	time        
100000   	0    	5.375790e-02
100000   	1    	6.554120e-02
100000   	2    	5.728520e-02
100000   	3    	5.087620e-02

Maior profundidade das árvores:
n_persons	index	time        	depth
100000   	0    	4.449500e-03	36   
100000   	1    	4.926900e-03	40   
100000   	2    	4.946100e-03	38   
100000   	3    	4.831300e-03	41   

Número de nós em cada nível:
n_persons	index	time        	lvl0  	lvl1  	lvl2  	lvl3  	lvl4  	lvl5  	lvl6  	lvl7  	lvl8  	lvl9  	lvl10 	lvl11 	lvl12 	lvl13 	lvl14 	lvl15 	lvl16 	lvl17 	lvl18 	lvl19 	lvl20 	lvl21 	lvl22 	lvl23 	lvl24 	lvl25 	lvl26 	lvl27 	lvl28 	lvl29 	lvl30 	lvl31 	lvl32 	lvl33 	lvl34 	lvl35 	lvl36 	lvl37 	lvl38 	lvl39 	lvl40 	lvl41 
100000   	0    	3.969400e-03	1     	2     	4     	8     	16    	32    	64    	124   	234   	408   	707   	1145  	1827  	2829  	4068  	5481  	6929  	8152  	9167  	9641  	9532  	8868  	7889  	6566  	5236  	3890  	2783  	1859  	1163  	684   	350   	182   	86    	42    	17    	10    	4     	nan   	nan   	nan   	nan   	nan   
100000   	1    	4.240700e-03	1     	2     	4     	8     	15    	30    	60    	120   	234   	436   	794   	1337  	2110  	3113  	4252  	5421  	6496  	7434  	8047  	8341  	8196  	7794  	7079  	6282  	5368  	4344  	3457  	2714  	1968  	1479  	1068  	733   	500   	342   	215   	118   	55    	21    	9     	2     	1     	nan   
100000   	2    	4.410500e-03	1     	2     	4     	8     	16    	31    	62    	122   	238   	440   	778   	1290  	1984  	2971  	4155  	5521  	6947  	8215  	9106  	9474  	9255  	8606  	7519  	6091  	4892  	3728  	2774  	2015  	1390  	947   	608   	383   	231   	104   	56    	28    	5     	2     	1     	nan   	nan   	nan   
100000   	3    	4.348500e-03	1     	2     	4     	8     	16    	32    	62    	119   	208   	371   	644   	1044  	1594  	2292  	3221  	4310  	5540  	6735  	7815  	8624  	9076  	9089  	8594  	7528  	6235  	5008  	3821  	2853  	1922  	1230  	781   	452   	290   	177   	104   	72    	46    	35    	24    	15    	5     	1     

