Criação das árvores ordenadas:
n_persons	index	time        
100000   	0    	6.304990e-02
100000   	1    	7.496150e-02
100000   	2    	6.453090e-02
100000   	3    	5.727240e-02

Procura de nós nas árvores:
n_persons	index	time        
100000   	0    	1.136597e-01
100000   	1    	8.358400e-02
100000   	2    	5.883440e-02
100000   	3    	5.304680e-02

Maior profundidade das árvores:
n_persons	index	time        	depth
100000   	0    	5.795000e-03	43   
100000   	1    	4.897600e-03	43   
100000   	2    	5.432500e-03	39   
100000   	3    	6.037900e-03	37   

Número de nós em cada nível:
n_persons	index	time        	lvl0  	lvl1  	lvl2  	lvl3  	lvl4  	lvl5  	lvl6  	lvl7  	lvl8  	lvl9  	lvl10 	lvl11 	lvl12 	lvl13 	lvl14 	lvl15 	lvl16 	lvl17 	lvl18 	lvl19 	lvl20 	lvl21 	lvl22 	lvl23 	lvl24 	lvl25 	lvl26 	lvl27 	lvl28 	lvl29 	lvl30 	lvl31 	lvl32 	lvl33 	lvl34 	lvl35 	lvl36 	lvl37 	lvl38 	lvl39 	lvl40 	lvl41 	lvl42 	lvl43 
100000   	0    	4.513900e-03	1     	2     	4     	8     	16    	32    	64    	122   	237   	440   	774   	1265  	1902  	2623  	3504  	4508  	5596  	6678  	7625  	8257  	8508  	8293  	7766  	7141  	6066  	5050  	3996  	3018  	2181  	1515  	1024  	670   	425   	276   	171   	112   	58    	35    	15    	10    	5     	5     	1     	1     
100000   	1    	4.347000e-03	1     	2     	4     	8     	16    	32    	64    	121   	227   	392   	639   	1009  	1494  	2134  	2916  	3779  	4683  	5518  	6371  	6984  	7492  	7657  	7436  	7115  	6627  	5924  	5132  	4268  	3370  	2521  	1866  	1365  	970   	699   	451   	301   	214   	103   	48    	22    	13    	7     	3     	2     
100000   	2    	5.938600e-03	1     	2     	4     	8     	16    	32    	64    	123   	228   	425   	741   	1186  	1843  	2685  	3826  	5123  	6452  	7691  	8523  	9044  	8970  	8592  	7593  	6492  	5355  	4302  	3255  	2457  	1743  	1222  	816   	486   	295   	185   	115   	55    	29    	15    	5     	1     	nan   	nan   	nan   	nan   
100000   	3    	8.260000e-03	1     	2     	4     	8     	16    	32    	64    	122   	228   	402   	680   	1126  	1773  	2630  	3756  	5097  	6492  	7768  	8772  	9437  	9582  	9060  	8033  	6916  	5572  	4302  	3079  	2081  	1314  	809   	441   	221   	104   	43    	22    	8     	2     	1     	nan   	nan   	nan   	nan   	nan   	nan   

