Criação das árvores ordenadas:
n_persons	index	time        
100000   	0    	9.299100e-02
100000   	1    	7.371100e-02
100000   	2    	5.526520e-02
100000   	3    	4.739200e-02

Procura de nós nas árvores:
n_persons	index	time        
100000   	0    	5.567010e-02
100000   	1    	6.058170e-02
100000   	2    	5.712980e-02
100000   	3    	4.848550e-02

Maior profundidade das árvores:
n_persons	index	time        	depth
100000   	0    	4.303300e-03	42   
100000   	1    	4.831700e-03	37   
100000   	2    	4.931700e-03	38   
100000   	3    	4.997100e-03	38   

Número de nós em cada nível:
n_persons	index	time        	lvl0  	lvl1  	lvl2  	lvl3  	lvl4  	lvl5  	lvl6  	lvl7  	lvl8  	lvl9  	lvl10 	lvl11 	lvl12 	lvl13 	lvl14 	lvl15 	lvl16 	lvl17 	lvl18 	lvl19 	lvl20 	lvl21 	lvl22 	lvl23 	lvl24 	lvl25 	lvl26 	lvl27 	lvl28 	lvl29 	lvl30 	lvl31 	lvl32 	lvl33 	lvl34 	lvl35 	lvl36 	lvl37 	lvl38 	lvl39 	lvl40 	lvl41 	lvl42 
100000   	0    	4.137900e-03	1     	2     	4     	8     	16    	31    	62    	113   	195   	341   	562   	885   	1383  	2118  	3009  	4149  	5268  	6466  	7510  	8288  	8549  	8467  	8050  	7316  	6359  	5232  	4341  	3425  	2598  	1883  	1268  	850   	510   	285   	184   	107   	64    	43    	29    	15    	7     	5     	2     
100000   	1    	4.012100e-03	1     	2     	4     	8     	16    	31    	61    	111   	214   	378   	645   	1032  	1632  	2395  	3365  	4442  	5520  	6615  	7517  	8153  	8453  	8420  	8200  	7615  	6634  	5432  	4262  	3130  	2202  	1466  	946   	562   	287   	150   	60    	24    	12    	3     	nan   	nan   	nan   	nan   	nan   
100000   	2    	4.647300e-03	1     	2     	4     	8     	16    	32    	61    	120   	235   	436   	770   	1298  	2082  	3109  	4353  	5645  	6848  	7868  	8650  	9014  	8936  	8522  	7597  	6439  	5163  	3993  	2989  	2145  	1448  	955   	595   	339   	163   	96    	37    	14    	9     	6     	2     	nan   	nan   	nan   	nan   
100000   	3    	4.306200e-03	1     	2     	4     	8     	16    	32    	63    	126   	245   	466   	856   	1500  	2378  	3582  	5018  	6453  	7611  	8527  	8949  	9026  	8706  	8007  	7016  	5971  	4758  	3508  	2567  	1809  	1191  	699   	435   	248   	118   	52    	27    	14    	6     	4     	1     	nan   	nan   	nan   	nan   

