Criação das árvores ordenadas:
n_persons	index	time        
100000   	0    	8.659250e-02
100000   	1    	1.035377e-01
100000   	2    	9.262580e-02
100000   	3    	8.548850e-02

Procura de nós nas árvores:
n_persons	index	time        
100000   	0    	1.264718e-01
100000   	1    	8.333190e-02
100000   	2    	5.902800e-02
100000   	3    	5.343920e-02

Maior profundidade das árvores:
n_persons	index	time        	depth
100000   	0    	4.501300e-03	44   
100000   	1    	4.442600e-03	44   
100000   	2    	4.986700e-03	39   
100000   	3    	4.921900e-03	42   

Número de nós em cada nível:
n_persons	index	time        	lvl0  	lvl1  	lvl2  	lvl3  	lvl4  	lvl5  	lvl6  	lvl7  	lvl8  	lvl9  	lvl10 	lvl11 	lvl12 	lvl13 	lvl14 	lvl15 	lvl16 	lvl17 	lvl18 	lvl19 	lvl20 	lvl21 	lvl22 	lvl23 	lvl24 	lvl25 	lvl26 	lvl27 	lvl28 	lvl29 	lvl30 	lvl31 	lvl32 	lvl33 	lvl34 	lvl35 	lvl36 	lvl37 	lvl38 	lvl39 	lvl40 	lvl41 	lvl42 	lvl43 	lvl44 
100000   	0    	3.867800e-03	1     	2     	4     	7     	14    	28    	52    	94    	173   	311   	536   	887   	1373  	1968  	2679  	3418  	4268  	5224  	6122  	6891  	7336  	7455  	7350  	7041  	6576  	6060  	5355  	4600  	3832  	3035  	2314  	1673  	1191  	782   	521   	333   	199   	121   	74    	45    	31    	15    	6     	2     	1     
100000   	1    	4.138600e-03	1     	2     	4     	8     	16    	32    	64    	114   	205   	339   	566   	893   	1362  	1915  	2618  	3391  	4202  	5129  	5949  	6607  	7028  	7254  	7372  	7258  	6960  	6346  	5670  	4872  	4028  	3140  	2307  	1581  	1065  	688   	439   	266   	148   	86    	36    	16    	10    	7     	4     	1     	1     
100000   	2    	4.492900e-03	1     	2     	4     	8     	16    	32    	63    	122   	215   	360   	610   	954   	1482  	2191  	3181  	4302  	5621  	6779  	7709  	8375  	8690  	8652  	8239  	7502  	6432  	5277  	4113  	2944  	2207  	1536  	986   	599   	381   	197   	99    	49    	27    	23    	14    	6     	nan   	nan   	nan   	nan   	nan   
100000   	3    	4.497500e-03	1     	2     	4     	8     	16    	32    	64    	127   	243   	451   	753   	1196  	1808  	2617  	3597  	4703  	5812  	6790  	7732  	8397  	8529  	8223  	7514  	6716  	5720  	4848  	3775  	2928  	2192  	1594  	1185  	841   	567   	413   	252   	163   	88    	57    	30    	7     	3     	1     	1     	nan   	nan   

