Criação das árvores ordenadas:
n_persons	index	time        
100000   	0    	5.133730e-02
100000   	1    	6.437310e-02
100000   	2    	5.318870e-02
100000   	3    	4.689900e-02

Procura de nós nas árvores:
n_persons	index	time        
100000   	0    	5.236920e-02
100000   	1    	6.244240e-02
100000   	2    	5.766660e-02
100000   	3    	4.956090e-02

Maior profundidade das árvores:
n_persons	index	time        	depth
100000   	0    	4.696400e-03	43   
100000   	1    	4.420500e-03	36   
100000   	2    	4.959700e-03	39   
100000   	3    	5.114800e-03	40   

Número de nós em cada nível:
n_persons	index	time        	lvl0  	lvl1  	lvl2  	lvl3  	lvl4  	lvl5  	lvl6  	lvl7  	lvl8  	lvl9  	lvl10 	lvl11 	lvl12 	lvl13 	lvl14 	lvl15 	lvl16 	lvl17 	lvl18 	lvl19 	lvl20 	lvl21 	lvl22 	lvl23 	lvl24 	lvl25 	lvl26 	lvl27 	lvl28 	lvl29 	lvl30 	lvl31 	lvl32 	lvl33 	lvl34 	lvl35 	lvl36 	lvl37 	lvl38 	lvl39 	lvl40 	lvl41 	lvl42 	lvl43 
100000   	0    	4.221800e-03	1     	2     	4     	8     	16    	32    	62    	119   	230   	413   	716   	1197  	1949  	2922  	4128  	5401  	6591  	7602  	8281  	8598  	8419  	7890  	7152  	6064  	5201  	4355  	3511  	2780  	2099  	1537  	1080  	702   	430   	240   	135   	60    	27    	16    	8     	5     	6     	6     	4     	1     
100000   	1    	4.059300e-03	1     	2     	4     	8     	16    	32    	64    	128   	249   	453   	791   	1288  	2003  	2949  	4048  	5294  	6477  	7513  	8436  	8827  	8784  	8483  	7687  	6612  	5534  	4437  	3396  	2406  	1654  	1058  	668   	365   	188   	98    	32    	11    	4     	nan   	nan   	nan   	nan   	nan   	nan   	nan   
100000   	2    	4.639100e-03	1     	2     	4     	8     	16    	32    	64    	127   	242   	438   	783   	1319  	2071  	3141  	4467  	5932  	7334  	8526  	9238  	9327  	8977  	8257  	7289  	5977  	4721  	3589  	2627  	1941  	1335  	883   	562   	344   	205   	112   	50    	28    	19    	5     	3     	4     	nan   	nan   	nan   	nan   
100000   	3    	4.684800e-03	1     	2     	4     	8     	16    	32    	64    	126   	227   	405   	667   	1057  	1592  	2334  	3255  	4344  	5578  	6793  	7686  	8532  	8843  	8772  	8157  	7242  	6229  	5063  	3864  	2893  	2134  	1526  	1013  	641   	411   	230   	133   	71    	35    	14    	4     	1     	1     	nan   	nan   	nan   

