Criação das árvores ordenadas:
n_persons	index	time        
100000   	0    	4.964970e-02
100000   	1    	6.651630e-02
100000   	2    	5.354780e-02
100000   	3    	4.952060e-02

Procura de nós nas árvores:
n_persons	index	time        
100000   	0    	5.408900e-02
100000   	1    	6.850790e-02
100000   	2    	5.601100e-02
100000   	3    	4.947530e-02

Maior profundidade das árvores:
n_persons	index	time        	depth
100000   	0    	4.295700e-03	37   
100000   	1    	4.624100e-03	37   
100000   	2    	5.003900e-03	39   
100000   	3    	4.898100e-03	40   

Número de nós em cada nível:
n_persons	index	time        	lvl0  	lvl1  	lvl2  	lvl3  	lvl4  	lvl5  	lvl6  	lvl7  	lvl8  	lvl9  	lvl10 	lvl11 	lvl12 	lvl13 	lvl14 	lvl15 	lvl16 	lvl17 	lvl18 	lvl19 	lvl20 	lvl21 	lvl22 	lvl23 	lvl24 	lvl25 	lvl26 	lvl27 	lvl28 	lvl29 	lvl30 	lvl31 	lvl32 	lvl33 	lvl34 	lvl35 	lvl36 	lvl37 	lvl38 	lvl39 	lvl40 
100000   	0    	3.921400e-03	1     	2     	4     	8     	16    	32    	64    	123   	233   	422   	741   	1217  	1964  	2922  	4173  	5473  	6793  	7941  	8755  	9066  	9001  	8542  	7629  	6557  	5293  	4155  	3045  	2151  	1470  	935   	616   	337   	179   	84    	35    	15    	5     	1     	nan   	nan   	nan   
100000   	1    	3.876800e-03	1     	2     	4     	8     	16    	32    	63    	122   	235   	443   	801   	1368  	2157  	3184  	4453  	5786  	7104  	8189  	8954  	9172  	9050  	8300  	7302  	6162  	5021  	3864  	2899  	1991  	1344  	842   	531   	296   	167   	96    	29    	8     	3     	1     	nan   	nan   	nan   
100000   	2    	4.739600e-03	1     	2     	4     	8     	16    	31    	60    	115   	216   	391   	665   	1095  	1729  	2544  	3590  	4808  	6057  	7096  	8075  	8816  	9000  	8843  	8064  	7035  	5864  	4634  	3595  	2650  	1876  	1255  	806   	501   	269   	146   	68    	40    	22    	10    	2     	1     	nan   
100000   	3    	5.177100e-03	1     	2     	4     	7     	10    	19    	33    	64    	128   	247   	466   	814   	1320  	2016  	2936  	3845  	4929  	5971  	6808  	7438  	7931  	8158  	8107  	7714  	7019  	6088  	4998  	3907  	2980  	2142  	1523  	979   	636   	357   	205   	104   	45    	23    	11    	11    	4     

