Criação das árvores ordenadas:
n_persons	index	time        
100000   	0    	5.247000e-02
100000   	1    	6.430750e-02
100000   	2    	5.611850e-02
100000   	3    	4.973570e-02

Procura de nós nas árvores:
n_persons	index	time        
100000   	0    	5.971240e-02
100000   	1    	7.442700e-02
100000   	2    	5.883790e-02
100000   	3    	4.938770e-02

Maior profundidade das árvores:
n_persons	index	time        	depth
100000   	0    	4.818200e-03	39   
100000   	1    	4.783600e-03	43   
100000   	2    	4.858600e-03	40   
100000   	3    	5.028600e-03	44   

Número de nós em cada nível:
n_persons	index	time        	lvl0  	lvl1  	lvl2  	lvl3  	lvl4  	lvl5  	lvl6  	lvl7  	lvl8  	lvl9  	lvl10 	lvl11 	lvl12 	lvl13 	lvl14 	lvl15 	lvl16 	lvl17 	lvl18 	lvl19 	lvl20 	lvl21 	lvl22 	lvl23 	lvl24 	lvl25 	lvl26 	lvl27 	lvl28 	lvl29 	lvl30 	lvl31 	lvl32 	lvl33 	lvl34 	lvl35 	lvl36 	lvl37 	lvl38 	lvl39 	lvl40 	lvl41 	lvl42 	lvl43 	lvl44 
100000   	0    	4.034400e-03	1     	2     	4     	8     	16    	32    	64    	128   	249   	468   	799   	1298  	2037  	2932  	4012  	5252  	6558  	7659  	8498  	8934  	8804  	8251  	7311  	6162  	5173  	4174  	3174  	2400  	1833  	1329  	911   	609   	371   	224   	133   	87    	53    	32    	14    	4     	nan   	nan   	nan   	nan   	nan   
100000   	1    	4.096500e-03	1     	2     	4     	8     	16    	31    	62    	118   	213   	384   	615   	977   	1446  	2029  	2806  	3655  	4481  	5432  	6273  	6982  	7628  	7863  	7793  	7393  	6836  	6060  	5126  	4294  	3465  	2587  	1847  	1273  	858   	544   	333   	214   	140   	91    	55    	30    	13    	12    	6     	4     	nan   
100000   	2    	4.347400e-03	1     	2     	4     	8     	16    	32    	61    	121   	229   	415   	717   	1237  	2003  	3053  	4340  	5727  	7099  	8235  	8901  	9289  	9234  	8605  	7605  	6353  	4918  	3702  	2663  	1841  	1260  	865   	549   	348   	225   	134   	78    	56    	38    	19    	11    	5     	1     	nan   	nan   	nan   	nan   
100000   	3    	4.603100e-03	1     	2     	4     	8     	16    	32    	64    	126   	234   	418   	708   	1136  	1711  	2439  	3285  	4321  	5444  	6378  	7189  	7702  	7833  	7754  	7409  	6800  	6093  	5245  	4410  	3621  	2813  	2107  	1526  	1101  	753   	494   	318   	215   	128   	70    	39    	18    	15    	10    	6     	3     	1     

