Criação das árvores ordenadas:
n_persons	index	time        
100000   	0    	5.469850e-02
100000   	1    	6.572810e-02
100000   	2    	5.854680e-02
100000   	3    	4.914070e-02

Procura de nós nas árvores:
n_persons	index	time        
100000   	0    	5.685740e-02
100000   	1    	6.625920e-02
100000   	2    	6.606350e-02
100000   	3    	5.037950e-02

Maior profundidade das árvores:
n_persons	index	time        	depth
100000   	0    	4.745000e-03	38   
100000   	1    	4.727000e-03	38   
100000   	2    	4.964900e-03	39   
100000   	3    	5.046000e-03	41   

Número de nós em cada nível:
n_persons	index	time        	lvl0  	lvl1  	lvl2  	lvl3  	lvl4  	lvl5  	lvl6  	lvl7  	lvl8  	lvl9  	lvl10 	lvl11 	lvl12 	lvl13 	lvl14 	lvl15 	lvl16 	lvl17 	lvl18 	lvl19 	lvl20 	lvl21 	lvl22 	lvl23 	lvl24 	lvl25 	lvl26 	lvl27 	lvl28 	lvl29 	lvl30 	lvl31 	lvl32 	lvl33 	lvl34 	lvl35 	lvl36 	lvl37 	lvl38 	lvl39 	lvl40 	lvl41 
100000   	0    	4.147600e-03	1     	2     	4     	8     	16    	32    	64    	122   	228   	410   	724   	1180  	1873  	2778  	3759  	4827  	5853  	6720  	7474  	7982  	8390  	8428  	8074  	7256  	6296  	5216  	4005  	2862  	2017  	1339  	863   	524   	296   	174   	108   	56    	29    	9     	1     	nan   	nan   	nan   
100000   	1    	4.132600e-03	1     	2     	4     	8     	16    	32    	63    	112   	206   	356   	601   	932   	1397  	1944  	2590  	3424  	4368  	5376  	6454  	7341  	8085  	8463  	8449  	8130  	7380  	6380  	5188  	4016  	2888  	2036  	1474  	899   	596   	374   	234   	109   	50    	19    	3     	nan   	nan   	nan   
100000   	2    	4.323400e-03	1     	2     	4     	8     	16    	32    	64    	126   	241   	447   	782   	1227  	1872  	2695  	3671  	4810  	5935  	6925  	7659  	8086  	8130  	7887  	7264  	6459  	5548  	4730  	3939  	3209  	2519  	1938  	1405  	984   	630   	377   	203   	90    	48    	23    	10    	4     	nan   	nan   
100000   	3    	4.692800e-03	1     	2     	4     	8     	16    	32    	63    	118   	217   	388   	670   	1143  	1817  	2711  	3908  	5266  	6729  	8005  	9117  	9632  	9614  	8851  	7664  	6361  	5026  	3925  	2933  	2034  	1331  	877   	594   	391   	254   	131   	83    	46    	20    	10    	5     	1     	1     	1     

