Criação das árvores ordenadas:
n_persons	index	time        
100000   	0    	5.818880e-02
100000   	1    	6.160720e-02
100000   	2    	5.420010e-02
100000   	3    	4.637260e-02

Procura de nós nas árvores:
n_persons	index	time        
100000   	0    	5.313970e-02
100000   	1    	5.944590e-02
100000   	2    	5.486730e-02
100000   	3    	4.815910e-02

Maior profundidade das árvores:
n_persons	index	time        	depth
100000   	0    	4.380200e-03	37   
100000   	1    	4.253200e-03	38   
100000   	2    	5.093100e-03	40   
100000   	3    	4.799500e-03	38   

Número de nós em cada nível:
n_persons	index	time        	lvl0  	lvl1  	lvl2  	lvl3  	lvl4  	lvl5  	lvl6  	lvl7  	lvl8  	lvl9  	lvl10 	lvl11 	lvl12 	lvl13 	lvl14 	lvl15 	lvl16 	lvl17 	lvl18 	lvl19 	lvl20 	lvl21 	lvl22 	lvl23 	lvl24 	lvl25 	lvl26 	lvl27 	lvl28 	lvl29 	lvl30 	lvl31 	lvl32 	lvl33 	lvl34 	lvl35 	lvl36 	lvl37 	lvl38 	lvl39 	lvl40 
100000   	0    	3.936900e-03	1     	2     	4     	8     	16    	32    	64    	125   	236   	427   	756   	1275  	2028  	3014  	4209  	5557  	6787  	7903  	8599  	8930  	8888  	8372  	7465  	6506  	5492  	4253  	3058  	2143  	1482  	982   	633   	361   	217   	96    	48    	21    	8     	2     	nan   	nan   	nan   
100000   	1    	3.950300e-03	1     	2     	4     	8     	16    	32    	62    	124   	235   	434   	775   	1263  	1995  	2876  	3960  	5257  	6534  	7785  	8656  	9231  	9053  	8407  	7551  	6475  	5258  	4132  	3151  	2281  	1585  	1105  	746   	461   	254   	136   	85    	42    	18    	9     	1     	nan   	nan   
100000   	2    	4.450400e-03	1     	2     	4     	8     	16    	32    	62    	121   	216   	391   	666   	1103  	1711  	2505  	3503  	4756  	6022  	7265  	8103  	8613  	8796  	8507  	7751  	6825  	5849  	4766  	3748  	2858  	2116  	1438  	924   	561   	341   	178   	112   	74    	32    	18    	3     	2     	1     
100000   	3    	4.513000e-03	1     	2     	4     	8     	16    	32    	63    	120   	225   	398   	660   	1042  	1612  	2381  	3364  	4452  	5650  	6775  	7632  	8240  	8499  	8581  	8190  	7499  	6480  	5284  	4202  	3096  	2161  	1418  	865   	499   	294   	139   	69    	28    	11    	7     	1     	nan   	nan   

