Criação das árvores ordenadas:
n_persons	index	time        
100000   	0    	5.515880e-02
100000   	1    	6.320230e-02
100000   	2    	5.492870e-02
100000   	3    	4.990900e-02

Procura de nós nas árvores:
n_persons	index	time        
100000   	0    	5.863410e-02
100000   	1    	6.208650e-02
100000   	2    	5.630950e-02
100000   	3    	5.090170e-02

Maior profundidade das árvores:
n_persons	index	time        	depth
100000   	0    	4.255400e-03	40   
100000   	1    	4.270000e-03	39   
100000   	2    	4.845600e-03	43   
100000   	3    	5.391000e-03	40   

Número de nós em cada nível:
n_persons	index	time        	lvl0  	lvl1  	lvl2  	lvl3  	lvl4  	lvl5  	lvl6  	lvl7  	lvl8  	lvl9  	lvl10 	lvl11 	lvl12 	lvl13 	lvl14 	lvl15 	lvl16 	lvl17 	lvl18 	lvl19 	lvl20 	lvl21 	lvl22 	lvl23 	lvl24 	lvl25 	lvl26 	lvl27 	lvl28 	lvl29 	lvl30 	lvl31 	lvl32 	lvl33 	lvl34 	lvl35 	lvl36 	lvl37 	lvl38 	lvl39 	lvl40 	lvl41 	lvl42 	lvl43 
100000   	0    	3.952600e-03	1     	2     	4     	8     	16    	32    	63    	122   	228   	406   	683   	1073  	1665  	2409  	3387  	4519  	5672  	6921  	7999  	8710  	8968  	8900  	8463  	7574  	6347  	4998  	3756  	2657  	1767  	1139  	695   	407   	218   	107   	43    	18    	8     	7     	5     	2     	1     	nan   	nan   	nan   
100000   	1    	3.866600e-03	1     	2     	4     	8     	16    	32    	61    	118   	216   	392   	675   	1099  	1746  	2580  	3605  	4703  	5886  	6980  	8019  	8611  	8764  	8607  	7934  	7239  	6206  	4954  	3755  	2611  	1889  	1278  	825   	503   	326   	202   	100   	37    	11    	3     	1     	1     	nan   	nan   	nan   	nan   
100000   	2    	4.402700e-03	1     	2     	4     	8     	16    	32    	62    	122   	231   	429   	750   	1276  	2068  	3133  	4384  	5680  	6958  	8208  	9039  	9316  	9098  	8474  	7516  	6245  	5000  	3782  	2753  	1910  	1279  	856   	551   	331   	190   	97    	58    	42    	37    	26    	15    	7     	5     	5     	3     	1     
100000   	3    	4.488700e-03	1     	2     	4     	8     	16    	32    	63    	119   	219   	397   	691   	1141  	1801  	2670  	3768  	5002  	6155  	7162  	7934  	8469  	8743  	8445  	7843  	6901  	5872  	4803  	3706  	2687  	1888  	1318  	848   	536   	337   	201   	104   	53    	33    	16    	10    	1     	1     	nan   	nan   	nan   

