Criação das árvores ordenadas:
n_persons	index	time        
100000   	0    	6.105050e-02
100000   	1    	6.778840e-02
100000   	2    	5.790540e-02
100000   	3    	4.703710e-02

Procura de nós nas árvores:
n_persons	index	time        
100000   	0    	5.694320e-02
100000   	1    	6.680980e-02
100000   	2    	5.921500e-02
100000   	3    	5.342720e-02

Maior profundidade das árvores:
n_persons	index	time        	depth
100000   	0    	4.583700e-03	41   
100000   	1    	4.483400e-03	38   
100000   	2    	5.510400e-03	39   
100000   	3    	5.066600e-03	39   

Número de nós em cada nível:
n_persons	index	time        	lvl0  	lvl1  	lvl2  	lvl3  	lvl4  	lvl5  	lvl6  	lvl7  	lvl8  	lvl9  	lvl10 	lvl11 	lvl12 	lvl13 	lvl14 	lvl15 	lvl16 	lvl17 	lvl18 	lvl19 	lvl20 	lvl21 	lvl22 	lvl23 	lvl24 	lvl25 	lvl26 	lvl27 	lvl28 	lvl29 	lvl30 	lvl31 	lvl32 	lvl33 	lvl34 	lvl35 	lvl36 	lvl37 	lvl38 	lvl39 	lvl40 	lvl41 
100000   	0    	3.920900e-03	1     	2     	4     	8     	16    	31    	58    	111   	205   	338   	557   	889   	1370  	2053  	2924  	4045  	5203  	6312  	7328  	8020  	8382  	8340  	7921  	7211  	6312  	5406  	4453  	3595  	2703  	1967  	1416  	985   	666   	468   	282   	175   	102   	68    	40    	21    	9     	3     
100000   	1    	3.863000e-03	1     	2     	4     	8     	16    	32    	63    	118   	221   	387   	687   	1132  	1765  	2641  	3715  	5010  	6200  	7370  	8370  	9118  	9313  	8851  	8071  	6934  	5604  	4402  	3248  	2372  	1683  	1096  	673   	409   	253   	128   	62    	21    	13    	6     	1     	nan   	nan   	nan   
100000   	2    	5.545900e-03	1     	2     	4     	8     	16    	32    	64    	121   	214   	389   	659   	1055  	1553  	2234  	3104  	4148  	5308  	6461  	7537  	8330  	8786  	8808  	8348  	7497  	6356  	5207  	4099  	3105  	2247  	1553  	1046  	684   	457   	282   	145   	64    	43    	21    	10    	2     	nan   	nan   
100000   	3    	4.483300e-03	1     	2     	4     	8     	16    	32    	60    	115   	210   	366   	636   	1056  	1659  	2447  	3486  	4615  	5839  	7003  	7754  	8386  	8631  	8465  	7909  	6970  	5993  	4970  	3983  	3049  	2189  	1521  	991   	630   	409   	266   	164   	83    	46    	20    	11    	5     	nan   	nan   

