Criação das árvores ordenadas:
n_persons	index	time        
100000   	0    	5.104630e-02
100000   	1    	6.338160e-02
100000   	2    	5.427470e-02
100000   	3    	5.099360e-02

Procura de nós nas árvores:
n_persons	index	time        
100000   	0    	5.834750e-02
100000   	1    	6.897470e-02
100000   	2    	1.051989e-01
100000   	3    	8.008260e-02

Maior profundidade das árvores:
n_persons	index	time        	depth
100000   	0    	5.141400e-03	40   
100000   	1    	4.851900e-03	36   
100000   	2    	4.895600e-03	41   
100000   	3    	4.982200e-03	36   

Número de nós em cada nível:
n_persons	index	time        	lvl0  	lvl1  	lvl2  	lvl3  	lvl4  	lvl5  	lvl6  	lvl7  	lvl8  	lvl9  	lvl10 	lvl11 	lvl12 	lvl13 	lvl14 	lvl15 	lvl16 	lvl17 	lvl18 	lvl19 	lvl20 	lvl21 	lvl22 	lvl23 	lvl24 	lvl25 	lvl26 	lvl27 	lvl28 	lvl29 	lvl30 	lvl31 	lvl32 	lvl33 	lvl34 	lvl35 	lvl36 	lvl37 	lvl38 	lvl39 	lvl40 	lvl41 
100000   	0    	4.180100e-03	1     	2     	4     	8     	16    	32    	62    	118   	227   	413   	722   	1176  	1805  	2570  	3536  	4525  	5636  	6567  	7252  	7740  	7895  	7715  	7303  	6733  	5987  	5085  	4230  	3468  	2771  	2145  	1560  	1079  	732   	438   	229   	106   	54    	33    	12    	10    	3     	nan   
100000   	1    	4.079500e-03	1     	2     	4     	8     	16    	32    	64    	127   	247   	457   	826   	1397  	2226  	3299  	4592  	6013  	7416  	8598  	9211  	9507  	9170  	8521  	7425  	6122  	4697  	3438  	2391  	1641  	1092  	665   	407   	216   	113   	41    	12    	5     	1     	nan   	nan   	nan   	nan   	nan   
100000   	2    	4.573300e-03	1     	2     	4     	8     	16    	32    	63    	124   	236   	437   	759   	1243  	1926  	2867  	3984  	5223  	6292  	7212  	8079  	8394  	8373  	8165  	7484  	6623  	5565  	4557  	3607  	2743  	2021  	1459  	992   	639   	401   	231   	126   	54    	26    	13    	9     	5     	3     	2     
100000   	3    	4.601400e-03	1     	2     	4     	8     	16    	32    	64    	127   	249   	462   	833   	1409  	2244  	3334  	4673  	6010  	7347  	8435  	9019  	9179  	8809  	8103  	6983  	5891  	4668  	3639  	2776  	1996  	1412  	946   	613   	364   	187   	92    	46    	20    	7     	nan   	nan   	nan   	nan   	nan   

