Criação das árvores ordenadas:
n_persons	index	time        
100000   	0    	8.138560e-02
100000   	1    	9.846550e-02
100000   	2    	7.873920e-02
100000   	3    	1.532020e-01

Procura de nós nas árvores:
n_persons	index	time        
100000   	0    	1.098556e-01
100000   	1    	7.757260e-02
100000   	2    	6.779300e-02
100000   	3    	6.451330e-02

Maior profundidade das árvores:
n_persons	index	time        	depth
100000   	0    	4.515200e-03	39   
100000   	1    	4.937900e-03	39   
100000   	2    	5.213000e-03	44   
100000   	3    	4.985600e-03	42   

Número de nós em cada nível:
n_persons	index	time        	lvl0  	lvl1  	lvl2  	lvl3  	lvl4  	lvl5  	lvl6  	lvl7  	lvl8  	lvl9  	lvl10 	lvl11 	lvl12 	lvl13 	lvl14 	lvl15 	lvl16 	lvl17 	lvl18 	lvl19 	lvl20 	lvl21 	lvl22 	lvl23 	lvl24 	lvl25 	lvl26 	lvl27 	lvl28 	lvl29 	lvl30 	lvl31 	lvl32 	lvl33 	lvl34 	lvl35 	lvl36 	lvl37 	lvl38 	lvl39 	lvl40 	lvl41 	lvl42 	lvl43 	lvl44 
100000   	0    	4.419400e-03	1     	2     	4     	8     	16    	32    	64    	126   	243   	443   	766   	1241  	1907  	2763  	3744  	4794  	5950  	7022  	7891  	8411  	8539  	8462  	8011  	7044  	5957  	4750  	3539  	2561  	1828  	1337  	919   	625   	411   	258   	151   	92    	55    	25    	7     	1     	nan   	nan   	nan   	nan   	nan   
100000   	1    	4.544300e-03	1     	2     	4     	8     	16    	32    	61    	116   	211   	377   	622   	986   	1493  	2200  	3048  	4130  	5277  	6393  	7349  	8031  	8448  	8457  	8043  	7303  	6422  	5394  	4334  	3463  	2607  	1844  	1292  	868   	527   	300   	161   	103   	45    	21    	8     	3     	nan   	nan   	nan   	nan   	nan   
100000   	2    	4.690600e-03	1     	2     	4     	8     	16    	32    	60    	114   	213   	376   	630   	1001  	1549  	2272  	3071  	3910  	4800  	5722  	6552  	7181  	7580  	7614  	7462  	7055  	6528  	5716  	4879  	4004  	3183  	2461  	1871  	1370  	971   	646   	411   	287   	188   	118   	73    	37    	20    	6     	4     	1     	1     
100000   	3    	5.099300e-03	1     	2     	4     	8     	16    	32    	64    	127   	239   	423   	749   	1202  	1848  	2607  	3557  	4653  	5721  	6697  	7517  	8037  	8156  	7861  	7417  	6722  	6013  	5127  	4223  	3367  	2564  	1840  	1314  	832   	483   	258   	147   	90    	40    	22    	8     	5     	4     	2     	1     	nan   	nan   

