Criação das árvores ordenadas:
n_persons	index	time        
100000   	0    	5.495550e-02
100000   	1    	6.551790e-02
100000   	2    	6.080320e-02
100000   	3    	5.021220e-02

Procura de nós nas árvores:
n_persons	index	time        
100000   	0    	6.232720e-02
100000   	1    	6.853790e-02
100000   	2    	6.445370e-02
100000   	3    	5.784910e-02

Maior profundidade das árvores:
n_persons	index	time        	depth
100000   	0    	6.880800e-03	41   
100000   	1    	6.445000e-03	38   
100000   	2    	7.773200e-03	37   
100000   	3    	7.658800e-03	39   

Número de nós em cada nível:
n_persons	index	time        	lvl0  	lvl1  	lvl2  	lvl3  	lvl4  	lvl5  	lvl6  	lvl7  	lvl8  	lvl9  	lvl10 	lvl11 	lvl12 	lvl13 	lvl14 	lvl15 	lvl16 	lvl17 	lvl18 	lvl19 	lvl20 	lvl21 	lvl22 	lvl23 	lvl24 	lvl25 	lvl26 	lvl27 	lvl28 	lvl29 	lvl30 	lvl31 	lvl32 	lvl33 	lvl34 	lvl35 	lvl36 	lvl37 	lvl38 	lvl39 	lvl40 	lvl41 
100000   	0    	6.399200e-03	1     	2     	4     	8     	16    	31    	61    	115   	220   	395   	703   	1173  	1827  	2708  	3780  	4928  	6051  	7033  	7723  	8072  	8177  	7994  	7469  	6651  	5718  	4773  	3823  	2954  	2324  	1766  	1256  	895   	586   	334   	182   	114   	65    	37    	17    	9     	4     	1     
100000   	1    	6.667200e-03	1     	2     	4     	8     	16    	32    	64    	124   	238   	435   	743   	1248  	2007  	3002  	4220  	5605  	6966  	8082  	8933  	9289  	8933  	8364  	7423  	6314  	5146  	3968  	2852  	2087  	1456  	990   	623   	394   	220   	111   	67    	22    	8     	2     	1     	nan   	nan   	nan   
100000   	2    	7.037400e-03	1     	2     	4     	8     	16    	32    	63    	123   	231   	429   	770   	1342  	2197  	3341  	4816  	6476  	8073  	9344  	10067 	9952  	9225  	8182  	6836  	5394  	4127  	3015  	2130  	1412  	919   	598   	372   	225   	144   	73    	38    	15    	5     	3     	nan   	nan   	nan   	nan   
100000   	3    	7.059700e-03	1     	2     	4     	8     	16    	32    	62    	121   	224   	408   	701   	1151  	1806  	2678  	3740  	4913  	6145  	7323  	8250  	8719  	8842  	8565  	7981  	6992  	5850  	4713  	3482  	2584  	1775  	1184  	741   	456   	227   	150   	73    	45    	21    	11    	3     	1     	nan   	nan   

