Criação das árvores ordenadas:
n_persons	index	time        
100000   	0    	5.313610e-02
100000   	1    	6.355010e-02
100000   	2    	5.905450e-02
100000   	3    	5.014100e-02

Procura de nós nas árvores:
n_persons	index	time        
100000   	0    	5.309780e-02
100000   	1    	6.232660e-02
100000   	2    	5.837700e-02
100000   	3    	6.462780e-02

Maior profundidade das árvores:
n_persons	index	time        	depth
100000   	0    	5.424500e-03	39   
100000   	1    	5.752400e-03	35   
100000   	2    	6.376700e-03	41   
100000   	3    	6.073600e-03	38   

Número de nós em cada nível:
n_persons	index	time        	lvl0  	lvl1  	lvl2  	lvl3  	lvl4  	lvl5  	lvl6  	lvl7  	lvl8  	lvl9  	lvl10 	lvl11 	lvl12 	lvl13 	lvl14 	lvl15 	lvl16 	lvl17 	lvl18 	lvl19 	lvl20 	lvl21 	lvl22 	lvl23 	lvl24 	lvl25 	lvl26 	lvl27 	lvl28 	lvl29 	lvl30 	lvl31 	lvl32 	lvl33 	lvl34 	lvl35 	lvl36 	lvl37 	lvl38 	lvl39 	lvl40 	lvl41 
100000   	0    	5.064500e-03	1     	2     	4     	8     	16    	30    	60    	117   	216   	387   	660   	1088  	1707  	2508  	3464  	4586  	5745  	6834  	7735  	8226  	8377  	8287  	7767  	7010  	6096  	5098  	4036  	3128  	2302  	1607  	1123  	733   	457   	282   	155   	81    	39    	18    	8     	2     	nan   	nan   
100000   	1    	6.007000e-03	1     	2     	4     	8     	16    	32    	63    	126   	246   	451   	796   	1304  	2012  	2989  	4095  	5324  	6594  	7735  	8580  	9056  	9235  	8824  	7868  	6705  	5536  	4208  	3002  	2098  	1383  	866   	463   	222   	98    	41    	11    	6     	nan   	nan   	nan   	nan   	nan   	nan   
100000   	2    	5.053900e-03	1     	2     	4     	8     	16    	32    	64    	127   	243   	448   	806   	1372  	2139  	3234  	4602  	6139  	7587  	8866  	9619  	9858  	9490  	8614  	7348  	5834  	4294  	3066  	2148  	1435  	924   	594   	383   	246   	163   	98    	66    	53    	40    	16    	12    	7     	1     	1     
100000   	3    	5.357400e-03	1     	2     	4     	8     	16    	32    	64    	125   	238   	449   	784   	1296  	2074  	3112  	4400  	5757  	7099  	8163  	8858  	9264  	9077  	8507  	7505  	6355  	5042  	3810  	2830  	1905  	1297  	825   	516   	295   	151   	77    	38    	15    	5     	3     	1     	nan   	nan   	nan   

