Criação das árvores ordenadas:
n_persons	index	time        
100000   	0    	5.780060e-02
100000   	1    	7.149590e-02
100000   	2    	5.537480e-02
100000   	3    	4.737000e-02

Procura de nós nas árvores:
n_persons	index	time        
100000   	0    	5.293910e-02
100000   	1    	7.203350e-02
100000   	2    	6.274670e-02
100000   	3    	5.826870e-02

Maior profundidade das árvores:
n_persons	index	time        	depth
100000   	0    	4.454200e-03	39   
100000   	1    	5.426600e-03	41   
100000   	2    	5.170500e-03	41   
100000   	3    	5.025000e-03	39   

Número de nós em cada nível:
n_persons	index	time        	lvl0  	lvl1  	lvl2  	lvl3  	lvl4  	lvl5  	lvl6  	lvl7  	lvl8  	lvl9  	lvl10 	lvl11 	lvl12 	lvl13 	lvl14 	lvl15 	lvl16 	lvl17 	lvl18 	lvl19 	lvl20 	lvl21 	lvl22 	lvl23 	lvl24 	lvl25 	lvl26 	lvl27 	lvl28 	lvl29 	lvl30 	lvl31 	lvl32 	lvl33 	lvl34 	lvl35 	lvl36 	lvl37 	lvl38 	lvl39 	lvl40 	lvl41 
100000   	0    	4.247400e-03	1     	2     	4     	8     	16    	32    	64    	121   	224   	409   	709   	1176  	1805  	2635  	3729  	4969  	6235  	7425  	8521  	9229  	9260  	8939  	8179  	7088  	5759  	4404  	3202  	2217  	1465  	935   	595   	331   	162   	72    	33    	23    	11    	5     	4     	2     	nan   	nan   
100000   	1    	4.464200e-03	1     	2     	4     	8     	16    	31    	62    	124   	234   	422   	689   	1080  	1616  	2353  	3153  	3965  	4886  	5756  	6568  	7174  	7524  	7634  	7585  	7150  	6531  	5775  	4922  	4028  	3174  	2443  	1764  	1225  	847   	505   	292   	194   	119   	63    	42    	23    	11    	5     
100000   	2    	4.652800e-03	1     	2     	4     	8     	16    	32    	63    	118   	220   	391   	644   	996   	1504  	2173  	2996  	3924  	4963  	6126  	7138  	7894  	8337  	8374  	8141  	7355  	6337  	5365  	4384  	3405  	2641  	1987  	1449  	1024  	689   	494   	347   	207   	133   	60    	36    	14    	7     	1     
100000   	3    	4.416200e-03	1     	2     	4     	8     	16    	32    	64    	117   	218   	375   	618   	924   	1397  	2031  	2891  	3833  	4934  	6072  	7152  	7968  	8439  	8646  	8357  	7710  	6724  	5677  	4528  	3516  	2572  	1840  	1251  	869   	580   	334   	181   	65    	31    	14    	7     	2     	nan   	nan   

