Criação das árvores ordenadas:
n_persons	index	time        
100000   	0    	5.054780e-02
100000   	1    	6.327580e-02
100000   	2    	5.543470e-02
100000   	3    	5.086960e-02

Procura de nós nas árvores:
n_persons	index	time        
100000   	0    	5.201490e-02
100000   	1    	6.851860e-02
100000   	2    	5.617940e-02
100000   	3    	5.032260e-02

Maior profundidade das árvores:
n_persons	index	time        	depth
100000   	0    	4.589800e-03	39   
100000   	1    	4.495500e-03	41   
100000   	2    	4.804200e-03	38   
100000   	3    	5.044700e-03	37   

Número de nós em cada nível:
n_persons	index	time        	lvl0  	lvl1  	lvl2  	lvl3  	lvl4  	lvl5  	lvl6  	lvl7  	lvl8  	lvl9  	lvl10 	lvl11 	lvl12 	lvl13 	lvl14 	lvl15 	lvl16 	lvl17 	lvl18 	lvl19 	lvl20 	lvl21 	lvl22 	lvl23 	lvl24 	lvl25 	lvl26 	lvl27 	lvl28 	lvl29 	lvl30 	lvl31 	lvl32 	lvl33 	lvl34 	lvl35 	lvl36 	lvl37 	lvl38 	lvl39 	lvl40 	lvl41 
100000   	0    	4.313500e-03	1     	2     	4     	8     	16    	32    	64    	127   	239   	453   	810   	1344  	2137  	3177  	4332  	5485  	6642  	7780  	8321  	8605  	8540  	8187  	7388  	6465  	5300  	4201  	3164  	2398  	1723  	1184  	773   	484   	273   	161   	93    	46    	23    	14    	3     	1     	nan   	nan   
100000   	1    	4.027600e-03	1     	2     	4     	8     	16    	32    	62    	116   	214   	387   	655   	1046  	1633  	2356  	3275  	4272  	5360  	6391  	7213  	7823  	8152  	8264  	7974  	7341  	6491  	5435  	4405  	3420  	2512  	1758  	1239  	857   	531   	316   	201   	114   	62    	37    	16    	7     	1     	1     
100000   	2    	4.301000e-03	1     	2     	4     	8     	14    	28    	56    	110   	212   	382   	650   	1063  	1682  	2487  	3532  	4789  	6156  	7484  	8504  	9208  	9378  	9065  	8360  	7212  	5928  	4551  	3300  	2259  	1474  	871   	526   	304   	180   	112   	62    	26    	12    	5     	3     	nan   	nan   	nan   
100000   	3    	4.555000e-03	1     	2     	4     	8     	16    	32    	63    	123   	235   	437   	786   	1286  	2013  	2997  	4165  	5458  	6784  	7940  	8774  	9259  	9259  	8701  	7766  	6515  	5249  	4099  	2942  	1992  	1318  	820   	454   	238   	137   	76    	30    	15    	5     	1     	nan   	nan   	nan   	nan   

