Criação das árvores ordenadas:
n_persons	index	time        
100000   	0    	5.261950e-02
100000   	1    	6.238350e-02
100000   	2    	5.350350e-02
100000   	3    	4.809450e-02

Procura de nós nas árvores:
n_persons	index	time        
100000   	0    	5.676890e-02
100000   	1    	6.608300e-02
100000   	2    	5.641460e-02
100000   	3    	6.012060e-02

Maior profundidade das árvores:
n_persons	index	time        	depth
100000   	0    	4.699500e-03	38   
100000   	1    	5.618800e-03	36   
100000   	2    	5.417800e-03	37   
100000   	3    	5.155900e-03	39   

Número de nós em cada nível:
n_persons	index	time        	lvl0  	lvl1  	lvl2  	lvl3  	lvl4  	lvl5  	lvl6  	lvl7  	lvl8  	lvl9  	lvl10 	lvl11 	lvl12 	lvl13 	lvl14 	lvl15 	lvl16 	lvl17 	lvl18 	lvl19 	lvl20 	lvl21 	lvl22 	lvl23 	lvl24 	lvl25 	lvl26 	lvl27 	lvl28 	lvl29 	lvl30 	lvl31 	lvl32 	lvl33 	lvl34 	lvl35 	lvl36 	lvl37 	lvl38 	lvl39 
100000   	0    	4.169200e-03	1     	2     	4     	8     	16    	31    	55    	102   	193   	343   	587   	982   	1592  	2319  	3266  	4442  	5715  	7040  	7985  	8787  	9001  	8758  	8146  	7334  	6299  	5132  	3921  	2877  	1970  	1263  	792   	486   	285   	151   	73    	26    	11    	4     	1     	nan   
100000   	1    	4.558100e-03	1     	2     	4     	8     	16    	32    	64    	125   	240   	443   	789   	1334  	2097  	3100  	4367  	5831  	7416  	8675  	9694  	10102 	9784  	9013  	7669  	6100  	4570  	3297  	2209  	1330  	774   	451   	238   	127   	53    	21    	14    	7     	3     	nan   	nan   	nan   
100000   	2    	4.783700e-03	1     	2     	4     	8     	16    	32    	64    	124   	227   	399   	689   	1138  	1783  	2653  	3813  	5068  	6331  	7516  	8643  	9286  	9332  	9035  	8259  	7091  	5646  	4183  	3003  	2051  	1438  	905   	547   	333   	203   	99    	45    	20    	10    	3     	nan   	nan   
100000   	3    	4.459900e-03	1     	2     	4     	8     	16    	32    	64    	123   	232   	412   	706   	1141  	1794  	2614  	3654  	4881  	6061  	7152  	8121  	8603  	8660  	8453  	7857  	7000  	5881  	4832  	3686  	2784  	1946  	1306  	807   	506   	309   	172   	92    	52    	19    	10    	5     	2     

