Criação das árvores ordenadas:
n_persons	index	time        
100000   	0    	5.147000e-02
100000   	1    	6.670420e-02
100000   	2    	5.446270e-02
100000   	3    	4.839140e-02

Procura de nós nas árvores:
n_persons	index	time        
100000   	0    	6.248390e-02
100000   	1    	6.917790e-02
100000   	2    	5.958770e-02
100000   	3    	5.360060e-02

Maior profundidade das árvores:
n_persons	index	time        	depth
100000   	0    	4.436400e-03	39   
100000   	1    	4.299500e-03	41   
100000   	2    	4.985400e-03	38   
100000   	3    	5.077900e-03	37   

Número de nós em cada nível:
n_persons	index	time        	lvl0  	lvl1  	lvl2  	lvl3  	lvl4  	lvl5  	lvl6  	lvl7  	lvl8  	lvl9  	lvl10 	lvl11 	lvl12 	lvl13 	lvl14 	lvl15 	lvl16 	lvl17 	lvl18 	lvl19 	lvl20 	lvl21 	lvl22 	lvl23 	lvl24 	lvl25 	lvl26 	lvl27 	lvl28 	lvl29 	lvl30 	lvl31 	lvl32 	lvl33 	lvl34 	lvl35 	lvl36 	lvl37 	lvl38 	lvl39 	lvl40 	lvl41 
100000   	0    	3.803500e-03	1     	2     	4     	8     	16    	32    	63    	124   	246   	452   	787   	1295  	2013  	2948  	4030  	5301  	6486  	7492  	8328  	8789  	8748  	8319  	7584  	6561  	5408  	4272  	3284  	2500  	1788  	1236  	808   	489   	293   	155   	73    	35    	20    	5     	3     	2     	nan   	nan   
100000   	1    	3.794200e-03	1     	2     	4     	8     	16    	32    	64    	124   	229   	399   	674   	1071  	1626  	2365  	3235  	4280  	5369  	6413  	7330  	7914  	8283  	8222  	7855  	7094  	6221  	5217  	4230  	3369  	2575  	1924  	1380  	966   	612   	380   	228   	129   	70    	52    	25    	7     	4     	1     
100000   	2    	4.380600e-03	1     	2     	4     	8     	16    	32    	62    	117   	218   	393   	685   	1169  	1838  	2795  	3892  	5166  	6483  	7689  	8685  	9252  	9298  	8853  	8031  	6800  	5552  	4238  	3069  	2059  	1411  	884   	528   	348   	201   	117   	57    	29    	13    	4     	1     	nan   	nan   	nan   
100000   	3    	4.559500e-03	1     	2     	4     	8     	16    	31    	61    	116   	219   	380   	638   	1054  	1640  	2515  	3652  	4966  	6359  	7708  	8739  	9516  	9543  	9144  	8115  	6755  	5383  	4163  	3092  	2192  	1506  	986   	648   	384   	217   	121   	64    	37    	19    	6     	nan   	nan   	nan   	nan   

