Criação das árvores ordenadas:
n_persons	index	time        
100000   	0    	5.255800e-02
100000   	1    	6.654880e-02
100000   	2    	5.652290e-02
100000   	3    	4.830740e-02

Procura de nós nas árvores:
n_persons	index	time        
100000   	0    	5.333200e-02
100000   	1    	6.287530e-02
100000   	2    	5.878710e-02
100000   	3    	5.109380e-02

Maior profundidade das árvores:
n_persons	index	time        	depth
100000   	0    	5.053600e-03	40   
100000   	1    	4.691100e-03	43   
100000   	2    	5.273100e-03	40   
100000   	3    	5.581300e-03	38   

Número de nós em cada nível:
n_persons	index	time        	lvl0  	lvl1  	lvl2  	lvl3  	lvl4  	lvl5  	lvl6  	lvl7  	lvl8  	lvl9  	lvl10 	lvl11 	lvl12 	lvl13 	lvl14 	lvl15 	lvl16 	lvl17 	lvl18 	lvl19 	lvl20 	lvl21 	lvl22 	lvl23 	lvl24 	lvl25 	lvl26 	lvl27 	lvl28 	lvl29 	lvl30 	lvl31 	lvl32 	lvl33 	lvl34 	lvl35 	lvl36 	lvl37 	lvl38 	lvl39 	lvl40 	lvl41 	lvl42 	lvl43 
100000   	0    	4.197600e-03	1     	2     	4     	8     	16    	32    	63    	125   	228   	405   	678   	1097  	1640  	2424  	3451  	4498  	5663  	6878  	7913  	8531  	8734  	8600  	7987  	7216  	6193  	4962  	3789  	2836  	2078  	1450  	998   	623   	387   	233   	133   	65    	33    	16    	6     	3     	1     	nan   	nan   	nan   
100000   	1    	4.087500e-03	1     	2     	4     	8     	15    	29    	49    	94    	171   	287   	454   	699   	1029  	1498  	1997  	2557  	3213  	3928  	4674  	5392  	6080  	6688  	7141  	7282  	7287  	7008  	6463  	5812  	4967  	4147  	3306  	2552  	1836  	1295  	846   	543   	302   	162   	91    	52    	26    	9     	2     	2     
100000   	2    	5.045200e-03	1     	2     	4     	8     	16    	32    	58    	109   	198   	343   	568   	908   	1365  	1909  	2628  	3503  	4470  	5587  	6679  	7768  	8538  	8853  	8839  	8134  	7156  	5951  	4771  	3743  	2782  	1991  	1302  	833   	430   	257   	127   	65    	34    	19    	8     	7     	4     	nan   	nan   	nan   
100000   	3    	4.784900e-03	1     	2     	4     	8     	16    	32    	63    	123   	227   	415   	715   	1194  	1893  	2846  	4071  	5437  	6799  	7983  	8944  	9305  	9331  	8837  	7736  	6499  	5063  	3785  	2817  	1970  	1375  	947   	616   	412   	248   	149   	79    	36    	15    	4     	3     	nan   	nan   	nan   	nan   	nan   

