Criação das árvores ordenadas:
n_persons	index	time        
100000   	0    	5.038230e-02
100000   	1    	6.604790e-02
100000   	2    	5.652650e-02
100000   	3    	4.786930e-02

Procura de nós nas árvores:
n_persons	index	time        
100000   	0    	5.368130e-02
100000   	1    	5.919390e-02
100000   	2    	5.524340e-02
100000   	3    	4.956770e-02

Maior profundidade das árvores:
n_persons	index	time        	depth
100000   	0    	4.369000e-03	39   
100000   	1    	4.291600e-03	37   
100000   	2    	5.334800e-03	36   
100000   	3    	5.111700e-03	40   

Número de nós em cada nível:
n_persons	index	time        	lvl0  	lvl1  	lvl2  	lvl3  	lvl4  	lvl5  	lvl6  	lvl7  	lvl8  	lvl9  	lvl10 	lvl11 	lvl12 	lvl13 	lvl14 	lvl15 	lvl16 	lvl17 	lvl18 	lvl19 	lvl20 	lvl21 	lvl22 	lvl23 	lvl24 	lvl25 	lvl26 	lvl27 	lvl28 	lvl29 	lvl30 	lvl31 	lvl32 	lvl33 	lvl34 	lvl35 	lvl36 	lvl37 	lvl38 	lvl39 	lvl40 
100000   	0    	3.963700e-03	1     	2     	4     	8     	16    	32    	63    	120   	235   	435   	775   	1241  	1894  	2792  	3836  	5014  	6248  	7364  	8231  	8738  	8849  	8533  	7729  	6822  	5684  	4663  	3478  	2526  	1768  	1168  	710   	435   	250   	161   	92    	45    	24    	9     	4     	1     	nan   
100000   	1    	3.917200e-03	1     	2     	4     	8     	16    	32    	63    	116   	208   	376   	626   	1011  	1550  	2244  	3082  	3955  	4875  	5709  	6458  	7345  	8007  	8472  	8387  	8165  	7349  	6233  	5052  	3851  	2674  	1759  	1091  	664   	333   	162   	81    	27    	11    	1     	nan   	nan   	nan   
100000   	2    	4.507600e-03	1     	2     	4     	8     	16    	32    	64    	127   	237   	408   	686   	1104  	1730  	2550  	3526  	4783  	6083  	7333  	8335  	8989  	9187  	8907  	8240  	7215  	6060  	4751  	3437  	2387  	1531  	986   	596   	325   	180   	100   	53    	21    	6     	nan   	nan   	nan   	nan   
100000   	3    	4.477300e-03	1     	2     	4     	8     	16    	32    	61    	113   	204   	369   	594   	994   	1594  	2440  	3533  	4782  	6058  	7169  	7985  	8320  	8215  	7864  	7256  	6430  	5599  	4788  	3990  	3164  	2508  	1837  	1358  	1004  	707   	440   	277   	151   	85    	35    	8     	3     	2     

