Criação das árvores ordenadas:
n_persons	index	time        
100000   	0    	5.440640e-02
100000   	1    	6.699130e-02
100000   	2    	5.583680e-02
100000   	3    	5.030980e-02

Procura de nós nas árvores:
n_persons	index	time        
100000   	0    	5.767090e-02
100000   	1    	6.685740e-02
100000   	2    	6.168830e-02
100000   	3    	4.944190e-02

Maior profundidade das árvores:
n_persons	index	time        	depth
100000   	0    	4.330200e-03	39   
100000   	1    	4.716400e-03	38   
100000   	2    	5.940200e-03	43   
100000   	3    	5.457500e-03	37   

Número de nós em cada nível:
n_persons	index	time        	lvl0  	lvl1  	lvl2  	lvl3  	lvl4  	lvl5  	lvl6  	lvl7  	lvl8  	lvl9  	lvl10 	lvl11 	lvl12 	lvl13 	lvl14 	lvl15 	lvl16 	lvl17 	lvl18 	lvl19 	lvl20 	lvl21 	lvl22 	lvl23 	lvl24 	lvl25 	lvl26 	lvl27 	lvl28 	lvl29 	lvl30 	lvl31 	lvl32 	lvl33 	lvl34 	lvl35 	lvl36 	lvl37 	lvl38 	lvl39 	lvl40 	lvl41 	lvl42 	lvl43 
100000   	0    	4.375600e-03	1     	2     	4     	8     	16    	32    	63    	119   	223   	398   	694   	1138  	1819  	2728  	3937  	5300  	6644  	7895  	8743  	9082  	8989  	8446  	7535  	6447  	5474  	4397  	3268  	2358  	1596  	1025  	616   	405   	247   	155   	97    	48    	27    	16    	7     	1     	nan   	nan   	nan   	nan   
100000   	1    	4.500500e-03	1     	2     	4     	8     	16    	32    	61    	116   	209   	356   	596   	947   	1465  	2163  	2913  	3827  	4793  	5702  	6490  	7262  	7742  	8139  	8240  	7718  	6941  	6018  	4972  	3943  	2974  	2162  	1550  	1057  	657   	424   	280   	137   	55    	24    	4     	nan   	nan   	nan   	nan   	nan   
100000   	2    	4.478600e-03	1     	2     	4     	8     	16    	31    	57    	91    	154   	239   	360   	556   	800   	1146  	1621  	2208  	2925  	3737  	4691  	5603  	6426  	7109  	7568  	7563  	7451  	7137  	6556  	5997  	5017  	4127  	3306  	2549  	1794  	1243  	797   	501   	311   	169   	71    	35    	13    	5     	2     	3     
100000   	3    	4.747400e-03	1     	2     	4     	8     	16    	32    	61    	116   	215   	381   	615   	967   	1418  	2041  	2881  	3847  	4916  	6114  	7281  	8275  	8880  	9179  	8862  	8102  	7045  	5772  	4326  	3071  	2098  	1400  	910   	543   	310   	159   	97    	41    	11    	3     	nan   	nan   	nan   	nan   	nan   	nan   

