Criação das árvores ordenadas:
n_persons	index	time        
100000   	0    	6.290240e-02
100000   	1    	7.036290e-02
100000   	2    	5.561580e-02
100000   	3    	4.882560e-02

Procura de nós nas árvores:
n_persons	index	time        
100000   	0    	5.301850e-02
100000   	1    	6.152690e-02
100000   	2    	5.690990e-02
100000   	3    	5.061900e-02

Maior profundidade das árvores:
n_persons	index	time        	depth
100000   	0    	4.785600e-03	37   
100000   	1    	4.584200e-03	38   
100000   	2    	5.020800e-03	38   
100000   	3    	5.119200e-03	40   

Número de nós em cada nível:
n_persons	index	time        	lvl0  	lvl1  	lvl2  	lvl3  	lvl4  	lvl5  	lvl6  	lvl7  	lvl8  	lvl9  	lvl10 	lvl11 	lvl12 	lvl13 	lvl14 	lvl15 	lvl16 	lvl17 	lvl18 	lvl19 	lvl20 	lvl21 	lvl22 	lvl23 	lvl24 	lvl25 	lvl26 	lvl27 	lvl28 	lvl29 	lvl30 	lvl31 	lvl32 	lvl33 	lvl34 	lvl35 	lvl36 	lvl37 	lvl38 	lvl39 	lvl40 
100000   	0    	3.939000e-03	1     	2     	4     	8     	16    	31    	62    	122   	230   	426   	752   	1247  	1989  	2983  	4188  	5532  	6809  	7869  	8600  	8924  	8766  	8214  	7375  	6379  	5270  	4244  	3217  	2355  	1661  	1183  	756   	427   	202   	90    	40    	20    	4     	2     	nan   	nan   	nan   
100000   	1    	4.027700e-03	1     	2     	4     	8     	16    	32    	56    	96    	168   	294   	487   	790   	1292  	2042  	3055  	4324  	5731  	7025  	8224  	9008  	9544  	9333  	8625  	7619  	6311  	4942  	3598  	2646  	1806  	1200  	752   	441   	260   	137   	78    	33    	13    	5     	2     	nan   	nan   
100000   	2    	4.548100e-03	1     	2     	4     	8     	16    	32    	64    	126   	238   	444   	801   	1319  	2100  	3115  	4299  	5651  	7080  	8321  	9166  	9455  	9357  	8799  	7720  	6425  	5069  	3688  	2565  	1752  	1082  	627   	352   	163   	85    	45    	14    	8     	4     	2     	1     	nan   	nan   
100000   	3    	4.700700e-03	1     	2     	4     	8     	16    	30    	60    	112   	214   	376   	682   	1130  	1717  	2538  	3496  	4540  	5582  	6454  	7302  	7927  	8268  	8232  	7724  	6899  	6092  	5171  	4230  	3348  	2554  	1840  	1304  	854   	513   	348   	217   	113   	58    	25    	11    	5     	3     

