Criação das árvores ordenadas:
n_persons	index	time        
100000   	0    	5.085580e-02
100000   	1    	6.172160e-02
100000   	2    	5.531030e-02
100000   	3    	4.727730e-02

Procura de nós nas árvores:
n_persons	index	time        
100000   	0    	5.464970e-02
100000   	1    	6.480570e-02
100000   	2    	5.945820e-02
100000   	3    	5.065380e-02

Maior profundidade das árvores:
n_persons	index	time        	depth
100000   	0    	4.456700e-03	37   
100000   	1    	4.375200e-03	38   
100000   	2    	5.981900e-03	42   
100000   	3    	5.204800e-03	41   

Número de nós em cada nível:
n_persons	index	time        	lvl0  	lvl1  	lvl2  	lvl3  	lvl4  	lvl5  	lvl6  	lvl7  	lvl8  	lvl9  	lvl10 	lvl11 	lvl12 	lvl13 	lvl14 	lvl15 	lvl16 	lvl17 	lvl18 	lvl19 	lvl20 	lvl21 	lvl22 	lvl23 	lvl24 	lvl25 	lvl26 	lvl27 	lvl28 	lvl29 	lvl30 	lvl31 	lvl32 	lvl33 	lvl34 	lvl35 	lvl36 	lvl37 	lvl38 	lvl39 	lvl40 	lvl41 	lvl42 
100000   	0    	4.113700e-03	1     	2     	4     	8     	16    	32    	63    	120   	224   	389   	670   	1103  	1709  	2505  	3411  	4617  	5883  	7074  	8206  	8938  	9232  	8949  	8319  	7118  	5990  	4786  	3544  	2485  	1714  	1160  	766   	485   	276   	125   	48    	22    	5     	1     	nan   	nan   	nan   	nan   	nan   
100000   	1    	4.342400e-03	1     	2     	4     	8     	16    	32    	64    	123   	227   	399   	677   	1092  	1668  	2488  	3495  	4653  	5930  	7199  	8219  	8851  	9056  	8774  	8084  	6961  	5875  	4777  	3660  	2635  	1877  	1303  	795   	502   	286   	149   	70    	32    	12    	3     	1     	nan   	nan   	nan   	nan   
100000   	2    	4.512400e-03	1     	2     	4     	8     	16    	32    	60    	115   	220   	400   	680   	1109  	1743  	2481  	3338  	4319  	5261  	6187  	6909  	7457  	7720  	7700  	7490  	7061  	6177  	5350  	4446  	3631  	2882  	2254  	1640  	1204  	836   	495   	317   	192   	115   	70    	45    	16    	9     	4     	4     
100000   	3    	4.423300e-03	1     	2     	4     	8     	16    	32    	64    	127   	243   	453   	819   	1382  	2205  	3294  	4665  	6196  	7626  	8818  	9554  	9569  	9062  	7994  	6744  	5512  	4205  	3129  	2285  	1622  	1162  	877   	667   	517   	380   	266   	193   	139   	77    	50    	22    	13    	5     	1     	nan   

