Criação das árvores ordenadas:
n_persons	index	time        
100000   	0    	5.421580e-02
100000   	1    	6.390500e-02
100000   	2    	5.508200e-02
100000   	3    	5.038110e-02

Procura de nós nas árvores:
n_persons	index	time        
100000   	0    	5.288430e-02
100000   	1    	6.221300e-02
100000   	2    	5.564470e-02
100000   	3    	4.917000e-02

Maior profundidade das árvores:
n_persons	index	time        	depth
100000   	0    	4.263700e-03	40   
100000   	1    	4.584200e-03	40   
100000   	2    	5.176100e-03	39   
100000   	3    	4.935600e-03	44   

Número de nós em cada nível:
n_persons	index	time        	lvl0  	lvl1  	lvl2  	lvl3  	lvl4  	lvl5  	lvl6  	lvl7  	lvl8  	lvl9  	lvl10 	lvl11 	lvl12 	lvl13 	lvl14 	lvl15 	lvl16 	lvl17 	lvl18 	lvl19 	lvl20 	lvl21 	lvl22 	lvl23 	lvl24 	lvl25 	lvl26 	lvl27 	lvl28 	lvl29 	lvl30 	lvl31 	lvl32 	lvl33 	lvl34 	lvl35 	lvl36 	lvl37 	lvl38 	lvl39 	lvl40 	lvl41 	lvl42 	lvl43 	lvl44 
100000   	0    	4.003400e-03	1     	2     	4     	8     	16    	32    	64    	118   	206   	355   	595   	953   	1486  	2175  	3079  	4153  	5338  	6474  	7631  	8506  	8930  	8925  	8419  	7707  	6669  	5308  	4145  	3047  	2140  	1395  	912   	550   	331   	173   	86    	38    	18    	5     	4     	1     	1     	nan   	nan   	nan   	nan   
100000   	1    	4.856000e-03	1     	2     	4     	8     	16    	32    	64    	127   	237   	411   	669   	1087  	1685  	2470  	3365  	4405  	5559  	6862  	7927  	8456  	8789  	8756  	8218  	7370  	6372  	5242  	4051  	2849  	1950  	1261  	766   	455   	287   	143   	59    	26    	10    	5     	1     	1     	2     	nan   	nan   	nan   	nan   
100000   	2    	4.592000e-03	1     	2     	4     	8     	16    	32    	64    	127   	242   	438   	734   	1197  	1843  	2599  	3449  	4381  	5333  	6212  	6996  	7639  	7979  	7994  	7924  	7256  	6456  	5506  	4531  	3534  	2604  	1819  	1200  	770   	477   	273   	163   	99    	56    	23    	15    	4     	nan   	nan   	nan   	nan   	nan   
100000   	3    	4.519200e-03	1     	2     	4     	8     	16    	32    	64    	120   	220   	397   	666   	1080  	1650  	2362  	3177  	4161  	4992  	5798  	6522  	7000  	7369  	7379  	7183  	6917  	6405  	5759  	5076  	4298  	3453  	2675  	1898  	1312  	847   	551   	299   	165   	74    	33    	20    	5     	3     	2     	3     	1     	1     

