Criação das árvores ordenadas:
n_persons	index	time        
100000   	0    	5.336920e-02
100000   	1    	6.467000e-02
100000   	2    	5.601890e-02
100000   	3    	4.948480e-02

Procura de nós nas árvores:
n_persons	index	time        
100000   	0    	5.343480e-02
100000   	1    	6.631530e-02
100000   	2    	5.883420e-02
100000   	3    	5.244290e-02

Maior profundidade das árvores:
n_persons	index	time        	depth
100000   	0    	4.737000e-03	40   
100000   	1    	4.276300e-03	35   
100000   	2    	5.015600e-03	39   
100000   	3    	5.028100e-03	43   

Número de nós em cada nível:
n_persons	index	time        	lvl0  	lvl1  	lvl2  	lvl3  	lvl4  	lvl5  	lvl6  	lvl7  	lvl8  	lvl9  	lvl10 	lvl11 	lvl12 	lvl13 	lvl14 	lvl15 	lvl16 	lvl17 	lvl18 	lvl19 	lvl20 	lvl21 	lvl22 	lvl23 	lvl24 	lvl25 	lvl26 	lvl27 	lvl28 	lvl29 	lvl30 	lvl31 	lvl32 	lvl33 	lvl34 	lvl35 	lvl36 	lvl37 	lvl38 	lvl39 	lvl40 	lvl41 	lvl42 	lvl43 
100000   	0    	4.387400e-03	1     	2     	4     	8     	16    	32    	62    	116   	209   	360   	602   	958   	1425  	2047  	2780  	3666  	4640  	5646  	6580  	7410  	8115  	8353  	8213  	7756  	7013  	6035  	4897  	3843  	2946  	2107  	1490  	1089  	677   	425   	253   	132   	60    	22    	7     	2     	1     	nan   	nan   	nan   
100000   	1    	3.943800e-03	1     	2     	4     	8     	16    	32    	63    	118   	211   	369   	641   	1081  	1745  	2689  	3894  	5247  	6654  	8015  	9014  	9600  	9587  	8963  	7933  	6750  	5411  	4087  	2976  	2005  	1264  	795   	395   	221   	127   	55    	20    	7     	nan   	nan   	nan   	nan   	nan   	nan   	nan   	nan   
100000   	2    	4.536200e-03	1     	2     	4     	8     	16    	32    	64    	127   	251   	477   	851   	1443  	2311  	3444  	4796  	6069  	7330  	8318  	9048  	9246  	9045  	8335  	7393  	6129  	4830  	3611  	2469  	1698  	1091  	678   	405   	230   	125   	62    	34    	13    	6     	5     	2     	1     	nan   	nan   	nan   	nan   
100000   	3    	5.182900e-03	1     	2     	4     	8     	16    	32    	63    	117   	204   	333   	504   	785   	1171  	1667  	2332  	3267  	4364  	5650  	7001  	8291  	9179  	9621  	9214  	8246  	7080  	5841  	4514  	3370  	2403  	1662  	1179  	744   	461   	292   	185   	95    	48    	30    	13    	2     	2     	2     	4     	1     

