Criação das árvores ordenadas:
n_persons	index	time        
100000   	0    	5.586580e-02
100000   	1    	6.795920e-02
100000   	2    	5.750510e-02
100000   	3    	4.985450e-02

Procura de nós nas árvores:
n_persons	index	time        
100000   	0    	5.700770e-02
100000   	1    	6.742120e-02
100000   	2    	6.047510e-02
100000   	3    	9.877320e-02

Maior profundidade das árvores:
n_persons	index	time        	depth
100000   	0    	1.650090e-02	37   
100000   	1    	6.011700e-03	39   
100000   	2    	6.925800e-03	37   
100000   	3    	6.873500e-03	38   

Número de nós em cada nível:
n_persons	index	time        	lvl0  	lvl1  	lvl2  	lvl3  	lvl4  	lvl5  	lvl6  	lvl7  	lvl8  	lvl9  	lvl10 	lvl11 	lvl12 	lvl13 	lvl14 	lvl15 	lvl16 	lvl17 	lvl18 	lvl19 	lvl20 	lvl21 	lvl22 	lvl23 	lvl24 	lvl25 	lvl26 	lvl27 	lvl28 	lvl29 	lvl30 	lvl31 	lvl32 	lvl33 	lvl34 	lvl35 	lvl36 	lvl37 	lvl38 	lvl39 
100000   	0    	5.002000e-03	1     	2     	4     	8     	16    	32    	60    	115   	213   	387   	688   	1144  	1857  	2758  	3906  	5161  	6421  	7664  	8663  	9273  	9326  	8850  	8003  	6908  	5610  	4325  	3142  	2175  	1411  	855   	504   	260   	149   	69    	30    	6     	3     	1     	nan   	nan   
100000   	1    	5.211300e-03	1     	2     	4     	8     	16    	32    	63    	122   	224   	393   	668   	1074  	1605  	2243  	3045  	3921  	4857  	5906  	6807  	7540  	7959  	8087  	8000  	7627  	6886  	6038  	4905  	3819  	2826  	1996  	1360  	826   	520   	306   	162   	84    	42    	21    	3     	2     
100000   	2    	7.007800e-03	1     	2     	4     	8     	16    	32    	64    	127   	242   	441   	774   	1259  	1966  	2884  	3976  	5203  	6416  	7585  	8486  	8986  	8932  	8554  	7740  	6678  	5588  	4345  	3294  	2360  	1574  	1013  	640   	355   	209   	134   	62    	32    	12    	6     	nan   	nan   
100000   	3    	6.899000e-03	1     	2     	4     	8     	16    	32    	64    	124   	233   	424   	739   	1239  	1933  	2877  	4008  	5343  	6736  	7957  	8844  	9401  	9432  	8899  	7955  	6737  	5267  	3885  	2810  	1905  	1255  	831   	485   	271   	142   	80    	37    	13    	7     	3     	1     	nan   

