Criação das árvores ordenadas:
n_persons	index	time        
100000   	0    	6.550320e-02
100000   	1    	6.609140e-02
100000   	2    	5.443130e-02
100000   	3    	4.664270e-02

Procura de nós nas árvores:
n_persons	index	time        
100000   	0    	5.620550e-02
100000   	1    	6.821820e-02
100000   	2    	5.818630e-02
100000   	3    	5.599890e-02

Maior profundidade das árvores:
n_persons	index	time        	depth
100000   	0    	4.730900e-03	38   
100000   	1    	4.373700e-03	42   
100000   	2    	5.184500e-03	41   
100000   	3    	5.198800e-03	39   

Número de nós em cada nível:
n_persons	index	time        	lvl0  	lvl1  	lvl2  	lvl3  	lvl4  	lvl5  	lvl6  	lvl7  	lvl8  	lvl9  	lvl10 	lvl11 	lvl12 	lvl13 	lvl14 	lvl15 	lvl16 	lvl17 	lvl18 	lvl19 	lvl20 	lvl21 	lvl22 	lvl23 	lvl24 	lvl25 	lvl26 	lvl27 	lvl28 	lvl29 	lvl30 	lvl31 	lvl32 	lvl33 	lvl34 	lvl35 	lvl36 	lvl37 	lvl38 	lvl39 	lvl40 	lvl41 	lvl42 
100000   	0    	3.890800e-03	1     	2     	4     	8     	16    	31    	51    	83    	141   	235   	403   	687   	1118  	1737  	2526  	3535  	4590  	5771  	6911  	7876  	8661  	9058  	8835  	8220  	7326  	6147  	4921  	3728  	2687  	1806  	1225  	758   	452   	237   	107   	60    	31    	11    	4     	nan   	nan   	nan   	nan   
100000   	1    	4.307900e-03	1     	2     	4     	8     	16    	32    	62    	120   	222   	380   	601   	911   	1342  	1861  	2558  	3256  	4054  	4864  	5550  	6280  	6792  	7259  	7359  	7314  	6929  	6382  	5803  	4888  	4020  	3167  	2464  	1836  	1314  	908   	616   	374   	228   	121   	53    	24    	13    	9     	3     
100000   	2    	4.566200e-03	1     	2     	4     	8     	16    	32    	63    	123   	227   	412   	710   	1196  	1927  	2889  	4048  	5198  	6419  	7439  	8300  	8691  	8732  	8389  	7598  	6556  	5388  	4283  	3297  	2409  	1754  	1254  	892   	616   	403   	274   	188   	118   	60    	40    	26    	11    	6     	1     	nan   
100000   	3    	4.569500e-03	1     	2     	4     	8     	16    	31    	62    	122   	231   	439   	758   	1267  	2004  	2895  	4061  	5302  	6503  	7537  	8408  	8801  	8941  	8722  	7975  	6942  	5652  	4285  	3115  	2226  	1453  	949   	581   	337   	185   	85    	43    	23    	18    	9     	4     	3     	nan   	nan   	nan   

