Criação das árvores ordenadas:
n_persons	index	time        
100000   	0    	5.257790e-02
100000   	1    	6.314880e-02
100000   	2    	5.653510e-02
100000   	3    	4.888850e-02

Procura de nós nas árvores:
n_persons	index	time        
100000   	0    	6.342920e-02
100000   	1    	6.420510e-02
100000   	2    	5.743440e-02
100000   	3    	5.238580e-02

Maior profundidade das árvores:
n_persons	index	time        	depth
100000   	0    	4.818000e-03	40   
100000   	1    	4.850400e-03	38   
100000   	2    	5.068400e-03	39   
100000   	3    	4.988000e-03	36   

Número de nós em cada nível:
n_persons	index	time        	lvl0  	lvl1  	lvl2  	lvl3  	lvl4  	lvl5  	lvl6  	lvl7  	lvl8  	lvl9  	lvl10 	lvl11 	lvl12 	lvl13 	lvl14 	lvl15 	lvl16 	lvl17 	lvl18 	lvl19 	lvl20 	lvl21 	lvl22 	lvl23 	lvl24 	lvl25 	lvl26 	lvl27 	lvl28 	lvl29 	lvl30 	lvl31 	lvl32 	lvl33 	lvl34 	lvl35 	lvl36 	lvl37 	lvl38 	lvl39 	lvl40 
100000   	0    	4.533600e-03	1     	2     	4     	8     	16    	32    	63    	125   	235   	443   	782   	1295  	2041  	2957  	4045  	5155  	6293  	7317  	8012  	8396  	8328  	7896  	7196  	6374  	5491  	4595  	3724  	2923  	2097  	1515  	1058  	641   	379   	240   	142   	78    	45    	28    	17    	9     	2     
100000   	1    	4.190600e-03	1     	2     	4     	8     	16    	32    	62    	114   	191   	325   	532   	836   	1287  	1899  	2671  	3568  	4779  	6073  	7149  	8183  	8761  	9123  	8933  	8266  	7199  	5856  	4552  	3364  	2332  	1536  	975   	617   	372   	209   	106   	44    	16    	5     	2     	nan   	nan   
100000   	2    	4.422700e-03	1     	2     	4     	8     	16    	32    	64    	123   	222   	393   	666   	1066  	1564  	2305  	3176  	4189  	5243  	6330  	7346  	8174  	8526  	8674  	8179  	7461  	6479  	5397  	4345  	3343  	2350  	1585  	1084  	719   	424   	252   	139   	72    	25    	12    	8     	2     	nan   
100000   	3    	4.635000e-03	1     	2     	4     	8     	16    	32    	64    	125   	237   	443   	769   	1288  	2066  	3059  	4339  	5646  	7044  	8207  	9124  	9483  	9260  	8548  	7415  	6085  	4841  	3738  	2734  	1951  	1369  	918   	556   	316   	153   	79    	51    	19    	10    	nan   	nan   	nan   	nan   

