Criação das árvores ordenadas:
n_persons	index	time        
100000   	0    	5.055530e-02
100000   	1    	6.207160e-02
100000   	2    	5.948790e-02
100000   	3    	4.625010e-02

Procura de nós nas árvores:
n_persons	index	time        
100000   	0    	5.993890e-02
100000   	1    	6.856700e-02
100000   	2    	5.814220e-02
100000   	3    	5.406310e-02

Maior profundidade das árvores:
n_persons	index	time        	depth
100000   	0    	4.443800e-03	39   
100000   	1    	4.483500e-03	42   
100000   	2    	5.059200e-03	39   
100000   	3    	4.901500e-03	44   

Número de nós em cada nível:
n_persons	index	time        	lvl0  	lvl1  	lvl2  	lvl3  	lvl4  	lvl5  	lvl6  	lvl7  	lvl8  	lvl9  	lvl10 	lvl11 	lvl12 	lvl13 	lvl14 	lvl15 	lvl16 	lvl17 	lvl18 	lvl19 	lvl20 	lvl21 	lvl22 	lvl23 	lvl24 	lvl25 	lvl26 	lvl27 	lvl28 	lvl29 	lvl30 	lvl31 	lvl32 	lvl33 	lvl34 	lvl35 	lvl36 	lvl37 	lvl38 	lvl39 	lvl40 	lvl41 	lvl42 	lvl43 	lvl44 
100000   	0    	3.866200e-03	1     	2     	4     	8     	16    	30    	60    	112   	211   	377   	636   	1009  	1551  	2321  	3252  	4365  	5625  	6784  	7850  	8556  	8905  	8764  	8211  	7291  	6244  	5099  	3904  	3012  	2205  	1515  	928   	577   	302   	165   	67    	28    	6     	4     	2     	1     	nan   	nan   	nan   	nan   	nan   
100000   	1    	3.739500e-03	1     	2     	4     	8     	16    	32    	64    	125   	240   	454   	812   	1332  	2064  	2987  	4157  	5386  	6713  	7745  	8361  	8635  	8532  	8160  	7399  	6378  	5277  	4270  	3279  	2492  	1763  	1218  	845   	540   	325   	193   	106   	43    	21    	9     	5     	2     	2     	2     	1     	nan   	nan   
100000   	2    	4.255600e-03	1     	2     	4     	8     	16    	32    	63    	120   	232   	424   	719   	1208  	1937  	2871  	4026  	5336  	6689  	7903  	8793  	9559  	9579  	9018  	8072  	6810  	5372  	3912  	2744  	1790  	1126  	685   	428   	246   	139   	70    	35    	15    	10    	4     	1     	1     	nan   	nan   	nan   	nan   	nan   
100000   	3    	4.552800e-03	1     	2     	4     	8     	16    	32    	64    	125   	238   	433   	755   	1268  	1982  	2966  	4135  	5455  	6850  	8158  	9128  	9531  	9367  	8641  	7585  	6294  	5003  	3741  	2765  	1913  	1299  	887   	509   	275   	176   	131   	81    	63    	43    	24    	17    	14    	7     	7     	3     	3     	1     

