Criação das árvores ordenadas:
n_persons	index	time        
100000   	0    	5.246730e-02
100000   	1    	6.178210e-02
100000   	2    	5.758430e-02
100000   	3    	4.867160e-02

Procura de nós nas árvores:
n_persons	index	time        
100000   	0    	5.365670e-02
100000   	1    	6.137930e-02
100000   	2    	5.864310e-02
100000   	3    	5.361000e-02

Maior profundidade das árvores:
n_persons	index	time        	depth
100000   	0    	4.527500e-03	40   
100000   	1    	4.769200e-03	43   
100000   	2    	5.941000e-03	39   
100000   	3    	5.136000e-03	36   

Número de nós em cada nível:
n_persons	index	time        	lvl0  	lvl1  	lvl2  	lvl3  	lvl4  	lvl5  	lvl6  	lvl7  	lvl8  	lvl9  	lvl10 	lvl11 	lvl12 	lvl13 	lvl14 	lvl15 	lvl16 	lvl17 	lvl18 	lvl19 	lvl20 	lvl21 	lvl22 	lvl23 	lvl24 	lvl25 	lvl26 	lvl27 	lvl28 	lvl29 	lvl30 	lvl31 	lvl32 	lvl33 	lvl34 	lvl35 	lvl36 	lvl37 	lvl38 	lvl39 	lvl40 	lvl41 	lvl42 	lvl43 
100000   	0    	4.013700e-03	1     	2     	4     	8     	16    	32    	63    	122   	224   	397   	663   	1081  	1673  	2494  	3509  	4606  	5928  	7087  	8083  	8569  	8690  	8477  	8005  	7195  	6197  	5017  	3899  	2803  	1924  	1304  	813   	492   	293   	157   	91    	44    	18    	10    	5     	3     	1     	nan   	nan   	nan   
100000   	1    	4.253700e-03	1     	2     	4     	8     	16    	31    	62    	119   	208   	376   	632   	1030  	1606  	2379  	3339  	4460  	5670  	6684  	7513  	8052  	8526  	8398  	7987  	7232  	6270  	5305  	4200  	3115  	2280  	1563  	989   	664   	437   	264   	201   	140   	89    	56    	33    	24    	15    	10    	7     	3     
100000   	2    	4.557800e-03	1     	2     	4     	8     	16    	32    	62    	120   	212   	369   	649   	1093  	1735  	2539  	3663  	4926  	6267  	7540  	8585  	9240  	9351  	9015  	8151  	7005  	5740  	4492  	3219  	2295  	1518  	931   	558   	330   	176   	93    	40    	13    	6     	2     	1     	1     	nan   	nan   	nan   	nan   
100000   	3    	4.468900e-03	1     	2     	4     	7     	14    	28    	56    	112   	216   	405   	720   	1207  	1908  	2855  	3961  	5242  	6673  	7861  	8701  	9296  	9350  	8821  	7871  	6706  	5437  	4157  	3104  	2091  	1415  	815   	469   	265   	136   	59    	22    	10    	3     	nan   	nan   	nan   	nan   	nan   	nan   	nan   

