Criação das árvores ordenadas:
n_persons	index	time        
100000   	0    	5.311260e-02
100000   	1    	6.286500e-02
100000   	2    	5.445540e-02
100000   	3    	4.683050e-02

Procura de nós nas árvores:
n_persons	index	time        
100000   	0    	5.311090e-02
100000   	1    	6.561460e-02
100000   	2    	5.524060e-02
100000   	3    	5.089810e-02

Maior profundidade das árvores:
n_persons	index	time        	depth
100000   	0    	4.359600e-03	38   
100000   	1    	4.233900e-03	40   
100000   	2    	4.842600e-03	38   
100000   	3    	5.486800e-03	45   

Número de nós em cada nível:
n_persons	index	time        	lvl0  	lvl1  	lvl2  	lvl3  	lvl4  	lvl5  	lvl6  	lvl7  	lvl8  	lvl9  	lvl10 	lvl11 	lvl12 	lvl13 	lvl14 	lvl15 	lvl16 	lvl17 	lvl18 	lvl19 	lvl20 	lvl21 	lvl22 	lvl23 	lvl24 	lvl25 	lvl26 	lvl27 	lvl28 	lvl29 	lvl30 	lvl31 	lvl32 	lvl33 	lvl34 	lvl35 	lvl36 	lvl37 	lvl38 	lvl39 	lvl40 	lvl41 	lvl42 	lvl43 	lvl44 	lvl45 
100000   	0    	4.148200e-03	1     	2     	4     	8     	16    	32    	62    	114   	198   	358   	594   	960   	1573  	2316  	3270  	4389  	5557  	6897  	8097  	9042  	9437  	9322  	8651  	7670  	6285  	4911  	3559  	2502  	1660  	1066  	613   	353   	225   	130   	65    	36    	17    	6     	2     	nan   	nan   	nan   	nan   	nan   	nan   	nan   
100000   	1    	3.817600e-03	1     	2     	4     	8     	16    	32    	62    	120   	225   	407   	674   	1047  	1524  	2094  	2893  	3796  	4784  	5642  	6440  	7179  	7783  	7995  	7892  	7502  	6874  	6087  	5085  	4038  	3077  	2235  	1551  	1061  	734   	470   	263   	167   	102   	76    	30    	18    	10    	nan   	nan   	nan   	nan   	nan   
100000   	2    	4.364800e-03	1     	2     	4     	8     	16    	31    	59    	110   	196   	360   	597   	992   	1543  	2258  	3155  	4233  	5521  	6770  	7823  	8655  	9054  	9032  	8436  	7607  	6553  	5235  	3968  	2882  	1966  	1222  	757   	472   	260   	130   	58    	21    	9     	3     	1     	nan   	nan   	nan   	nan   	nan   	nan   	nan   
100000   	3    	4.667000e-03	1     	2     	4     	8     	16    	32    	62    	120   	225   	374   	621   	973   	1421  	2038  	2705  	3597  	4491  	5388  	6323  	7061  	7502  	7651  	7664  	7308  	6768  	6036  	5110  	4259  	3401  	2718  	2038  	1444  	1011  	665   	411   	248   	152   	77    	36    	20    	11    	3     	2     	1     	1     	1     

