Criação das árvores ordenadas:
n_persons	index	time        
100000   	0    	5.297380e-02
100000   	1    	6.136630e-02
100000   	2    	5.469520e-02
100000   	3    	4.541800e-02

Procura de nós nas árvores:
n_persons	index	time        
100000   	0    	5.447130e-02
100000   	1    	6.738030e-02
100000   	2    	5.852800e-02
100000   	3    	5.202850e-02

Maior profundidade das árvores:
n_persons	index	time        	depth
100000   	0    	4.650700e-03	41   
100000   	1    	4.494300e-03	37   
100000   	2    	4.994900e-03	40   
100000   	3    	5.406400e-03	41   

Número de nós em cada nível:
n_persons	index	time        	lvl0  	lvl1  	lvl2  	lvl3  	lvl4  	lvl5  	lvl6  	lvl7  	lvl8  	lvl9  	lvl10 	lvl11 	lvl12 	lvl13 	lvl14 	lvl15 	lvl16 	lvl17 	lvl18 	lvl19 	lvl20 	lvl21 	lvl22 	lvl23 	lvl24 	lvl25 	lvl26 	lvl27 	lvl28 	lvl29 	lvl30 	lvl31 	lvl32 	lvl33 	lvl34 	lvl35 	lvl36 	lvl37 	lvl38 	lvl39 	lvl40 	lvl41 
100000   	0    	4.123000e-03	1     	2     	4     	8     	16    	32    	63    	122   	223   	401   	684   	1104  	1679  	2494  	3487  	4608  	5772  	6682  	7396  	7887  	8127  	8066  	7662  	7009  	6161  	5211  	4198  	3258  	2445  	1836  	1247  	834   	533   	324   	198   	112   	55    	34    	18    	4     	2     	1     
100000   	1    	4.258600e-03	1     	2     	4     	8     	16    	32    	63    	125   	243   	442   	763   	1260  	1969  	2965  	4214  	5581  	7009  	8390  	9293  	9765  	9482  	8822  	7707  	6444  	4930  	3611  	2561  	1711  	1127  	701   	390   	213   	87    	34    	21    	9     	4     	1     	nan   	nan   	nan   	nan   
100000   	2    	4.767000e-03	1     	2     	4     	8     	16    	32    	64    	120   	219   	399   	694   	1132  	1704  	2439  	3297  	4304  	5425  	6459  	7342  	8044  	8441  	8387  	7976  	7257  	6346  	5254  	4155  	3206  	2347  	1714  	1179  	801   	498   	313   	199   	106   	56    	33    	17    	9     	1     	nan   
100000   	3    	5.135800e-03	1     	2     	4     	8     	16    	32    	64    	127   	249   	468   	827   	1385  	2174  	3163  	4366  	5586  	6716  	7721  	8380  	8635  	8486  	7899  	7183  	6132  	5097  	4150  	3202  	2378  	1788  	1255  	908   	607   	411   	239   	147   	77    	49    	35    	21    	8     	3     	1     

