Criação das árvores ordenadas:
n_persons	index	time        
100000   	0    	5.299690e-02
100000   	1    	6.261170e-02
100000   	2    	6.201350e-02
100000   	3    	4.685840e-02

Procura de nós nas árvores:
n_persons	index	time        
100000   	0    	5.491830e-02
100000   	1    	5.926000e-02
100000   	2    	5.686850e-02
100000   	3    	5.007560e-02

Maior profundidade das árvores:
n_persons	index	time        	depth
100000   	0    	4.452900e-03	40   
100000   	1    	4.443600e-03	39   
100000   	2    	4.970800e-03	37   
100000   	3    	5.834600e-03	40   

Número de nós em cada nível:
n_persons	index	time        	lvl0  	lvl1  	lvl2  	lvl3  	lvl4  	lvl5  	lvl6  	lvl7  	lvl8  	lvl9  	lvl10 	lvl11 	lvl12 	lvl13 	lvl14 	lvl15 	lvl16 	lvl17 	lvl18 	lvl19 	lvl20 	lvl21 	lvl22 	lvl23 	lvl24 	lvl25 	lvl26 	lvl27 	lvl28 	lvl29 	lvl30 	lvl31 	lvl32 	lvl33 	lvl34 	lvl35 	lvl36 	lvl37 	lvl38 	lvl39 	lvl40 
100000   	0    	4.015800e-03	1     	2     	4     	8     	16    	32    	63    	125   	230   	394   	658   	1033  	1579  	2186  	2977  	3926  	4891  	5859  	6731  	7564  	8019  	8272  	8018  	7506  	6635  	5665  	4554  	3568  	2777  	2075  	1511  	1137  	808   	499   	319   	207   	82    	42    	17    	6     	4     
100000   	1    	4.057600e-03	1     	2     	4     	8     	16    	32    	64    	128   	245   	461   	818   	1379  	2117  	3074  	4222  	5495  	6740  	7852  	8691  	9256  	9315  	8849  	7936  	6568  	5229  	3796  	2682  	1831  	1273  	800   	498   	282   	169   	92    	39    	16    	8     	4     	6     	2     	nan   
100000   	2    	4.611300e-03	1     	2     	4     	8     	16    	32    	63    	123   	230   	428   	745   	1247  	2004  	3042  	4370  	5856  	7181  	8463  	9184  	9618  	9387  	8810  	7595  	6258  	4870  	3563  	2496  	1661  	1085  	666   	412   	259   	152   	95    	44    	21    	7     	2     	nan   	nan   	nan   
100000   	3    	4.459100e-03	1     	2     	4     	8     	16    	32    	64    	125   	237   	420   	723   	1235  	1963  	2946  	4128  	5484  	6885  	8156  	9186  	9514  	9485  	8783  	7689  	6334  	5067  	3802  	2765  	1895  	1234  	746   	451   	253   	148   	99    	52    	30    	17    	10    	6     	4     	1     

