Criação das árvores ordenadas:
n_persons	index	time        
100000   	0    	5.204450e-02
100000   	1    	6.344690e-02
100000   	2    	5.483280e-02
100000   	3    	4.841960e-02

Procura de nós nas árvores:
n_persons	index	time        
100000   	0    	5.512670e-02
100000   	1    	6.720190e-02
100000   	2    	5.871740e-02
100000   	3    	5.029730e-02

Maior profundidade das árvores:
n_persons	index	time        	depth
100000   	0    	4.786800e-03	38   
100000   	1    	4.638900e-03	39   
100000   	2    	5.023100e-03	42   
100000   	3    	5.291700e-03	40   

Número de nós em cada nível:
n_persons	index	time        	lvl0  	lvl1  	lvl2  	lvl3  	lvl4  	lvl5  	lvl6  	lvl7  	lvl8  	lvl9  	lvl10 	lvl11 	lvl12 	lvl13 	lvl14 	lvl15 	lvl16 	lvl17 	lvl18 	lvl19 	lvl20 	lvl21 	lvl22 	lvl23 	lvl24 	lvl25 	lvl26 	lvl27 	lvl28 	lvl29 	lvl30 	lvl31 	lvl32 	lvl33 	lvl34 	lvl35 	lvl36 	lvl37 	lvl38 	lvl39 	lvl40 	lvl41 	lvl42 
100000   	0    	4.414600e-03	1     	2     	4     	8     	16    	31    	60    	112   	214   	394   	692   	1184  	1879  	2773  	3847  	5083  	6326  	7314  	8034  	8421  	8418  	8060  	7501  	6760  	5697  	4642  	3692  	2825  	2086  	1498  	997   	619   	400   	229   	113   	45    	17    	4     	2     	nan   	nan   	nan   	nan   
100000   	1    	4.079600e-03	1     	2     	4     	8     	16    	32    	64    	124   	232   	410   	733   	1228  	1915  	2812  	3916  	5132  	6292  	7363  	8088  	8444  	8303  	7973  	7448  	6713  	5845  	4795  	3729  	2752  	1964  	1364  	914   	581   	348   	209   	105   	65    	45    	19    	10    	2     	nan   	nan   	nan   
100000   	2    	4.852000e-03	1     	2     	4     	8     	16    	32    	64    	126   	232   	417   	712   	1198  	1882  	2792  	3903  	5230  	6488  	7603  	8534  	9097  	9029  	8628  	7837  	6827  	5520  	4281  	3186  	2253  	1581  	997   	608   	373   	238   	143   	76    	48    	18    	6     	4     	2     	2     	1     	1     
100000   	3    	4.590900e-03	1     	2     	4     	8     	16    	32    	63    	115   	211   	354   	569   	856   	1227  	1686  	2217  	2889  	3545  	4271  	5036  	5873  	6615  	7225  	7918  	8090  	7976  	7416  	6591  	5550  	4444  	3228  	2234  	1504  	929   	585   	376   	185   	89    	42    	20    	6     	2     	nan   	nan   

