Criação das árvores ordenadas:
n_persons	index	time        
100000   	0    	5.070500e-02
100000   	1    	6.262200e-02
100000   	2    	6.088640e-02
100000   	3    	4.651530e-02

Procura de nós nas árvores:
n_persons	index	time        
100000   	0    	1.040746e-01
100000   	1    	7.712280e-02
100000   	2    	5.623010e-02
100000   	3    	5.014700e-02

Maior profundidade das árvores:
n_persons	index	time        	depth
100000   	0    	4.682900e-03	40   
100000   	1    	4.351000e-03	35   
100000   	2    	4.787000e-03	38   
100000   	3    	5.391700e-03	43   

Número de nós em cada nível:
n_persons	index	time        	lvl0  	lvl1  	lvl2  	lvl3  	lvl4  	lvl5  	lvl6  	lvl7  	lvl8  	lvl9  	lvl10 	lvl11 	lvl12 	lvl13 	lvl14 	lvl15 	lvl16 	lvl17 	lvl18 	lvl19 	lvl20 	lvl21 	lvl22 	lvl23 	lvl24 	lvl25 	lvl26 	lvl27 	lvl28 	lvl29 	lvl30 	lvl31 	lvl32 	lvl33 	lvl34 	lvl35 	lvl36 	lvl37 	lvl38 	lvl39 	lvl40 	lvl41 	lvl42 	lvl43 
100000   	0    	4.094300e-03	1     	2     	4     	8     	16    	32    	63    	125   	244   	458   	811   	1338  	2076  	3102  	4356  	5693  	7060  	8165  	8771  	8998  	8896  	8236  	7407  	6239  	5049  	4014  	2955  	2077  	1408  	911   	583   	337   	234   	145   	89    	40    	27    	14    	8     	6     	2     	nan   	nan   	nan   
100000   	1    	3.841100e-03	1     	2     	4     	8     	16    	32    	63    	125   	242   	450   	799   	1313  	2063  	3031  	4269  	5638  	7023  	8312  	9230  	9642  	9472  	8821  	7742  	6281  	4886  	3706  	2590  	1710  	1077  	679   	385   	199   	106   	54    	24    	5     	nan   	nan   	nan   	nan   	nan   	nan   	nan   	nan   
100000   	2    	4.476300e-03	1     	2     	4     	8     	16    	31    	62    	116   	224   	424   	758   	1264  	1998  	3031  	4243  	5623  	6942  	8089  	9013  	9474  	9393  	8801  	7836  	6461  	4994  	3779  	2701  	1824  	1187  	761   	434   	251   	133   	66    	32    	12    	8     	3     	1     	nan   	nan   	nan   	nan   	nan   
100000   	3    	4.486000e-03	1     	2     	4     	8     	15    	27    	53    	101   	193   	347   	609   	1007  	1569  	2323  	3318  	4471  	5748  	7006  	7979  	8562  	8821  	8691  	8001  	7051  	6015  	4899  	3803  	2875  	2089  	1461  	1024  	697   	464   	300   	183   	127   	78    	39    	19    	8     	4     	3     	4     	1     

