Criação das árvores ordenadas:
n_persons	index	time        
100000   	0    	5.726000e-02
100000   	1    	6.654310e-02
100000   	2    	5.774140e-02
100000   	3    	4.907150e-02

Procura de nós nas árvores:
n_persons	index	time        
100000   	0    	5.393590e-02
100000   	1    	6.135630e-02
100000   	2    	5.989630e-02
100000   	3    	4.905860e-02

Maior profundidade das árvores:
n_persons	index	time        	depth
100000   	0    	4.193200e-03	39   
100000   	1    	4.325400e-03	45   
100000   	2    	6.017700e-03	43   
100000   	3    	5.436200e-03	41   

Número de nós em cada nível:
n_persons	index	time        	lvl0  	lvl1  	lvl2  	lvl3  	lvl4  	lvl5  	lvl6  	lvl7  	lvl8  	lvl9  	lvl10 	lvl11 	lvl12 	lvl13 	lvl14 	lvl15 	lvl16 	lvl17 	lvl18 	lvl19 	lvl20 	lvl21 	lvl22 	lvl23 	lvl24 	lvl25 	lvl26 	lvl27 	lvl28 	lvl29 	lvl30 	lvl31 	lvl32 	lvl33 	lvl34 	lvl35 	lvl36 	lvl37 	lvl38 	lvl39 	lvl40 	lvl41 	lvl42 	lvl43 	lvl44 	lvl45 
100000   	0    	4.650800e-03	1     	2     	4     	8     	16    	32    	62    	120   	225   	414   	759   	1284  	2060  	3042  	4196  	5494  	6788  	7912  	8820  	9047  	8933  	8618  	7721  	6514  	5193  	4007  	3022  	2115  	1392  	884   	490   	315   	190   	126   	89    	54    	26    	15    	8     	2     	nan   	nan   	nan   	nan   	nan   	nan   
100000   	1    	5.114100e-03	1     	2     	4     	8     	16    	32    	64    	122   	223   	387   	647   	1039  	1568  	2295  	3195  	4227  	5439  	6643  	7644  	8172  	8488  	8397  	7940  	7055  	6190  	5174  	4137  	3090  	2237  	1605  	1104  	800   	573   	420   	302   	235   	171   	129   	80    	48    	29    	25    	19    	13    	9     	2     
100000   	2    	4.619400e-03	1     	2     	4     	8     	16    	32    	64    	126   	225   	377   	608   	975   	1490  	2263  	3168  	4318  	5410  	6511  	7333  	7946  	8059  	7965  	7630  	6937  	6188  	5254  	4252  	3409  	2592  	1953  	1463  	1076  	765   	536   	401   	263   	162   	99    	56    	32    	19    	7     	4     	1     	nan   	nan   
100000   	3    	4.842500e-03	1     	2     	4     	8     	16    	28    	56    	109   	207   	376   	664   	1044  	1653  	2451  	3411  	4564  	5814  	6841  	7594  	8084  	8407  	8151  	7616  	6862  	6024  	5117  	4210  	3243  	2461  	1815  	1268  	835   	509   	282   	155   	67    	32    	10    	5     	2     	1     	1     	nan   	nan   	nan   	nan   

