Criação das árvores ordenadas:
n_persons	index	time        
100000   	0    	5.204460e-02
100000   	1    	6.330000e-02
100000   	2    	5.617150e-02
100000   	3    	4.887680e-02

Procura de nós nas árvores:
n_persons	index	time        
100000   	0    	5.593970e-02
100000   	1    	5.893230e-02
100000   	2    	5.662940e-02
100000   	3    	5.235190e-02

Maior profundidade das árvores:
n_persons	index	time        	depth
100000   	0    	4.478200e-03	38   
100000   	1    	4.381000e-03	36   
100000   	2    	4.950900e-03	40   
100000   	3    	5.151300e-03	40   

Número de nós em cada nível:
n_persons	index	time        	lvl0  	lvl1  	lvl2  	lvl3  	lvl4  	lvl5  	lvl6  	lvl7  	lvl8  	lvl9  	lvl10 	lvl11 	lvl12 	lvl13 	lvl14 	lvl15 	lvl16 	lvl17 	lvl18 	lvl19 	lvl20 	lvl21 	lvl22 	lvl23 	lvl24 	lvl25 	lvl26 	lvl27 	lvl28 	lvl29 	lvl30 	lvl31 	lvl32 	lvl33 	lvl34 	lvl35 	lvl36 	lvl37 	lvl38 	lvl39 	lvl40 
100000   	0    	4.029900e-03	1     	2     	4     	8     	16    	31    	61    	117   	219   	392   	693   	1142  	1844  	2746  	3851  	5117  	6434  	7672  	8637  	9155  	9164  	8806  	7891  	6727  	5465  	4377  	3206  	2227  	1546  	994   	613   	369   	230   	130   	68    	29    	11    	4     	1     	nan   	nan   
100000   	1    	3.979400e-03	1     	2     	4     	8     	16    	32    	64    	126   	240   	427   	748   	1195  	1856  	2690  	3687  	4822  	6103  	7259  	8348  	8999  	9148  	8982  	8276  	7175  	5702  	4416  	3219  	2332  	1659  	1080  	649   	387   	208   	92    	32    	12    	4     	nan   	nan   	nan   	nan   
100000   	2    	4.255200e-03	1     	2     	4     	8     	16    	32    	64    	127   	238   	430   	732   	1187  	1795  	2597  	3636  	4780  	5988  	7125  	8036  	8604  	8751  	8469  	7757  	6969  	5920  	4776  	3756  	2762  	2021  	1325  	855   	512   	307   	169   	117   	69    	35    	12    	12    	3     	1     
100000   	3    	4.454600e-03	1     	2     	4     	8     	16    	32    	62    	109   	194   	339   	580   	949   	1542  	2311  	3277  	4451  	5742  	7137  	8242  	8967  	9092  	8646  	7908  	6928  	5820  	4686  	3660  	2738  	2045  	1488  	1017  	736   	506   	326   	192   	110   	72    	40    	19    	4     	2     

