Criação das árvores ordenadas:
n_persons	index	time        
100000   	0    	5.922410e-02
100000   	1    	7.217120e-02
100000   	2    	6.105860e-02
100000   	3    	4.988430e-02

Procura de nós nas árvores:
n_persons	index	time        
100000   	0    	5.333780e-02
100000   	1    	6.261420e-02
100000   	2    	5.820350e-02
100000   	3    	5.263300e-02

Maior profundidade das árvores:
n_persons	index	time        	depth
100000   	0    	4.347600e-03	41   
100000   	1    	4.358600e-03	40   
100000   	2    	5.049100e-03	38   
100000   	3    	5.209400e-03	45   

Número de nós em cada nível:
n_persons	index	time        	lvl0  	lvl1  	lvl2  	lvl3  	lvl4  	lvl5  	lvl6  	lvl7  	lvl8  	lvl9  	lvl10 	lvl11 	lvl12 	lvl13 	lvl14 	lvl15 	lvl16 	lvl17 	lvl18 	lvl19 	lvl20 	lvl21 	lvl22 	lvl23 	lvl24 	lvl25 	lvl26 	lvl27 	lvl28 	lvl29 	lvl30 	lvl31 	lvl32 	lvl33 	lvl34 	lvl35 	lvl36 	lvl37 	lvl38 	lvl39 	lvl40 	lvl41 	lvl42 	lvl43 	lvl44 	lvl45 
100000   	0    	3.847200e-03	1     	2     	4     	8     	16    	32    	64    	125   	241   	440   	787   	1331  	2164  	3305  	4682  	6242  	7730  	8943  	9753  	9947  	9296  	8246  	6971  	5590  	4411  	3271  	2304  	1558  	1039  	643   	400   	222   	113   	53    	29    	15    	7     	6     	4     	2     	2     	1     	nan   	nan   	nan   	nan   
100000   	1    	3.807400e-03	1     	2     	4     	8     	16    	32    	63    	124   	233   	416   	704   	1122  	1672  	2435  	3389  	4448  	5608  	6670  	7415  	7947  	8181  	8113  	7794  	7185  	6327  	5327  	4318  	3409  	2477  	1735  	1162  	734   	433   	237   	131   	69    	29    	17    	9     	3     	1     	nan   	nan   	nan   	nan   	nan   
100000   	2    	5.113000e-03	1     	2     	4     	8     	16    	32    	62    	113   	197   	341   	577   	906   	1389  	2066  	2963  	4122  	5424  	6806  	7912  	8720  	9085  	9075  	8501  	7594  	6315  	5142  	4092  	3035  	2136  	1381  	832   	516   	313   	163   	83    	44    	18    	10    	4     	nan   	nan   	nan   	nan   	nan   	nan   	nan   
100000   	3    	4.897500e-03	1     	2     	4     	8     	16    	31    	59    	105   	178   	304   	492   	795   	1233  	1859  	2684  	3690  	4803  	6024  	7138  	7978  	8656  	8583  	8007  	7112  	6151  	4999  	4080  	3295  	2695  	2192  	1754  	1359  	1055  	815   	591   	446   	312   	207   	131   	91    	40    	12    	4     	4     	3     	2     

