Criação das árvores ordenadas:
n_persons	index	time        
100000   	0    	7.767000e-02
100000   	1    	9.811100e-02
100000   	2    	8.012330e-02
100000   	3    	6.703770e-02

Procura de nós nas árvores:
n_persons	index	time        
100000   	0    	6.330960e-02
100000   	1    	6.710080e-02
100000   	2    	6.360930e-02
100000   	3    	5.537720e-02

Maior profundidade das árvores:
n_persons	index	time        	depth
100000   	0    	4.281200e-03	36   
100000   	1    	7.224800e-03	38   
100000   	2    	1.315070e-02	41   
100000   	3    	7.079800e-03	43   

Número de nós em cada nível:
n_persons	index	time        	lvl0  	lvl1  	lvl2  	lvl3  	lvl4  	lvl5  	lvl6  	lvl7  	lvl8  	lvl9  	lvl10 	lvl11 	lvl12 	lvl13 	lvl14 	lvl15 	lvl16 	lvl17 	lvl18 	lvl19 	lvl20 	lvl21 	lvl22 	lvl23 	lvl24 	lvl25 	lvl26 	lvl27 	lvl28 	lvl29 	lvl30 	lvl31 	lvl32 	lvl33 	lvl34 	lvl35 	lvl36 	lvl37 	lvl38 	lvl39 	lvl40 	lvl41 	lvl42 	lvl43 
100000   	0    	6.175400e-03	1     	2     	4     	8     	16    	32    	63    	123   	232   	423   	739   	1231  	1922  	2854  	3993  	5224  	6425  	7506  	8442  	9103  	9298  	8991  	8176  	6917  	5618  	4272  	3093  	2040  	1370  	888   	493   	270   	136   	52    	22    	15    	6     	nan   	nan   	nan   	nan   	nan   	nan   	nan   
100000   	1    	6.887200e-03	1     	2     	4     	8     	16    	32    	64    	123   	231   	412   	703   	1162  	1841  	2709  	3813  	5018  	6367  	7526  	8397  	9015  	9211  	8935  	8002  	6927  	5704  	4386  	3237  	2190  	1499  	1023  	635   	380   	211   	117   	51    	29    	14    	4     	1     	nan   	nan   	nan   	nan   	nan   
100000   	2    	6.135600e-03	1     	2     	4     	8     	16    	32    	64    	119   	215   	373   	619   	1010  	1573  	2267  	3148  	4078  	5144  	6250  	7196  	8020  	8465  	8544  	8303  	7495  	6525  	5335  	4259  	3259  	2448  	1782  	1243  	869   	544   	331   	205   	112   	63    	33    	21    	16    	6     	3     	nan   	nan   
100000   	3    	8.360600e-03	1     	2     	4     	8     	16    	32    	63    	124   	238   	443   	785   	1311  	2006  	2888  	3868  	4907  	5841  	6733  	7391  	7839  	7849  	7516  	7061  	6305  	5437  	4655  	3819  	3200  	2596  	2001  	1508  	1140  	842   	586   	405   	259   	146   	85    	47    	22    	16    	3     	1     	1     

