Criação das árvores ordenadas:
n_persons	index	time        
100000   	0    	6.083930e-02
100000   	1    	7.840210e-02
100000   	2    	6.196770e-02
100000   	3    	5.554250e-02

Procura de nós nas árvores:
n_persons	index	time        
100000   	0    	5.632880e-02
100000   	1    	7.438300e-02
100000   	2    	6.992720e-02
100000   	3    	5.395910e-02

Maior profundidade das árvores:
n_persons	index	time        	depth
100000   	0    	4.872500e-03	43   
100000   	1    	5.386300e-03	42   
100000   	2    	6.201700e-03	39   
100000   	3    	5.289900e-03	41   

Número de nós em cada nível:
n_persons	index	time        	lvl0  	lvl1  	lvl2  	lvl3  	lvl4  	lvl5  	lvl6  	lvl7  	lvl8  	lvl9  	lvl10 	lvl11 	lvl12 	lvl13 	lvl14 	lvl15 	lvl16 	lvl17 	lvl18 	lvl19 	lvl20 	lvl21 	lvl22 	lvl23 	lvl24 	lvl25 	lvl26 	lvl27 	lvl28 	lvl29 	lvl30 	lvl31 	lvl32 	lvl33 	lvl34 	lvl35 	lvl36 	lvl37 	lvl38 	lvl39 	lvl40 	lvl41 	lvl42 	lvl43 
100000   	0    	5.114700e-03	1     	2     	4     	8     	16    	32    	64    	126   	241   	447   	769   	1269  	1964  	2768  	3732  	4848  	5869  	6765  	7452  	7894  	8076  	7873  	7374  	6615  	5659  	4809  	3866  	3073  	2358  	1786  	1312  	916   	690   	478   	280   	188   	137   	102   	64    	31    	23    	11    	7     	1     
100000   	1    	4.412700e-03	1     	2     	4     	8     	16    	32    	62    	117   	209   	380   	643   	1024  	1528  	2214  	2980  	3881  	4917  	5868  	6697  	7419  	7872  	7986  	7773  	7366  	6687  	5902  	4960  	3913  	3009  	2174  	1494  	1038  	690   	464   	298   	184   	99    	47    	24    	12    	4     	1     	1     	nan   
100000   	2    	5.265400e-03	1     	2     	4     	8     	16    	32    	62    	118   	218   	402   	705   	1151  	1786  	2663  	3739  	4913  	6205  	7343  	8348  	8876  	8939  	8550  	7910  	6955  	5845  	4569  	3382  	2450  	1710  	1180  	785   	504   	304   	168   	79    	43    	20    	10    	4     	1     	nan   	nan   	nan   	nan   
100000   	3    	5.310100e-03	1     	2     	4     	8     	16    	32    	60    	114   	198   	341   	577   	897   	1342  	1888  	2584  	3429  	4422  	5504  	6520  	7328  	7879  	8031  	7905  	7512  	6787  	5958  	5037  	4150  	3205  	2436  	1874  	1341  	985   	671   	421   	262   	151   	87    	28    	9     	3     	1     	nan   	nan   

