Criação das árvores ordenadas:
n_persons	index	time        
100000   	0    	5.499810e-02
100000   	1    	6.457230e-02
100000   	2    	5.655840e-02
100000   	3    	4.949810e-02

Procura de nós nas árvores:
n_persons	index	time        
100000   	0    	6.586200e-02
100000   	1    	1.255398e-01
100000   	2    	7.002990e-02
100000   	3    	5.766920e-02

Maior profundidade das árvores:
n_persons	index	time        	depth
100000   	0    	5.824600e-03	40   
100000   	1    	5.776500e-03	40   
100000   	2    	5.338500e-03	39   
100000   	3    	5.497800e-03	39   

Número de nós em cada nível:
n_persons	index	time        	lvl0  	lvl1  	lvl2  	lvl3  	lvl4  	lvl5  	lvl6  	lvl7  	lvl8  	lvl9  	lvl10 	lvl11 	lvl12 	lvl13 	lvl14 	lvl15 	lvl16 	lvl17 	lvl18 	lvl19 	lvl20 	lvl21 	lvl22 	lvl23 	lvl24 	lvl25 	lvl26 	lvl27 	lvl28 	lvl29 	lvl30 	lvl31 	lvl32 	lvl33 	lvl34 	lvl35 	lvl36 	lvl37 	lvl38 	lvl39 	lvl40 
100000   	0    	5.163200e-03	1     	2     	4     	8     	16    	32    	63    	124   	241   	446   	777   	1262  	1951  	2860  	3909  	5030  	6077  	7004  	7751  	8050  	7950  	7612  	7074  	6385  	5523  	4684  	3794  	3111  	2470  	1815  	1286  	898   	624   	448   	304   	187   	120   	62    	31    	12    	2     
100000   	1    	4.631100e-03	1     	2     	4     	8     	16    	32    	63    	126   	248   	460   	803   	1351  	2092  	3066  	4259  	5613  	6888  	7942  	8700  	8794  	8570  	7880  	6949  	5884  	4865  	3814  	2953  	2294  	1764  	1374  	991   	724   	518   	377   	246   	149   	94    	53    	23    	8     	2     
100000   	2    	4.796000e-03	1     	2     	4     	8     	16    	31    	61    	120   	229   	412   	702   	1148  	1798  	2703  	3790  	5024  	6405  	7694  	8796  	9337  	9278  	8896  	8005  	6858  	5488  	4187  	3083  	2133  	1520  	994   	578   	337   	167   	95    	49    	24    	16    	7     	3     	1     	nan   
100000   	3    	5.216000e-03	1     	2     	3     	6     	12    	24    	44    	83    	150   	264   	459   	774   	1280  	2003  	2911  	3961  	5195  	6500  	7638  	8412  	8822  	8693  	8228  	7462  	6515  	5412  	4371  	3298  	2491  	1861  	1235  	825   	502   	255   	142   	89    	45    	24    	7     	1     	nan   

