Criação das árvores ordenadas:
n_persons	index	time        
100000   	0    	1.015334e-01
100000   	1    	7.860050e-02
100000   	2    	5.701110e-02
100000   	3    	4.823370e-02

Procura de nós nas árvores:
n_persons	index	time        
100000   	0    	5.401700e-02
100000   	1    	6.337960e-02
100000   	2    	5.859800e-02
100000   	3    	5.240270e-02

Maior profundidade das árvores:
n_persons	index	time        	depth
100000   	0    	4.585500e-03	39   
100000   	1    	4.493500e-03	40   
100000   	2    	4.846400e-03	43   
100000   	3    	4.779300e-03	39   

Número de nós em cada nível:
n_persons	index	time        	lvl0  	lvl1  	lvl2  	lvl3  	lvl4  	lvl5  	lvl6  	lvl7  	lvl8  	lvl9  	lvl10 	lvl11 	lvl12 	lvl13 	lvl14 	lvl15 	lvl16 	lvl17 	lvl18 	lvl19 	lvl20 	lvl21 	lvl22 	lvl23 	lvl24 	lvl25 	lvl26 	lvl27 	lvl28 	lvl29 	lvl30 	lvl31 	lvl32 	lvl33 	lvl34 	lvl35 	lvl36 	lvl37 	lvl38 	lvl39 	lvl40 	lvl41 	lvl42 	lvl43 
100000   	0    	3.835700e-03	1     	2     	4     	8     	16    	32    	63    	125   	234   	425   	739   	1180  	1811  	2572  	3494  	4518  	5552  	6478  	7346  	8007  	8298  	8280  	8001  	7314  	6440  	5377  	4287  	3295  	2338  	1548  	968   	602   	326   	174   	85    	39    	15    	4     	1     	1     	nan   	nan   	nan   	nan   
100000   	1    	5.260100e-03	1     	2     	4     	8     	16    	32    	63    	125   	234   	420   	707   	1167  	1835  	2685  	3700  	4725  	5827  	6888  	7693  	8108  	8272  	8034  	7737  	7062  	6175  	5066  	4035  	3086  	2199  	1470  	978   	648   	416   	255   	142   	83    	57    	26    	13    	5     	1     	nan   	nan   	nan   
100000   	2    	4.920200e-03	1     	2     	4     	8     	16    	32    	64    	124   	242   	450   	772   	1268  	1909  	2719  	3833  	4891  	6001  	7172  	8120  	8655  	8867  	8645  	7994  	6986  	5846  	4713  	3702  	2627  	1704  	1043  	655   	373   	217   	126   	73    	51    	35    	26    	14    	4     	7     	4     	2     	3     
100000   	3    	4.452300e-03	1     	2     	4     	8     	16    	32    	63    	125   	231   	412   	713   	1177  	1846  	2726  	3851  	5250  	6697  	8031  	8935  	9380  	9168  	8624  	7690  	6540  	5245  	4159  	3077  	2188  	1476  	1006  	628   	358   	177   	89    	40    	18    	10    	5     	1     	1     	nan   	nan   	nan   	nan   

