Criação das árvores ordenadas:
n_persons	index	time        
100000   	0    	7.655540e-02
100000   	1    	1.195195e-01
100000   	2    	1.132615e-01
100000   	3    	6.359720e-02

Procura de nós nas árvores:
n_persons	index	time        
100000   	0    	9.051020e-02
100000   	1    	9.075050e-02
100000   	2    	6.921450e-02
100000   	3    	1.261838e-01

Maior profundidade das árvores:
n_persons	index	time        	depth
100000   	0    	6.028400e-03	38   
100000   	1    	1.099560e-02	39   
100000   	2    	6.591500e-03	38   
100000   	3    	6.287000e-03	39   

Número de nós em cada nível:
n_persons	index	time        	lvl0  	lvl1  	lvl2  	lvl3  	lvl4  	lvl5  	lvl6  	lvl7  	lvl8  	lvl9  	lvl10 	lvl11 	lvl12 	lvl13 	lvl14 	lvl15 	lvl16 	lvl17 	lvl18 	lvl19 	lvl20 	lvl21 	lvl22 	lvl23 	lvl24 	lvl25 	lvl26 	lvl27 	lvl28 	lvl29 	lvl30 	lvl31 	lvl32 	lvl33 	lvl34 	lvl35 	lvl36 	lvl37 	lvl38 	lvl39 
100000   	0    	5.782400e-03	1     	2     	4     	8     	16    	32    	64    	126   	244   	457   	793   	1364  	2165  	3219  	4440  	5697  	7050  	8168  	8821  	9103  	8907  	8265  	7399  	6315  	4992  	3876  	2843  	2052  	1384  	950   	581   	320   	169   	97    	46    	20    	6     	2     	2     	nan   
100000   	1    	6.569500e-03	1     	2     	4     	8     	16    	32    	64    	125   	240   	433   	718   	1134  	1713  	2366  	3127  	4046  	5039  	6078  	7014  	7730  	8243  	8549  	8233  	7584  	6732  	5676  	4566  	3473  	2493  	1692  	1134  	734   	452   	273   	158   	75    	28    	11    	3     	1     
100000   	2    	5.577300e-03	1     	2     	4     	8     	16    	32    	63    	121   	224   	390   	649   	1053  	1616  	2384  	3306  	4370  	5399  	6371  	7232  	7909  	8250  	8137  	7841  	7159  	6386  	5437  	4411  	3395  	2549  	1826  	1367  	899   	557   	310   	176   	89    	40    	16    	5     	nan   
100000   	3    	6.734200e-03	1     	2     	4     	8     	16    	32    	64    	127   	242   	445   	775   	1288  	1977  	2925  	4024  	5306  	6526  	7816  	8656  	9099  	9055  	8551  	7684  	6584  	5329  	4146  	3047  	2168  	1523  	977   	632   	425   	242   	140   	89    	42    	21    	8     	3     	1     

