Criação das árvores ordenadas:
n_persons	index	time        
100000   	0    	5.658670e-02
100000   	1    	6.952910e-02
100000   	2    	6.112590e-02
100000   	3    	1.023444e-01

Procura de nós nas árvores:
n_persons	index	time        
100000   	0    	8.871670e-02
100000   	1    	6.736670e-02
100000   	2    	5.891610e-02
100000   	3    	5.163470e-02

Maior profundidade das árvores:
n_persons	index	time        	depth
100000   	0    	4.905600e-03	42   
100000   	1    	4.890600e-03	39   
100000   	2    	4.930300e-03	38   
100000   	3    	4.966400e-03	39   

Número de nós em cada nível:
n_persons	index	time        	lvl0  	lvl1  	lvl2  	lvl3  	lvl4  	lvl5  	lvl6  	lvl7  	lvl8  	lvl9  	lvl10 	lvl11 	lvl12 	lvl13 	lvl14 	lvl15 	lvl16 	lvl17 	lvl18 	lvl19 	lvl20 	lvl21 	lvl22 	lvl23 	lvl24 	lvl25 	lvl26 	lvl27 	lvl28 	lvl29 	lvl30 	lvl31 	lvl32 	lvl33 	lvl34 	lvl35 	lvl36 	lvl37 	lvl38 	lvl39 	lvl40 	lvl41 	lvl42 
100000   	0    	4.738900e-03	1     	2     	4     	8     	16    	32    	61    	116   	199   	346   	572   	945   	1483  	2182  	3057  	4235  	5492  	6712  	7641  	8357  	8614  	8507  	7846  	6970  	5965  	4988  	4087  	3220  	2407  	1784  	1286  	929   	657   	453   	312   	214   	147   	75    	45    	19    	8     	3     	3     
100000   	1    	4.580100e-03	1     	2     	4     	8     	16    	31    	59    	111   	210   	389   	708   	1194  	1953  	2995  	4271  	5651  	6931  	8084  	8793  	9062  	8786  	8116  	7133  	6126  	5062  	4082  	3143  	2304  	1672  	1152  	777   	500   	296   	182   	97    	55    	23    	9     	9     	3     	nan   	nan   	nan   
100000   	2    	4.360500e-03	1     	2     	4     	8     	16    	32    	64    	125   	237   	443   	770   	1295  	2056  	3014  	4132  	5361  	6533  	7602  	8464  	8758  	8692  	8113  	7294  	6292  	5353  	4253  	3358  	2543  	1842  	1285  	841   	550   	309   	183   	100   	51    	15    	6     	3     	nan   	nan   	nan   	nan   
100000   	3    	4.361200e-03	1     	2     	4     	8     	16    	32    	64    	127   	237   	441   	775   	1300  	2072  	3043  	4187  	5524  	6740  	7760  	8389  	8728  	8618  	8195  	7341  	6255  	5301  	4261  	3205  	2382  	1764  	1222  	810   	534   	316   	186   	88    	36    	23    	9     	3     	1     	nan   	nan   	nan   

