Criação das árvores ordenadas:
n_persons	index	time        
100000   	0    	5.053210e-02
100000   	1    	6.183710e-02
100000   	2    	5.818810e-02
100000   	3    	4.614560e-02

Procura de nós nas árvores:
n_persons	index	time        
100000   	0    	5.152290e-02
100000   	1    	6.087060e-02
100000   	2    	5.566720e-02
100000   	3    	4.856870e-02

Maior profundidade das árvores:
n_persons	index	time        	depth
100000   	0    	4.675700e-03	38   
100000   	1    	4.324500e-03	39   
100000   	2    	4.933100e-03	41   
100000   	3    	5.240800e-03	38   

Número de nós em cada nível:
n_persons	index	time        	lvl0  	lvl1  	lvl2  	lvl3  	lvl4  	lvl5  	lvl6  	lvl7  	lvl8  	lvl9  	lvl10 	lvl11 	lvl12 	lvl13 	lvl14 	lvl15 	lvl16 	lvl17 	lvl18 	lvl19 	lvl20 	lvl21 	lvl22 	lvl23 	lvl24 	lvl25 	lvl26 	lvl27 	lvl28 	lvl29 	lvl30 	lvl31 	lvl32 	lvl33 	lvl34 	lvl35 	lvl36 	lvl37 	lvl38 	lvl39 	lvl40 	lvl41 
100000   	0    	4.130900e-03	1     	2     	4     	8     	16    	32    	63    	119   	223   	422   	756   	1291  	2079  	3094  	4381  	5663  	6853  	7853  	8536  	8845  	8542  	7939  	7052  	6157  	5098  	4123  	3267  	2475  	1804  	1230  	837   	547   	324   	174   	101   	58    	21    	8     	2     	nan   	nan   	nan   
100000   	1    	3.841600e-03	1     	2     	4     	8     	16    	32    	64    	125   	239   	441   	767   	1231  	1893  	2742  	3760  	4861  	6002  	6901  	7696  	8265  	8482  	8298  	7760  	6794  	5653  	4641  	3746  	2883  	2231  	1608  	1095  	718   	445   	252   	150   	93    	53    	33    	10    	5     	nan   	nan   
100000   	2    	4.369100e-03	1     	2     	4     	8     	16    	32    	63    	123   	235   	439   	792   	1358  	2146  	3183  	4422  	5801  	7049  	8164  	8923  	9108  	8933  	8291  	7305  	6166  	5029  	3895  	2828  	2034  	1364  	866   	558   	335   	210   	140   	79    	46    	24    	10    	7     	6     	3     	2     
100000   	3    	4.414600e-03	1     	2     	4     	8     	16    	32    	62    	121   	231   	433   	740   	1255  	1906  	2816  	3965  	5263  	6521  	7524  	8237  	8631  	8591  	8279  	7639  	6699  	5541  	4430  	3340  	2522  	1836  	1208  	849   	564   	323   	201   	121   	57    	22    	9     	1     	nan   	nan   	nan   

