Criação das árvores ordenadas:
n_persons	index	time        
100000   	0    	5.046210e-02
100000   	1    	6.445820e-02
100000   	2    	5.397990e-02
100000   	3    	4.761120e-02

Procura de nós nas árvores:
n_persons	index	time        
100000   	0    	5.452640e-02
100000   	1    	5.921980e-02
100000   	2    	5.620890e-02
100000   	3    	4.970700e-02

Maior profundidade das árvores:
n_persons	index	time        	depth
100000   	0    	4.355200e-03	39   
100000   	1    	4.410500e-03	38   
100000   	2    	4.967800e-03	38   
100000   	3    	5.460700e-03	38   

Número de nós em cada nível:
n_persons	index	time        	lvl0  	lvl1  	lvl2  	lvl3  	lvl4  	lvl5  	lvl6  	lvl7  	lvl8  	lvl9  	lvl10 	lvl11 	lvl12 	lvl13 	lvl14 	lvl15 	lvl16 	lvl17 	lvl18 	lvl19 	lvl20 	lvl21 	lvl22 	lvl23 	lvl24 	lvl25 	lvl26 	lvl27 	lvl28 	lvl29 	lvl30 	lvl31 	lvl32 	lvl33 	lvl34 	lvl35 	lvl36 	lvl37 	lvl38 	lvl39 
100000   	0    	4.228900e-03	1     	2     	4     	8     	16    	32    	61    	116   	215   	395   	676   	1100  	1714  	2481  	3373  	4383  	5372  	6434  	7277  	7945  	8283  	8274  	7801  	7098  	6172  	5289  	4306  	3413  	2588  	1889  	1238  	809   	535   	324   	170   	110   	55    	26    	13    	2     
100000   	1    	4.043500e-03	1     	2     	4     	8     	16    	32    	64    	126   	238   	447   	803   	1340  	2157  	3242  	4554  	5916  	7177  	8230  	9043  	9312  	8994  	8121  	7141  	6060  	4933  	3746  	2715  	1947  	1378  	905   	572   	342   	199   	111   	63    	34    	19    	6     	2     	nan   
100000   	2    	4.485200e-03	1     	2     	4     	8     	16    	31    	61    	116   	218   	406   	742   	1226  	1889  	2804  	3995  	5273  	6552  	7529  	8171  	8565  	8638  	8433  	7854  	6830  	5751  	4447  	3341  	2425  	1637  	1118  	765   	492   	317   	182   	94    	39    	17    	9     	2     	nan   
100000   	3    	4.798200e-03	1     	2     	4     	8     	16    	32    	63    	119   	215   	375   	616   	993   	1510  	2225  	3221  	4443  	5768  	7104  	8154  	8948  	9269  	8940  	8189  	7206  	6070  	4955  	3832  	2826  	1930  	1245  	819   	454   	220   	127   	57    	26    	12    	5     	1     	nan   

