Criação das árvores ordenadas:
n_persons	index	time        
100000   	0    	5.535670e-02
100000   	1    	6.509190e-02
100000   	2    	5.710130e-02
100000   	3    	5.108280e-02

Procura de nós nas árvores:
n_persons	index	time        
100000   	0    	5.815010e-02
100000   	1    	6.593220e-02
100000   	2    	6.142090e-02
100000   	3    	5.539620e-02

Maior profundidade das árvores:
n_persons	index	time        	depth
100000   	0    	4.768900e-03	39   
100000   	1    	4.736000e-03	44   
100000   	2    	5.269400e-03	42   
100000   	3    	5.442000e-03	38   

Número de nós em cada nível:
n_persons	index	time        	lvl0  	lvl1  	lvl2  	lvl3  	lvl4  	lvl5  	lvl6  	lvl7  	lvl8  	lvl9  	lvl10 	lvl11 	lvl12 	lvl13 	lvl14 	lvl15 	lvl16 	lvl17 	lvl18 	lvl19 	lvl20 	lvl21 	lvl22 	lvl23 	lvl24 	lvl25 	lvl26 	lvl27 	lvl28 	lvl29 	lvl30 	lvl31 	lvl32 	lvl33 	lvl34 	lvl35 	lvl36 	lvl37 	lvl38 	lvl39 	lvl40 	lvl41 	lvl42 	lvl43 	lvl44 
100000   	0    	4.460900e-03	1     	2     	4     	8     	16    	32    	62    	121   	224   	411   	717   	1183  	1837  	2723  	3753  	4929  	6224  	7477  	8488  	9148  	9232  	8864  	7946  	6873  	5534  	4342  	3258  	2330  	1580  	1031  	686   	415   	232   	154   	89    	42    	23    	6     	2     	1     	nan   	nan   	nan   	nan   	nan   
100000   	1    	4.369000e-03	1     	2     	4     	8     	16    	32    	63    	124   	231   	426   	750   	1233  	1924  	2865  	4023  	5230  	6401  	7490  	8140  	8386  	8286  	7816  	7038  	6111  	5041  	4077  	3193  	2499  	1982  	1596  	1255  	953   	732   	549   	423   	319   	226   	161   	124   	113   	75    	40    	29    	10    	3     
100000   	2    	4.602100e-03	1     	2     	4     	8     	16    	32    	64    	127   	249   	448   	778   	1290  	1999  	2918  	3994  	5151  	6250  	7361  	8089  	8486  	8626  	8291  	7611  	6666  	5678  	4600  	3578  	2589  	1841  	1216  	769   	494   	310   	178   	118   	68    	39    	26    	16    	9     	7     	2     	1     	nan   	nan   
100000   	3    	4.244700e-03	1     	2     	4     	8     	16    	32    	62    	118   	211   	362   	636   	1036  	1662  	2587  	3756  	5024  	6460  	7689  	8526  	8874  	8821  	8456  	7655  	6700  	5663  	4598  	3550  	2634  	1826  	1189  	797   	485   	288   	146   	66    	43    	11    	5     	1     	nan   	nan   	nan   	nan   	nan   	nan   

