Criação das árvores ordenadas:
n_persons	index	time        
100000   	0    	1.088478e-01
100000   	1    	8.408190e-02
100000   	2    	6.014440e-02
100000   	3    	5.236450e-02

Procura de nós nas árvores:
n_persons	index	time        
100000   	0    	5.312920e-02
100000   	1    	6.461610e-02
100000   	2    	6.155990e-02
100000   	3    	5.289890e-02

Maior profundidade das árvores:
n_persons	index	time        	depth
100000   	0    	4.872100e-03	39   
100000   	1    	4.647400e-03	41   
100000   	2    	5.003300e-03	37   
100000   	3    	5.027900e-03	41   

Número de nós em cada nível:
n_persons	index	time        	lvl0  	lvl1  	lvl2  	lvl3  	lvl4  	lvl5  	lvl6  	lvl7  	lvl8  	lvl9  	lvl10 	lvl11 	lvl12 	lvl13 	lvl14 	lvl15 	lvl16 	lvl17 	lvl18 	lvl19 	lvl20 	lvl21 	lvl22 	lvl23 	lvl24 	lvl25 	lvl26 	lvl27 	lvl28 	lvl29 	lvl30 	lvl31 	lvl32 	lvl33 	lvl34 	lvl35 	lvl36 	lvl37 	lvl38 	lvl39 	lvl40 	lvl41 
100000   	0    	4.215800e-03	1     	2     	4     	8     	16    	32    	64    	127   	246   	457   	788   	1291  	1980  	2833  	3903  	5058  	6227  	7267  	7963  	8335  	8525  	8251  	7538  	6577  	5614  	4638  	3670  	2748  	2039  	1432  	966   	606   	377   	235   	114   	47    	16    	3     	1     	1     	nan   	nan   
100000   	1    	4.240600e-03	1     	2     	4     	8     	16    	32    	64    	125   	236   	422   	716   	1161  	1783  	2617  	3672  	4827  	6077  	7211  	8079  	8599  	8632  	8291  	7769  	6998  	6079  	5032  	3837  	2764  	1895  	1273  	767   	458   	266   	143   	78    	43    	13    	5     	2     	1     	1     	1     
100000   	2    	4.626200e-03	1     	2     	4     	8     	16    	31    	61    	116   	206   	343   	585   	990   	1621  	2477  	3545  	4761  	6000  	7221  	8192  	8947  	9276  	9017  	8325  	7272  	6053  	4779  	3500  	2428  	1678  	1069  	637   	374   	225   	119   	66    	36    	15    	4     	nan   	nan   	nan   	nan   
100000   	3    	4.558700e-03	1     	2     	4     	8     	16    	32    	64    	127   	245   	440   	765   	1236  	1878  	2690  	3564  	4547  	5478  	6480  	7418  	8156  	8552  	8392  	8019  	7285  	6321  	5222  	4056  	2987  	2102  	1406  	928   	619   	372   	249   	143   	87    	47    	31    	19    	7     	3     	2     

