Criação das árvores ordenadas:
n_persons	index	time        
100000   	0    	5.546380e-02
100000   	1    	7.168890e-02
100000   	2    	6.011290e-02
100000   	3    	5.918040e-02

Procura de nós nas árvores:
n_persons	index	time        
100000   	0    	5.601730e-02
100000   	1    	9.089470e-02
100000   	2    	6.258110e-02
100000   	3    	5.166080e-02

Maior profundidade das árvores:
n_persons	index	time        	depth
100000   	0    	4.941000e-03	38   
100000   	1    	5.418500e-03	45   
100000   	2    	6.114900e-03	46   
100000   	3    	7.144700e-03	38   

Número de nós em cada nível:
n_persons	index	time        	lvl0  	lvl1  	lvl2  	lvl3  	lvl4  	lvl5  	lvl6  	lvl7  	lvl8  	lvl9  	lvl10 	lvl11 	lvl12 	lvl13 	lvl14 	lvl15 	lvl16 	lvl17 	lvl18 	lvl19 	lvl20 	lvl21 	lvl22 	lvl23 	lvl24 	lvl25 	lvl26 	lvl27 	lvl28 	lvl29 	lvl30 	lvl31 	lvl32 	lvl33 	lvl34 	lvl35 	lvl36 	lvl37 	lvl38 	lvl39 	lvl40 	lvl41 	lvl42 	lvl43 	lvl44 	lvl45 	lvl46 
100000   	0    	5.894700e-03	1     	2     	4     	8     	16    	32    	61    	122   	219   	383   	647   	1077  	1651  	2427  	3453  	4757  	6265  	7623  	8745  	9344  	9498  	9016  	8108  	6982  	5689  	4413  	3258  	2238  	1506  	981   	614   	377   	229   	127   	65    	34    	17    	9     	2     	nan   	nan   	nan   	nan   	nan   	nan   	nan   	nan   
100000   	1    	5.106500e-03	1     	2     	4     	8     	16    	32    	63    	118   	205   	358   	601   	1010  	1609  	2418  	3415  	4502  	5577  	6495  	7207  	7617  	7660  	7362  	6980  	6350  	5755  	5152  	4512  	3766  	2998  	2302  	1781  	1297  	950   	630   	420   	285   	205   	136   	86    	44    	26    	23    	14    	4     	3     	1     	nan   
100000   	2    	5.211000e-03	1     	2     	4     	8     	16    	32    	64    	125   	236   	451   	797   	1342  	2116  	3137  	4343  	5584  	6741  	7690  	8192  	8172  	7816  	7240  	6335  	5515  	4662  	3854  	3145  	2511  	2005  	1611  	1258  	1052  	854   	725   	569   	456   	370   	301   	240   	184   	118   	75    	35    	8     	5     	2     	1     
100000   	3    	5.030600e-03	1     	2     	4     	8     	16    	32    	64    	127   	242   	436   	756   	1280  	2052  	3097  	4414  	5853  	7142  	8230  	8857  	9095  	8952  	8376  	7382  	6229  	5111  	3935  	2886  	2077  	1376  	910   	514   	274   	131   	77    	35    	16    	7     	3     	1     	nan   	nan   	nan   	nan   	nan   	nan   	nan   	nan   

