Criação das árvores ordenadas:
n_persons	index	time        
100000   	0    	5.392090e-02
100000   	1    	6.467690e-02
100000   	2    	5.411800e-02
100000   	3    	4.591980e-02

Procura de nós nas árvores:
n_persons	index	time        
100000   	0    	5.473070e-02
100000   	1    	6.897850e-02
100000   	2    	1.024577e-01
100000   	3    	7.472510e-02

Maior profundidade das árvores:
n_persons	index	time        	depth
100000   	0    	4.438300e-03	41   
100000   	1    	5.047600e-03	40   
100000   	2    	4.958300e-03	37   
100000   	3    	4.984000e-03	38   

Número de nós em cada nível:
n_persons	index	time        	lvl0  	lvl1  	lvl2  	lvl3  	lvl4  	lvl5  	lvl6  	lvl7  	lvl8  	lvl9  	lvl10 	lvl11 	lvl12 	lvl13 	lvl14 	lvl15 	lvl16 	lvl17 	lvl18 	lvl19 	lvl20 	lvl21 	lvl22 	lvl23 	lvl24 	lvl25 	lvl26 	lvl27 	lvl28 	lvl29 	lvl30 	lvl31 	lvl32 	lvl33 	lvl34 	lvl35 	lvl36 	lvl37 	lvl38 	lvl39 	lvl40 	lvl41 
100000   	0    	3.945600e-03	1     	2     	4     	8     	16    	32    	64    	124   	238   	435   	742   	1173  	1777  	2571  	3474  	4420  	5504  	6462  	7275  	7829  	8090  	8106  	7639  	6880  	6154  	5145  	4316  	3371  	2604  	1913  	1366  	930   	592   	339   	188   	112   	62    	27    	9     	3     	2     	1     
100000   	1    	4.567100e-03	1     	2     	4     	8     	16    	32    	64    	119   	224   	405   	714   	1213  	1889  	2834  	3949  	5265  	6587  	7848  	8783  	9184  	9143  	8663  	7812  	6670  	5396  	4190  	3088  	2161  	1433  	943   	618   	371   	189   	108   	40    	16    	6     	4     	4     	2     	2     	nan   
100000   	2    	4.940200e-03	1     	2     	4     	8     	16    	32    	64    	128   	248   	444   	788   	1287  	1982  	2897  	3970  	5156  	6362  	7491  	8609  	9097  	9203  	8798  	7848  	6821  	5642  	4376  	3181  	2130  	1441  	878   	492   	273   	154   	85    	46    	30    	13    	3     	nan   	nan   	nan   	nan   
100000   	3    	5.464000e-03	1     	2     	4     	8     	16    	32    	63    	124   	239   	442   	783   	1314  	2078  	3068  	4273  	5654  	7104  	8249  	9024  	9297  	9081  	8404  	7421  	6164  	4958  	3805  	2772  	1976  	1436  	968   	552   	331   	175   	109   	50    	15    	5     	2     	1     	nan   	nan   	nan   

