Criação das árvores ordenadas:
n_persons	index	time        
100000   	0    	5.096590e-02
100000   	1    	6.250220e-02
100000   	2    	5.365610e-02
100000   	3    	4.631640e-02

Procura de nós nas árvores:
n_persons	index	time        
100000   	0    	5.093210e-02
100000   	1    	6.420000e-02
100000   	2    	5.640550e-02
100000   	3    	5.184540e-02

Maior profundidade das árvores:
n_persons	index	time        	depth
100000   	0    	4.375100e-03	39   
100000   	1    	5.012600e-03	40   
100000   	2    	4.958600e-03	38   
100000   	3    	4.833800e-03	37   

Número de nós em cada nível:
n_persons	index	time        	lvl0  	lvl1  	lvl2  	lvl3  	lvl4  	lvl5  	lvl6  	lvl7  	lvl8  	lvl9  	lvl10 	lvl11 	lvl12 	lvl13 	lvl14 	lvl15 	lvl16 	lvl17 	lvl18 	lvl19 	lvl20 	lvl21 	lvl22 	lvl23 	lvl24 	lvl25 	lvl26 	lvl27 	lvl28 	lvl29 	lvl30 	lvl31 	lvl32 	lvl33 	lvl34 	lvl35 	lvl36 	lvl37 	lvl38 	lvl39 	lvl40 
100000   	0    	3.954800e-03	1     	2     	4     	8     	16    	32    	63    	119   	224   	392   	654   	1068  	1669  	2486  	3487  	4582  	5825  	7045  	8001  	8761  	9114  	8755  	8121  	7161  	6090  	4896  	3729  	2714  	1854  	1197  	774   	466   	294   	170   	106   	60    	30    	19    	9     	2     	nan   
100000   	1    	6.646300e-03	1     	2     	4     	8     	16    	32    	63    	119   	207   	360   	578   	923   	1419  	2063  	2891  	3881  	4966  	6009  	7040  	7894  	8340  	8436  	8037  	7466  	6690  	5680  	4726  	3750  	2778  	2015  	1347  	940   	572   	349   	192   	113   	56    	20    	12    	4     	1     
100000   	2    	5.304600e-03	1     	2     	4     	8     	15    	30    	60    	116   	218   	395   	695   	1180  	1836  	2772  	3911  	5198  	6512  	7718  	8663  	9214  	9098  	8732  	7896  	6864  	5651  	4306  	3244  	2270  	1443  	891   	545   	273   	141   	61    	22    	8     	4     	2     	1     	nan   	nan   
100000   	3    	1.425930e-02	1     	2     	4     	8     	16    	32    	64    	127   	243   	451   	786   	1280  	1966  	2935  	4019  	5283  	6530  	7685  	8768  	9339  	9401  	8873  	7757  	6569  	5228  	4010  	3017  	2132  	1447  	904   	559   	288   	136   	69    	40    	24    	6     	1     	nan   	nan   	nan   

