Criação das árvores ordenadas:
n_persons	index	time        
100000   	0    	5.096310e-02
100000   	1    	6.762960e-02
100000   	2    	5.627250e-02
100000   	3    	4.639850e-02

Procura de nós nas árvores:
n_persons	index	time        
100000   	0    	5.471330e-02
100000   	1    	6.315490e-02
100000   	2    	5.677010e-02
100000   	3    	5.442500e-02

Maior profundidade das árvores:
n_persons	index	time        	depth
100000   	0    	4.785800e-03	40   
100000   	1    	4.614600e-03	37   
100000   	2    	4.848000e-03	39   
100000   	3    	4.978500e-03	40   

Número de nós em cada nível:
n_persons	index	time        	lvl0  	lvl1  	lvl2  	lvl3  	lvl4  	lvl5  	lvl6  	lvl7  	lvl8  	lvl9  	lvl10 	lvl11 	lvl12 	lvl13 	lvl14 	lvl15 	lvl16 	lvl17 	lvl18 	lvl19 	lvl20 	lvl21 	lvl22 	lvl23 	lvl24 	lvl25 	lvl26 	lvl27 	lvl28 	lvl29 	lvl30 	lvl31 	lvl32 	lvl33 	lvl34 	lvl35 	lvl36 	lvl37 	lvl38 	lvl39 	lvl40 
100000   	0    	4.137600e-03	1     	2     	4     	8     	16    	31    	57    	110   	204   	357   	614   	1017  	1589  	2343  	3310  	4427  	5569  	6763  	7833  	8612  	8963  	8858  	8410  	7536  	6385  	5075  	3823  	2819  	1891  	1291  	833   	530   	328   	185   	90    	57    	31    	15    	9     	3     	1     
100000   	1    	4.050400e-03	1     	2     	4     	8     	16    	32    	64    	126   	245   	455   	782   	1297  	1980  	2865  	3972  	5118  	6338  	7347  	8107  	8572  	8775  	8504  	7837  	6788  	5603  	4458  	3363  	2457  	1721  	1173  	825   	521   	316   	188   	86    	37    	14    	3     	nan   	nan   	nan   
100000   	2    	4.681100e-03	1     	2     	4     	8     	16    	32    	63    	124   	238   	439   	763   	1250  	1979  	2873  	4014  	5188  	6366  	7501  	8351  	8841  	8862  	8541  	7754  	6712  	5529  	4383  	3338  	2399  	1647  	1049  	692   	436   	250   	162   	99    	48    	26    	14    	5     	1     	nan   
100000   	3    	4.502400e-03	1     	2     	4     	8     	16    	32    	64    	126   	241   	450   	813   	1388  	2181  	3194  	4343  	5548  	6720  	7776  	8496  	8834  	8605  	7901  	6979  	5980  	4865  	3966  	3206  	2579  	1944  	1367  	889   	569   	372   	225   	160   	86    	45    	18    	5     	1     	1     

