Criação das árvores ordenadas:
n_persons	index	time        
100000   	0    	5.107380e-02
100000   	1    	6.376540e-02
100000   	2    	5.944400e-02
100000   	3    	4.748860e-02

Procura de nós nas árvores:
n_persons	index	time        
100000   	0    	5.111900e-02
100000   	1    	6.091230e-02
100000   	2    	5.595360e-02
100000   	3    	5.024630e-02

Maior profundidade das árvores:
n_persons	index	time        	depth
100000   	0    	4.480200e-03	41   
100000   	1    	4.373000e-03	40   
100000   	2    	4.901900e-03	39   
100000   	3    	4.802700e-03	37   

Número de nós em cada nível:
n_persons	index	time        	lvl0  	lvl1  	lvl2  	lvl3  	lvl4  	lvl5  	lvl6  	lvl7  	lvl8  	lvl9  	lvl10 	lvl11 	lvl12 	lvl13 	lvl14 	lvl15 	lvl16 	lvl17 	lvl18 	lvl19 	lvl20 	lvl21 	lvl22 	lvl23 	lvl24 	lvl25 	lvl26 	lvl27 	lvl28 	lvl29 	lvl30 	lvl31 	lvl32 	lvl33 	lvl34 	lvl35 	lvl36 	lvl37 	lvl38 	lvl39 	lvl40 	lvl41 
100000   	0    	4.094500e-03	1     	2     	4     	8     	16    	32    	63    	124   	240   	446   	758   	1248  	2021  	2999  	4227  	5543  	6706  	7840  	8479  	8724  	8621  	7904  	7125  	6134  	5103  	4037  	3163  	2373  	1793  	1253  	936   	696   	469   	330   	222   	139   	93    	52    	37    	24    	12    	3     
100000   	1    	4.285600e-03	1     	2     	4     	8     	16    	32    	64    	122   	224   	393   	662   	1042  	1591  	2337  	3229  	4305  	5450  	6531  	7442  	7973  	8380  	8386  	7896  	7253  	6336  	5361  	4228  	3221  	2416  	1724  	1213  	839   	573   	338   	182   	110   	58    	30    	18    	8     	2     	nan   
100000   	2    	4.596000e-03	1     	2     	4     	8     	16    	32    	63    	123   	232   	413   	712   	1153  	1801  	2708  	3892  	5304  	6687  	7986  	8917  	9395  	9281  	8582  	7689  	6660  	5431  	4177  	3067  	2070  	1327  	871   	582   	355   	201   	129   	66    	29    	22    	8     	2     	2     	nan   	nan   
100000   	3    	4.755100e-03	1     	2     	4     	8     	16    	32    	64    	124   	233   	425   	732   	1213  	1857  	2746  	3876  	5140  	6350  	7549  	8497  	9066  	8969  	8527  	7744  	6703  	5511  	4353  	3348  	2430  	1676  	1155  	727   	452   	255   	119   	58    	26    	8     	4     	nan   	nan   	nan   	nan   

