Criação das árvores ordenadas:
n_persons	index	time        
100000   	0    	5.128550e-02
100000   	1    	6.160550e-02
100000   	2    	5.422170e-02
100000   	3    	4.796660e-02

Procura de nós nas árvores:
n_persons	index	time        
100000   	0    	5.179050e-02
100000   	1    	5.835840e-02
100000   	2    	5.478650e-02
100000   	3    	5.185890e-02

Maior profundidade das árvores:
n_persons	index	time        	depth
100000   	0    	4.595500e-03	38   
100000   	1    	4.450500e-03	37   
100000   	2    	6.301100e-03	36   
100000   	3    	5.166300e-03	39   

Número de nós em cada nível:
n_persons	index	time        	lvl0  	lvl1  	lvl2  	lvl3  	lvl4  	lvl5  	lvl6  	lvl7  	lvl8  	lvl9  	lvl10 	lvl11 	lvl12 	lvl13 	lvl14 	lvl15 	lvl16 	lvl17 	lvl18 	lvl19 	lvl20 	lvl21 	lvl22 	lvl23 	lvl24 	lvl25 	lvl26 	lvl27 	lvl28 	lvl29 	lvl30 	lvl31 	lvl32 	lvl33 	lvl34 	lvl35 	lvl36 	lvl37 	lvl38 	lvl39 
100000   	0    	4.399700e-03	1     	2     	4     	8     	16    	32    	64    	128   	236   	423   	743   	1246  	1953  	2935  	4159  	5604  	6975  	8237  	9103  	9312  	9099  	8446  	7610  	6498  	5324  	4079  	2930  	2035  	1243  	752   	391   	168   	92    	55    	40    	32    	15    	6     	4     	nan   
100000   	1    	4.255100e-03	1     	2     	4     	8     	16    	32    	64    	126   	246   	435   	742   	1174  	1771  	2530  	3488  	4518  	5640  	6898  	7976  	8862  	9212  	9132  	8486  	7285  	6053  	4748  	3561  	2516  	1757  	1127  	725   	423   	242   	116   	54    	21    	7     	2     	nan   	nan   
100000   	2    	5.221400e-03	1     	2     	4     	8     	16    	32    	63    	123   	235   	426   	745   	1278  	2031  	2987  	4138  	5464  	6829  	8074  	8923  	9459  	9404  	8868  	7882  	6557  	5076  	3924  	2733  	1890  	1160  	696   	419   	262   	152   	84    	38    	13    	4     	nan   	nan   	nan   
100000   	3    	4.914800e-03	1     	2     	4     	8     	16    	32    	64    	127   	240   	447   	770   	1275  	1937  	2783  	3748  	4873  	6017  	7152  	8001  	8592  	8755  	8515  	7969  	7016  	5885  	4738  	3669  	2640  	1816  	1150  	711   	399   	260   	168   	97    	64    	34    	17    	7     	1     

