Criação das árvores ordenadas:
n_persons	index	time        
100000   	0    	5.926520e-02
100000   	1    	6.551280e-02
100000   	2    	5.785920e-02
100000   	3    	4.929670e-02

Procura de nós nas árvores:
n_persons	index	time        
100000   	0    	5.374470e-02
100000   	1    	6.480550e-02
100000   	2    	6.724470e-02
100000   	3    	5.584930e-02

Maior profundidade das árvores:
n_persons	index	time        	depth
100000   	0    	5.261700e-03	39   
100000   	1    	4.951400e-03	38   
100000   	2    	5.323700e-03	40   
100000   	3    	5.554800e-03	39   

Número de nós em cada nível:
n_persons	index	time        	lvl0  	lvl1  	lvl2  	lvl3  	lvl4  	lvl5  	lvl6  	lvl7  	lvl8  	lvl9  	lvl10 	lvl11 	lvl12 	lvl13 	lvl14 	lvl15 	lvl16 	lvl17 	lvl18 	lvl19 	lvl20 	lvl21 	lvl22 	lvl23 	lvl24 	lvl25 	lvl26 	lvl27 	lvl28 	lvl29 	lvl30 	lvl31 	lvl32 	lvl33 	lvl34 	lvl35 	lvl36 	lvl37 	lvl38 	lvl39 	lvl40 
100000   	0    	4.251700e-03	1     	2     	4     	8     	16    	32    	63    	118   	229   	419   	718   	1172  	1857  	2785  	3962  	5242  	6515  	7603  	8414  	8917  	8995  	8430  	7700  	6755  	5620  	4351  	3302  	2392  	1589  	1087  	705   	453   	247   	135   	73    	43    	25    	14    	6     	1     	nan   
100000   	1    	4.362600e-03	1     	2     	4     	8     	16    	32    	63    	119   	226   	400   	678   	1083  	1697  	2468  	3397  	4525  	5746  	6859  	7658  	8215  	8456  	8386  	8011  	7335  	6397  	5303  	4153  	3103  	2121  	1452  	902   	534   	322   	172   	100   	36    	15    	4     	1     	nan   	nan   
100000   	2    	4.466300e-03	1     	2     	4     	8     	16    	31    	59    	115   	219   	410   	720   	1199  	1857  	2717  	3800  	5087  	6451  	7575  	8477  	8980  	8903  	8426  	7496  	6454  	5318  	4358  	3326  	2565  	1870  	1303  	887   	566   	378   	222   	116   	49    	19    	11    	3     	1     	1     
100000   	3    	5.659000e-03	1     	2     	4     	8     	16    	32    	63    	123   	241   	447   	789   	1333  	2095  	3152  	4526  	5968  	7439  	8600  	9498  	9756  	9387  	8518  	7292  	5860  	4550  	3401  	2411  	1672  	1119  	696   	430   	253   	141   	86    	48    	18    	11    	7     	5     	2     	nan   

