Criação das árvores ordenadas:
n_persons	index	time        
100000   	0    	5.294660e-02
100000   	1    	6.662540e-02
100000   	2    	5.457120e-02
100000   	3    	4.891230e-02

Procura de nós nas árvores:
n_persons	index	time        
100000   	0    	5.197320e-02
100000   	1    	6.054460e-02
100000   	2    	5.679140e-02
100000   	3    	4.978730e-02

Maior profundidade das árvores:
n_persons	index	time        	depth
100000   	0    	4.324300e-03	38   
100000   	1    	4.587600e-03	41   
100000   	2    	5.547000e-03	42   
100000   	3    	4.913200e-03	39   

Número de nós em cada nível:
n_persons	index	time        	lvl0  	lvl1  	lvl2  	lvl3  	lvl4  	lvl5  	lvl6  	lvl7  	lvl8  	lvl9  	lvl10 	lvl11 	lvl12 	lvl13 	lvl14 	lvl15 	lvl16 	lvl17 	lvl18 	lvl19 	lvl20 	lvl21 	lvl22 	lvl23 	lvl24 	lvl25 	lvl26 	lvl27 	lvl28 	lvl29 	lvl30 	lvl31 	lvl32 	lvl33 	lvl34 	lvl35 	lvl36 	lvl37 	lvl38 	lvl39 	lvl40 	lvl41 	lvl42 
100000   	0    	3.917400e-03	1     	2     	4     	8     	16    	32    	62    	117   	215   	384   	659   	1053  	1625  	2367  	3357  	4463  	5805  	7124  	8151  	8770  	9111  	8810  	8151  	7223  	6093  	4871  	3796  	2735  	1885  	1246  	818   	487   	274   	140   	70    	49    	19    	5     	2     	nan   	nan   	nan   	nan   
100000   	1    	3.776500e-03	1     	2     	4     	8     	14    	28    	46    	78    	140   	249   	418   	673   	1056  	1560  	2271  	3125  	4046  	5097  	6207  	7276  	7965  	8351  	8471  	8215  	7491  	6538  	5476  	4342  	3331  	2454  	1749  	1210  	830   	536   	345   	192   	108   	50    	26    	12    	5     	4     	nan   
100000   	2    	4.426300e-03	1     	2     	4     	8     	16    	32    	64    	125   	230   	411   	690   	1136  	1755  	2586  	3612  	4702  	5803  	6820  	7515  	7995  	8050  	7919  	7541  	6933  	6146  	5271  	4233  	3331  	2448  	1718  	1137  	726   	470   	257   	153   	80    	43    	18    	9     	5     	2     	2     	1     
100000   	3    	4.595000e-03	1     	2     	4     	8     	16    	32    	62    	121   	229   	403   	695   	1157  	1784  	2650  	3721  	4964  	6155  	7222  	8026  	8519  	8615  	8263  	7684  	6698  	5662  	4641  	3703  	2885  	2132  	1437  	973   	682   	408   	223   	122   	54    	28    	13    	5     	1     	nan   	nan   	nan   

