Criação das árvores ordenadas:
n_persons	index	time        
100000   	0    	5.744540e-02
100000   	1    	6.640680e-02
100000   	2    	5.387080e-02
100000   	3    	4.730220e-02

Procura de nós nas árvores:
n_persons	index	time        
100000   	0    	5.439150e-02
100000   	1    	6.676380e-02
100000   	2    	5.786760e-02
100000   	3    	5.183640e-02

Maior profundidade das árvores:
n_persons	index	time        	depth
100000   	0    	4.361900e-03	44   
100000   	1    	4.461400e-03	42   
100000   	2    	5.187300e-03	37   
100000   	3    	5.000200e-03	38   

Número de nós em cada nível:
n_persons	index	time        	lvl0  	lvl1  	lvl2  	lvl3  	lvl4  	lvl5  	lvl6  	lvl7  	lvl8  	lvl9  	lvl10 	lvl11 	lvl12 	lvl13 	lvl14 	lvl15 	lvl16 	lvl17 	lvl18 	lvl19 	lvl20 	lvl21 	lvl22 	lvl23 	lvl24 	lvl25 	lvl26 	lvl27 	lvl28 	lvl29 	lvl30 	lvl31 	lvl32 	lvl33 	lvl34 	lvl35 	lvl36 	lvl37 	lvl38 	lvl39 	lvl40 	lvl41 	lvl42 	lvl43 	lvl44 
100000   	0    	3.914500e-03	1     	2     	4     	8     	16    	31    	62    	117   	216   	385   	645   	1075  	1725  	2547  	3465  	4596  	5728  	6703  	7494  	8052  	8205  	8035  	7591  	6938  	6140  	5179  	4212  	3301  	2552  	1861  	1230  	815   	476   	252   	169   	95    	42    	14    	9     	6     	2     	1     	1     	1     	1     
100000   	1    	4.010700e-03	1     	2     	4     	8     	16    	32    	63    	121   	225   	401   	664   	1067  	1596  	2265  	3128  	4099  	5023  	5884  	6651  	7070  	7308  	7196  	6882  	6506  	6035  	5448  	4824  	4233  	3547  	2875  	2143  	1556  	1121  	768   	535   	324   	168   	96    	60    	31    	17    	5     	2     	nan   	nan   
100000   	2    	4.143300e-03	1     	2     	4     	8     	16    	32    	63    	121   	230   	407   	723   	1189  	1821  	2704  	3798  	5020  	6380  	7546  	8437  	8920  	8879  	8479  	7640  	6532  	5439  	4365  	3446  	2479  	1822  	1284  	853   	591   	358   	208   	103   	62    	30    	8     	nan   	nan   	nan   	nan   	nan   	nan   	nan   
100000   	3    	4.797700e-03	1     	2     	4     	8     	16    	32    	63    	123   	225   	381   	641   	1031  	1568  	2228  	3066  	4045  	5194  	6347  	7418  	8213  	8752  	8809  	8564  	7804  	6661  	5484  	4145  	3091  	2177  	1487  	975   	622   	403   	230   	99    	57    	23    	10    	1     	nan   	nan   	nan   	nan   	nan   	nan   

