Criação das árvores ordenadas:
n_persons	index	time        
100000   	0    	5.139630e-02
100000   	1    	1.285981e-01
100000   	2    	8.832820e-02
100000   	3    	5.267870e-02

Procura de nós nas árvores:
n_persons	index	time        
100000   	0    	7.539950e-02
100000   	1    	7.637750e-02
100000   	2    	6.241660e-02
100000   	3    	4.987810e-02

Maior profundidade das árvores:
n_persons	index	time        	depth
100000   	0    	4.395000e-03	40   
100000   	1    	4.335900e-03	42   
100000   	2    	5.289800e-03	40   
100000   	3    	5.159200e-03	37   

Número de nós em cada nível:
n_persons	index	time        	lvl0  	lvl1  	lvl2  	lvl3  	lvl4  	lvl5  	lvl6  	lvl7  	lvl8  	lvl9  	lvl10 	lvl11 	lvl12 	lvl13 	lvl14 	lvl15 	lvl16 	lvl17 	lvl18 	lvl19 	lvl20 	lvl21 	lvl22 	lvl23 	lvl24 	lvl25 	lvl26 	lvl27 	lvl28 	lvl29 	lvl30 	lvl31 	lvl32 	lvl33 	lvl34 	lvl35 	lvl36 	lvl37 	lvl38 	lvl39 	lvl40 	lvl41 	lvl42 
100000   	0    	4.254400e-03	1     	2     	4     	8     	16    	32    	64    	127   	245   	452   	791   	1329  	2120  	3190  	4381  	5679  	6969  	8141  	8931  	9171  	9083  	8512  	7720  	6380  	5030  	3808  	2711  	1824  	1237  	842   	514   	292   	179   	103   	53    	28    	14    	9     	4     	3     	1     	nan   	nan   
100000   	1    	5.048500e-03	1     	2     	4     	8     	16    	32    	63    	113   	195   	325   	547   	833   	1243  	1819  	2494  	3223  	4019  	4879  	5800  	6584  	7164  	7555  	7745  	7691  	7291  	6575  	5765  	4731  	3809  	2937  	2159  	1511  	1046  	682   	432   	273   	187   	107   	79    	40    	16    	4     	1     
100000   	2    	5.662700e-03	1     	2     	4     	8     	16    	32    	63    	120   	220   	407   	711   	1178  	1859  	2780  	3814  	4977  	6140  	7224  	8110  	8711  	8819  	8482  	7763  	6774  	5650  	4557  	3587  	2684  	1941  	1296  	837   	521   	309   	188   	109   	60    	27    	8     	5     	4     	2     	nan   	nan   
100000   	3    	4.700800e-03	1     	2     	4     	8     	16    	32    	63    	123   	239   	436   	768   	1269  	1951  	2847  	3959  	5245  	6623  	7894  	8847  	9389  	9365  	8900  	7871  	6581  	5360  	4150  	2959  	2015  	1292  	818   	471   	256   	129   	72    	33    	8     	3     	1     	nan   	nan   	nan   	nan   	nan   

