Criação das árvores ordenadas:
n_persons	index	time        
100000   	0    	6.988060e-02
100000   	1    	6.415170e-02
100000   	2    	5.500770e-02
100000   	3    	4.780880e-02

Procura de nós nas árvores:
n_persons	index	time        
100000   	0    	5.311510e-02
100000   	1    	6.497120e-02
100000   	2    	5.880710e-02
100000   	3    	5.178470e-02

Maior profundidade das árvores:
n_persons	index	time        	depth
100000   	0    	4.962900e-03	39   
100000   	1    	4.517300e-03	40   
100000   	2    	4.871500e-03	41   
100000   	3    	5.193900e-03	36   

Número de nós em cada nível:
n_persons	index	time        	lvl0  	lvl1  	lvl2  	lvl3  	lvl4  	lvl5  	lvl6  	lvl7  	lvl8  	lvl9  	lvl10 	lvl11 	lvl12 	lvl13 	lvl14 	lvl15 	lvl16 	lvl17 	lvl18 	lvl19 	lvl20 	lvl21 	lvl22 	lvl23 	lvl24 	lvl25 	lvl26 	lvl27 	lvl28 	lvl29 	lvl30 	lvl31 	lvl32 	lvl33 	lvl34 	lvl35 	lvl36 	lvl37 	lvl38 	lvl39 	lvl40 	lvl41 
100000   	0    	4.388600e-03	1     	2     	4     	8     	16    	32    	64    	117   	217   	379   	674   	1115  	1768  	2647  	3663  	4842  	6038  	7084  	7900  	8445  	8559  	8375  	7788  	6964  	5963  	4791  	3728  	2863  	2058  	1406  	932   	608   	390   	244   	156   	91    	38    	20    	8     	2     	nan   	nan   
100000   	1    	4.038600e-03	1     	2     	4     	8     	16    	32    	62    	119   	219   	391   	648   	1052  	1665  	2474  	3468  	4682  	5955  	7186  	8249  	8901  	9164  	8960  	8169  	7115  	5801  	4510  	3428  	2529  	1760  	1221  	816   	554   	371   	211   	135   	72    	30    	11    	5     	2     	2     	nan   
100000   	2    	4.217100e-03	1     	2     	4     	8     	16    	32    	58    	112   	212   	373   	668   	1160  	1912  	2960  	4236  	5549  	6939  	8228  	9002  	9341  	9112  	8376  	7273  	6139  	4973  	3914  	3021  	2239  	1561  	1075  	672   	398   	212   	112   	55    	29    	12    	7     	4     	1     	1     	1     
100000   	3    	4.587300e-03	1     	2     	4     	8     	16    	32    	63    	125   	239   	439   	765   	1275  	1979  	2877  	3934  	5088  	6189  	7126  	8010  	8657  	8964  	8716  	8123  	7196  	5880  	4535  	3367  	2349  	1714  	1082  	634   	345   	159   	74    	28    	4     	1     	nan   	nan   	nan   	nan   	nan   

