Criação das árvores ordenadas:
n_persons	index	time        
100000   	0    	6.118300e-02
100000   	1    	7.428740e-02
100000   	2    	6.504240e-02
100000   	3    	5.755270e-02

Procura de nós nas árvores:
n_persons	index	time        
100000   	0    	7.422990e-02
100000   	1    	7.976500e-02
100000   	2    	6.909110e-02
100000   	3    	6.092850e-02

Maior profundidade das árvores:
n_persons	index	time        	depth
100000   	0    	4.629100e-03	39   
100000   	1    	5.084700e-03	40   
100000   	2    	5.172200e-03	39   
100000   	3    	5.361300e-03	40   

Número de nós em cada nível:
n_persons	index	time        	lvl0  	lvl1  	lvl2  	lvl3  	lvl4  	lvl5  	lvl6  	lvl7  	lvl8  	lvl9  	lvl10 	lvl11 	lvl12 	lvl13 	lvl14 	lvl15 	lvl16 	lvl17 	lvl18 	lvl19 	lvl20 	lvl21 	lvl22 	lvl23 	lvl24 	lvl25 	lvl26 	lvl27 	lvl28 	lvl29 	lvl30 	lvl31 	lvl32 	lvl33 	lvl34 	lvl35 	lvl36 	lvl37 	lvl38 	lvl39 	lvl40 
100000   	0    	4.305000e-03	1     	2     	4     	8     	16    	32    	63    	123   	236   	421   	730   	1180  	1846  	2731  	3795  	5060  	6296  	7373  	8295  	8903  	9155  	8928  	8141  	7114  	5849  	4577  	3305  	2262  	1467  	852   	506   	316   	198   	108   	56    	32    	12    	3     	2     	2     	nan   
100000   	1    	5.022100e-03	1     	2     	4     	8     	15    	28    	54    	102   	188   	327   	531   	873   	1352  	2015  	2898  	3997  	5281  	6550  	7682  	8452  	8930  	9020  	8670  	7786  	6705  	5375  	4152  	3066  	2149  	1459  	952   	605   	370   	195   	101   	59    	32    	8     	4     	1     	1     
100000   	2    	4.504700e-03	1     	2     	4     	8     	16    	32    	64    	128   	246   	452   	802   	1379  	2200  	3255  	4494  	5801  	7175  	8359  	9236  	9367  	9030  	8222  	7210  	6028  	4749  	3646  	2626  	1820  	1241  	848   	564   	395   	260   	152   	101   	48    	23    	8     	5     	3     	nan   
100000   	3    	4.895400e-03	1     	2     	4     	8     	16    	31    	61    	116   	225   	414   	722   	1219  	1887  	2823  	4020  	5369  	6715  	7949  	8790  	9051  	8809  	8116  	7174  	6237  	5236  	4283  	3337  	2439  	1759  	1218  	803   	504   	301   	183   	96    	47    	21    	9     	3     	1     	1     

