Criação das árvores ordenadas:
n_persons	index	time        
100000   	0    	5.504840e-02
100000   	1    	6.520180e-02
100000   	2    	5.886420e-02
100000   	3    	5.231820e-02

Procura de nós nas árvores:
n_persons	index	time        
100000   	0    	6.250650e-02
100000   	1    	6.928280e-02
100000   	2    	6.277670e-02
100000   	3    	5.543420e-02

Maior profundidade das árvores:
n_persons	index	time        	depth
100000   	0    	4.722800e-03	41   
100000   	1    	4.976300e-03	38   
100000   	2    	6.309900e-03	36   
100000   	3    	5.512000e-03	38   

Número de nós em cada nível:
n_persons	index	time        	lvl0  	lvl1  	lvl2  	lvl3  	lvl4  	lvl5  	lvl6  	lvl7  	lvl8  	lvl9  	lvl10 	lvl11 	lvl12 	lvl13 	lvl14 	lvl15 	lvl16 	lvl17 	lvl18 	lvl19 	lvl20 	lvl21 	lvl22 	lvl23 	lvl24 	lvl25 	lvl26 	lvl27 	lvl28 	lvl29 	lvl30 	lvl31 	lvl32 	lvl33 	lvl34 	lvl35 	lvl36 	lvl37 	lvl38 	lvl39 	lvl40 	lvl41 
100000   	0    	4.826700e-03	1     	2     	4     	8     	16    	32    	63    	124   	234   	429   	720   	1151  	1822  	2678  	3739  	5008  	6385  	7710  	8784  	9279  	9367  	8837  	7690  	6306  	5126  	3964  	2888  	2109  	1502  	1085  	820   	587   	499   	366   	253   	168   	119   	71    	36    	13    	4     	1     
100000   	1    	4.798800e-03	1     	2     	4     	8     	16    	32    	64    	126   	237   	443   	787   	1313  	2039  	3034  	4190  	5431  	6544  	7484  	8032  	8332  	8313  	7904  	7270  	6504  	5647  	4675  	3718  	2711  	1978  	1346  	814   	470   	261   	139   	75    	34    	16    	5     	1     	nan   	nan   	nan   
100000   	2    	4.603500e-03	1     	2     	4     	8     	16    	32    	63    	111   	200   	367   	638   	1082  	1754  	2677  	3836  	5187  	6692  	7963  	8882  	9505  	9483  	8854  	7833  	6572  	5379  	4162  	3110  	2186  	1420  	905   	542   	293   	140   	71    	21    	7     	2     	nan   	nan   	nan   	nan   	nan   
100000   	3    	4.413900e-03	1     	2     	4     	8     	16    	32    	64    	123   	240   	444   	794   	1305  	2045  	2990  	4092  	5326  	6440  	7354  	8007  	8341  	8258  	7907  	7246  	6392  	5448  	4449  	3567  	2756  	2045  	1567  	1077  	689   	467   	275   	130   	64    	25    	9     	1     	nan   	nan   	nan   

