Criação das árvores ordenadas:
n_persons	index	time        
100000   	0    	5.108220e-02
100000   	1    	6.276490e-02
100000   	2    	5.419480e-02
100000   	3    	4.795140e-02

Procura de nós nas árvores:
n_persons	index	time        
100000   	0    	5.069100e-02
100000   	1    	5.869440e-02
100000   	2    	5.701430e-02
100000   	3    	4.858310e-02

Maior profundidade das árvores:
n_persons	index	time        	depth
100000   	0    	4.637100e-03	39   
100000   	1    	4.464300e-03	40   
100000   	2    	4.773000e-03	36   
100000   	3    	4.750100e-03	44   

Número de nós em cada nível:
n_persons	index	time        	lvl0  	lvl1  	lvl2  	lvl3  	lvl4  	lvl5  	lvl6  	lvl7  	lvl8  	lvl9  	lvl10 	lvl11 	lvl12 	lvl13 	lvl14 	lvl15 	lvl16 	lvl17 	lvl18 	lvl19 	lvl20 	lvl21 	lvl22 	lvl23 	lvl24 	lvl25 	lvl26 	lvl27 	lvl28 	lvl29 	lvl30 	lvl31 	lvl32 	lvl33 	lvl34 	lvl35 	lvl36 	lvl37 	lvl38 	lvl39 	lvl40 	lvl41 	lvl42 	lvl43 	lvl44 
100000   	0    	4.215400e-03	1     	2     	4     	8     	16    	32    	61    	109   	185   	325   	531   	844   	1255  	1839  	2575  	3498  	4583  	5846  	7044  	8110  	8886  	9125  	8731  	8077  	7039  	5912  	4640  	3456  	2497  	1755  	1185  	746   	478   	263   	160   	87    	51    	27    	15    	2     	nan   	nan   	nan   	nan   	nan   
100000   	1    	3.905600e-03	1     	2     	4     	8     	16    	32    	64    	127   	242   	440   	771   	1266  	1966  	2841  	3854  	4996  	6052  	6972  	7591  	7978  	7996  	7762  	7326  	6698  	5882  	5068  	4038  	3150  	2325  	1607  	1080  	686   	446   	277   	184   	121   	70    	35    	18    	7     	1     	nan   	nan   	nan   	nan   
100000   	2    	4.456500e-03	1     	2     	4     	8     	16    	32    	62    	123   	238   	429   	750   	1256  	1965  	2907  	4079  	5429  	6789  	8076  	8917  	9388  	9401  	8876  	7963  	6776  	5310  	3973  	2719  	1819  	1195  	708   	405   	201   	116   	45    	16    	4     	2     	nan   	nan   	nan   	nan   	nan   	nan   	nan   	nan   
100000   	3    	4.343200e-03	1     	2     	4     	8     	16    	32    	63    	122   	222   	401   	644   	983   	1451  	2087  	2852  	3706  	4627  	5452  	6352  	7011  	7634  	8038  	8083  	7677  	6999  	6024  	5008  	4062  	3142  	2298  	1661  	1173  	795   	500   	319   	231   	126   	66    	50    	32    	20    	14    	7     	4     	1     

