Criação das árvores ordenadas:
n_persons	index	time        
100000   	0    	5.330750e-02
100000   	1    	6.367490e-02
100000   	2    	1.065269e-01
100000   	3    	7.179290e-02

Procura de nós nas árvores:
n_persons	index	time        
100000   	0    	6.043680e-02
100000   	1    	6.950450e-02
100000   	2    	5.972900e-02
100000   	3    	5.472450e-02

Maior profundidade das árvores:
n_persons	index	time        	depth
100000   	0    	6.825600e-03	40   
100000   	1    	5.505700e-03	40   
100000   	2    	5.308500e-03	40   
100000   	3    	4.964400e-03	42   

Número de nós em cada nível:
n_persons	index	time        	lvl0  	lvl1  	lvl2  	lvl3  	lvl4  	lvl5  	lvl6  	lvl7  	lvl8  	lvl9  	lvl10 	lvl11 	lvl12 	lvl13 	lvl14 	lvl15 	lvl16 	lvl17 	lvl18 	lvl19 	lvl20 	lvl21 	lvl22 	lvl23 	lvl24 	lvl25 	lvl26 	lvl27 	lvl28 	lvl29 	lvl30 	lvl31 	lvl32 	lvl33 	lvl34 	lvl35 	lvl36 	lvl37 	lvl38 	lvl39 	lvl40 	lvl41 	lvl42 
100000   	0    	4.188100e-03	1     	2     	4     	8     	16    	32    	63    	122   	221   	400   	703   	1177  	1880  	2792  	3914  	5045  	6211  	7400  	8341  	9020  	8967  	8620  	7724  	6595  	5370  	4318  	3267  	2520  	1747  	1208  	795   	564   	372   	239   	141   	85    	56    	40    	13    	6     	1     	nan   	nan   
100000   	1    	4.702000e-03	1     	2     	4     	8     	16    	31    	58    	107   	192   	334   	548   	893   	1373  	2002  	2838  	3725  	4651  	5563  	6437  	7127  	7730  	7973  	7980  	7539  	6923  	6128  	5020  	4090  	3160  	2370  	1824  	1254  	832   	518   	325   	208   	114   	59    	27    	13    	3     	nan   	nan   
100000   	2    	4.593900e-03	1     	2     	4     	8     	16    	32    	63    	113   	210   	365   	596   	969   	1494  	2176  	3019  	4077  	5293  	6543  	7667  	8400  	8604  	8567  	8128  	7388  	6341  	5360  	4241  	3260  	2434  	1732  	1172  	768   	449   	265   	134   	59    	28    	13    	5     	3     	1     	nan   	nan   
100000   	3    	5.019400e-03	1     	2     	4     	8     	16    	32    	62    	119   	219   	390   	663   	1017  	1583  	2282  	3185  	4231  	5329  	6426  	7480  	8344  	8766  	8871  	8387  	7591  	6424  	5236  	4060  	3001  	2146  	1503  	1008  	673   	418   	225   	134   	76    	36    	25    	16    	8     	1     	1     	1     

