Criação das árvores ordenadas:
n_persons	index	time        
100000   	0    	5.191600e-02
100000   	1    	6.332920e-02
100000   	2    	5.547290e-02
100000   	3    	4.587090e-02

Procura de nós nas árvores:
n_persons	index	time        
100000   	0    	5.534560e-02
100000   	1    	6.425350e-02
100000   	2    	5.746810e-02
100000   	3    	4.952220e-02

Maior profundidade das árvores:
n_persons	index	time        	depth
100000   	0    	4.736200e-03	38   
100000   	1    	4.976000e-03	42   
100000   	2    	6.173200e-03	38   
100000   	3    	5.366200e-03	36   

Número de nós em cada nível:
n_persons	index	time        	lvl0  	lvl1  	lvl2  	lvl3  	lvl4  	lvl5  	lvl6  	lvl7  	lvl8  	lvl9  	lvl10 	lvl11 	lvl12 	lvl13 	lvl14 	lvl15 	lvl16 	lvl17 	lvl18 	lvl19 	lvl20 	lvl21 	lvl22 	lvl23 	lvl24 	lvl25 	lvl26 	lvl27 	lvl28 	lvl29 	lvl30 	lvl31 	lvl32 	lvl33 	lvl34 	lvl35 	lvl36 	lvl37 	lvl38 	lvl39 	lvl40 	lvl41 	lvl42 
100000   	0    	4.634600e-03	1     	2     	4     	8     	16    	32    	63    	118   	211   	387   	668   	1119  	1763  	2687  	3863  	5240  	6655  	7976  	8964  	9415  	9348  	8696  	7906  	6681  	5307  	3986  	2924  	2034  	1414  	943   	631   	413   	244   	143   	83    	35    	12    	6     	2     	nan   	nan   	nan   	nan   
100000   	1    	4.337900e-03	1     	2     	4     	8     	16    	32    	64    	127   	245   	456   	811   	1332  	2031  	2881  	3833  	4765  	5632  	6374  	6982  	7344  	7338  	7138  	6728  	6335  	5761  	5173  	4575  	3850  	3060  	2299  	1719  	1199  	765   	508   	295   	167   	75    	36    	15    	13    	6     	3     	2     
100000   	2    	4.686000e-03	1     	2     	4     	8     	16    	32    	63    	124   	237   	427   	735   	1193  	1840  	2673  	3675  	4790  	5966  	7103  	7835  	8523  	8642  	8543  	8026  	7168  	6064  	4853  	3774  	2680  	1881  	1295  	808   	510   	260   	140   	72    	20    	12    	4     	1     	nan   	nan   	nan   	nan   
100000   	3    	4.811500e-03	1     	2     	4     	8     	16    	32    	63    	126   	241   	448   	780   	1317  	2089  	3094  	4379  	5790  	7153  	8392  	9233  	9577  	9328  	8665  	7578  	6142  	4810  	3590  	2548  	1761  	1181  	750   	441   	241   	125   	58    	26    	8     	3     	nan   	nan   	nan   	nan   	nan   	nan   

