Criação das árvores ordenadas:
n_persons	index	time        
100000   	0    	5.083860e-02
100000   	1    	6.233560e-02
100000   	2    	5.762910e-02
100000   	3    	4.702980e-02

Procura de nós nas árvores:
n_persons	index	time        
100000   	0    	5.388060e-02
100000   	1    	6.722360e-02
100000   	2    	6.250820e-02
100000   	3    	5.205500e-02

Maior profundidade das árvores:
n_persons	index	time        	depth
100000   	0    	4.835600e-03	40   
100000   	1    	6.347600e-03	40   
100000   	2    	5.072300e-03	35   
100000   	3    	4.868700e-03	40   

Número de nós em cada nível:
n_persons	index	time        	lvl0  	lvl1  	lvl2  	lvl3  	lvl4  	lvl5  	lvl6  	lvl7  	lvl8  	lvl9  	lvl10 	lvl11 	lvl12 	lvl13 	lvl14 	lvl15 	lvl16 	lvl17 	lvl18 	lvl19 	lvl20 	lvl21 	lvl22 	lvl23 	lvl24 	lvl25 	lvl26 	lvl27 	lvl28 	lvl29 	lvl30 	lvl31 	lvl32 	lvl33 	lvl34 	lvl35 	lvl36 	lvl37 	lvl38 	lvl39 	lvl40 
100000   	0    	3.963800e-03	1     	2     	4     	8     	16    	32    	61    	117   	227   	410   	715   	1164  	1758  	2509  	3364  	4311  	5283  	6146  	6854  	7339  	7672  	7689  	7456  	6870  	6187  	5393  	4464  	3600  	2876  	2243  	1683  	1251  	863   	570   	383   	252   	127   	62    	28    	9     	1     
100000   	1    	4.119000e-03	1     	2     	4     	8     	16    	32    	63    	124   	238   	445   	793   	1335  	2107  	3109  	4304  	5522  	6712  	7694  	8371  	8662  	8522  	7979  	6926  	5980  	4959  	4021  	3172  	2472  	1847  	1430  	1024  	760   	532   	367   	227   	125   	62    	23    	12    	12    	6     
100000   	2    	4.699500e-03	1     	2     	4     	8     	16    	32    	63    	121   	231   	426   	731   	1159  	1780  	2609  	3664  	4814  	6107  	7407  	8478  	9155  	9345  	9174  	8493  	7302  	5948  	4516  	3191  	2167  	1364  	838   	444   	226   	107   	52    	18    	7     	nan   	nan   	nan   	nan   	nan   
100000   	3    	4.272100e-03	1     	2     	4     	8     	16    	32    	63    	125   	244   	461   	831   	1411  	2251  	3319  	4677  	6097  	7533  	8582  	9206  	9394  	8888  	7997  	6994  	5795  	4585  	3551  	2676  	1886  	1206  	770   	515   	318   	219   	142   	83    	50    	31    	18    	11    	7     	1     

