Criação das árvores ordenadas:
n_persons	index	time        
100000   	0    	8.744160e-02
100000   	1    	7.459910e-02
100000   	2    	6.093620e-02
100000   	3    	4.786680e-02

Procura de nós nas árvores:
n_persons	index	time        
100000   	0    	5.709500e-02
100000   	1    	7.012980e-02
100000   	2    	6.474240e-02
100000   	3    	5.344950e-02

Maior profundidade das árvores:
n_persons	index	time        	depth
100000   	0    	4.764200e-03	37   
100000   	1    	6.182700e-03	38   
100000   	2    	5.815700e-03	36   
100000   	3    	5.385700e-03	41   

Número de nós em cada nível:
n_persons	index	time        	lvl0  	lvl1  	lvl2  	lvl3  	lvl4  	lvl5  	lvl6  	lvl7  	lvl8  	lvl9  	lvl10 	lvl11 	lvl12 	lvl13 	lvl14 	lvl15 	lvl16 	lvl17 	lvl18 	lvl19 	lvl20 	lvl21 	lvl22 	lvl23 	lvl24 	lvl25 	lvl26 	lvl27 	lvl28 	lvl29 	lvl30 	lvl31 	lvl32 	lvl33 	lvl34 	lvl35 	lvl36 	lvl37 	lvl38 	lvl39 	lvl40 	lvl41 
100000   	0    	4.190200e-03	1     	2     	4     	8     	16    	32    	64    	128   	246   	460   	795   	1324  	2042  	2955  	4033  	5348  	6705  	7889  	8787  	9224  	9221  	8613  	7621  	6480  	5272  	4044  	2920  	2107  	1405  	913   	600   	363   	192   	100   	51    	23    	8     	4     	nan   	nan   	nan   	nan   
100000   	1    	4.068800e-03	1     	2     	4     	8     	16    	32    	64    	127   	234   	430   	748   	1230  	1929  	2897  	3997  	5301  	6593  	7568  	8435  	8833  	8906  	8514  	7717  	6626  	5456  	4366  	3227  	2360  	1657  	1149  	721   	421   	230   	116   	54    	23    	5     	2     	1     	nan   	nan   	nan   
100000   	2    	4.681400e-03	1     	2     	4     	8     	16    	32    	63    	118   	225   	414   	706   	1142  	1776  	2639  	3714  	4996  	6332  	7669  	8634  	9274  	9386  	8822  	7886  	6733  	5562  	4407  	3286  	2335  	1568  	994   	595   	318   	176   	96    	48    	18    	5     	nan   	nan   	nan   	nan   	nan   
100000   	3    	4.586800e-03	1     	2     	4     	8     	16    	32    	63    	121   	233   	429   	745   	1288  	2040  	2999  	4169  	5353  	6455  	7508  	8206  	8651  	8645  	8164  	7421  	6501  	5467  	4468  	3421  	2515  	1817  	1229  	830   	523   	309   	181   	91    	37    	22    	18    	11    	5     	1     	1     

