Criação das árvores ordenadas:
n_persons	index	time        
100000   	0    	5.143790e-02
100000   	1    	6.231570e-02
100000   	2    	5.432490e-02
100000   	3    	4.827890e-02

Procura de nós nas árvores:
n_persons	index	time        
100000   	0    	5.535050e-02
100000   	1    	6.792290e-02
100000   	2    	5.757210e-02
100000   	3    	5.034050e-02

Maior profundidade das árvores:
n_persons	index	time        	depth
100000   	0    	4.369800e-03	36   
100000   	1    	5.005200e-03	40   
100000   	2    	4.996000e-03	40   
100000   	3    	5.150000e-03	40   

Número de nós em cada nível:
n_persons	index	time        	lvl0  	lvl1  	lvl2  	lvl3  	lvl4  	lvl5  	lvl6  	lvl7  	lvl8  	lvl9  	lvl10 	lvl11 	lvl12 	lvl13 	lvl14 	lvl15 	lvl16 	lvl17 	lvl18 	lvl19 	lvl20 	lvl21 	lvl22 	lvl23 	lvl24 	lvl25 	lvl26 	lvl27 	lvl28 	lvl29 	lvl30 	lvl31 	lvl32 	lvl33 	lvl34 	lvl35 	lvl36 	lvl37 	lvl38 	lvl39 	lvl40 
100000   	0    	4.218300e-03	1     	2     	4     	8     	16    	32    	60    	116   	218   	392   	705   	1172  	1831  	2796  	3957  	5334  	6865  	8147  	9179  	9752  	9623  	9015  	7868  	6392  	5079  	3825  	2753  	1904  	1259  	790   	489   	236   	108   	45    	18    	8     	1     	nan   	nan   	nan   	nan   
100000   	1    	4.178700e-03	1     	2     	4     	8     	16    	32    	64    	121   	224   	393   	660   	1058  	1647  	2445  	3391  	4410  	5504  	6533  	7430  	8069  	8419  	8443  	8082  	7366  	6467  	5446  	4408  	3348  	2321  	1539  	929   	551   	308   	183   	100   	43    	20    	11    	2     	1     	1     
100000   	2    	4.582200e-03	1     	2     	4     	8     	16    	32    	64    	124   	239   	443   	787   	1289  	1982  	2868  	4036  	5248  	6428  	7469  	8110  	8508  	8577  	8329  	7676  	6731  	5729  	4667  	3514  	2448  	1710  	1227  	782   	478   	254   	121   	56    	28    	8     	3     	1     	2     	1     
100000   	3    	4.588400e-03	1     	2     	4     	8     	16    	32    	63    	124   	242   	457   	822   	1364  	2156  	3217  	4449  	5775  	7074  	8158  	8892  	9195  	8812  	8151  	7292  	6125  	4999  	3923  	2898  	2044  	1358  	892   	582   	368   	201   	124   	81    	42    	26    	18    	10    	2     	1     

