Criação das árvores ordenadas:
n_persons	index	time        
100000   	0    	5.042890e-02
100000   	1    	6.168230e-02
100000   	2    	5.523000e-02
100000   	3    	4.635880e-02

Procura de nós nas árvores:
n_persons	index	time        
100000   	0    	5.204810e-02
100000   	1    	6.079120e-02
100000   	2    	5.761330e-02
100000   	3    	5.029750e-02

Maior profundidade das árvores:
n_persons	index	time        	depth
100000   	0    	4.669700e-03	40   
100000   	1    	5.133700e-03	43   
100000   	2    	5.246000e-03	41   
100000   	3    	5.619100e-03	42   

Número de nós em cada nível:
n_persons	index	time        	lvl0  	lvl1  	lvl2  	lvl3  	lvl4  	lvl5  	lvl6  	lvl7  	lvl8  	lvl9  	lvl10 	lvl11 	lvl12 	lvl13 	lvl14 	lvl15 	lvl16 	lvl17 	lvl18 	lvl19 	lvl20 	lvl21 	lvl22 	lvl23 	lvl24 	lvl25 	lvl26 	lvl27 	lvl28 	lvl29 	lvl30 	lvl31 	lvl32 	lvl33 	lvl34 	lvl35 	lvl36 	lvl37 	lvl38 	lvl39 	lvl40 	lvl41 	lvl42 	lvl43 
100000   	0    	4.418800e-03	1     	2     	4     	8     	16    	32    	64    	122   	230   	411   	698   	1128  	1715  	2461  	3418  	4494  	5629  	6679  	7501  	8097  	8371  	8336  	7992  	7181  	6239  	5132  	4082  	3265  	2347  	1623  	1100  	701   	411   	232   	132   	73    	34    	18    	12    	6     	3     	nan   	nan   	nan   
100000   	1    	4.188300e-03	1     	2     	4     	8     	16    	32    	61    	110   	209   	375   	625   	1014  	1568  	2284  	3141  	4097  	5175  	6278  	7326  	8239  	8757  	8743  	8481  	7792  	6643  	5507  	4253  	3096  	2205  	1465  	992   	603   	372   	215   	129   	78    	48    	28    	10    	4     	7     	4     	2     	1     
100000   	2    	4.801900e-03	1     	2     	4     	8     	16    	32    	63    	117   	211   	357   	575   	874   	1295  	1870  	2585  	3469  	4456  	5459  	6477  	7328  	8068  	8401  	8452  	8077  	7195  	6135  	4939  	3923  	3030  	2185  	1524  	1024  	703   	475   	300   	188   	102   	38    	23    	13    	4     	2     	nan   	nan   
100000   	3    	5.602900e-03	1     	2     	4     	8     	16    	32    	63    	125   	240   	432   	730   	1162  	1797  	2592  	3600  	4713  	6006  	7065  	7978  	8658  	8827  	8503  	7714  	6826  	5678  	4597  	3632  	2795  	2100  	1457  	934   	610   	403   	268   	175   	108   	63    	38    	24    	14    	8     	1     	1     	nan   

