Criação das árvores ordenadas:
n_persons	index	time        
100000   	0    	5.051250e-02
100000   	1    	6.165740e-02
100000   	2    	5.482380e-02
100000   	3    	5.344940e-02

Procura de nós nas árvores:
n_persons	index	time        
100000   	0    	5.445080e-02
100000   	1    	6.826600e-02
100000   	2    	5.824580e-02
100000   	3    	5.282210e-02

Maior profundidade das árvores:
n_persons	index	time        	depth
100000   	0    	4.284800e-03	37   
100000   	1    	4.313300e-03	41   
100000   	2    	5.018900e-03	39   
100000   	3    	4.852200e-03	41   

Número de nós em cada nível:
n_persons	index	time        	lvl0  	lvl1  	lvl2  	lvl3  	lvl4  	lvl5  	lvl6  	lvl7  	lvl8  	lvl9  	lvl10 	lvl11 	lvl12 	lvl13 	lvl14 	lvl15 	lvl16 	lvl17 	lvl18 	lvl19 	lvl20 	lvl21 	lvl22 	lvl23 	lvl24 	lvl25 	lvl26 	lvl27 	lvl28 	lvl29 	lvl30 	lvl31 	lvl32 	lvl33 	lvl34 	lvl35 	lvl36 	lvl37 	lvl38 	lvl39 	lvl40 	lvl41 
100000   	0    	3.816000e-03	1     	2     	4     	8     	16    	32    	64    	125   	238   	419   	722   	1187  	1905  	2850  	4011  	5338  	6787  	8093  	9003  	9437  	9359  	8790  	7848  	6570  	5377  	4147  	2972  	1980  	1183  	725   	382   	207   	117   	59    	28    	10    	3     	1     	nan   	nan   	nan   	nan   
100000   	1    	3.932000e-03	1     	2     	4     	8     	16    	31    	62    	123   	233   	425   	712   	1176  	1802  	2520  	3491  	4511  	5661  	6678  	7500  	8162  	8452  	8520  	8089  	7294  	6183  	5074  	3970  	3084  	2185  	1520  	1025  	624   	339   	207   	121   	68    	43    	36    	26    	16    	3     	3     
100000   	2    	4.542900e-03	1     	2     	4     	8     	15    	30    	59    	110   	206   	360   	586   	911   	1344  	1932  	2709  	3638  	4673  	5825  	6940  	7807  	8436  	8772  	8606  	8063  	7157  	5999  	4806  	3645  	2624  	1755  	1138  	762   	481   	279   	168   	71    	34    	23    	15    	6     	nan   	nan   
100000   	3    	4.601100e-03	1     	2     	4     	8     	16    	32    	64    	123   	232   	413   	711   	1169  	1825  	2682  	3733  	4757  	5848  	6862  	7727  	8348  	8486  	8244  	7774  	6970  	6080  	4975  	3890  	2889  	2194  	1533  	980   	610   	378   	218   	104   	66    	29    	13    	5     	3     	1     	1     

