Criação das árvores ordenadas:
n_persons	index	time        
100000   	0    	5.241680e-02
100000   	1    	6.288770e-02
100000   	2    	5.581570e-02
100000   	3    	4.819190e-02

Procura de nós nas árvores:
n_persons	index	time        
100000   	0    	5.605810e-02
100000   	1    	6.320040e-02
100000   	2    	5.697980e-02
100000   	3    	4.728670e-02

Maior profundidade das árvores:
n_persons	index	time        	depth
100000   	0    	4.575500e-03	39   
100000   	1    	4.861600e-03	38   
100000   	2    	5.204600e-03	37   
100000   	3    	5.269200e-03	41   

Número de nós em cada nível:
n_persons	index	time        	lvl0  	lvl1  	lvl2  	lvl3  	lvl4  	lvl5  	lvl6  	lvl7  	lvl8  	lvl9  	lvl10 	lvl11 	lvl12 	lvl13 	lvl14 	lvl15 	lvl16 	lvl17 	lvl18 	lvl19 	lvl20 	lvl21 	lvl22 	lvl23 	lvl24 	lvl25 	lvl26 	lvl27 	lvl28 	lvl29 	lvl30 	lvl31 	lvl32 	lvl33 	lvl34 	lvl35 	lvl36 	lvl37 	lvl38 	lvl39 	lvl40 	lvl41 
100000   	0    	4.160700e-03	1     	2     	4     	8     	16    	32    	63    	122   	236   	437   	765   	1261  	1963  	2916  	3993  	5130  	6294  	7231  	7982  	8529  	8646  	8372  	7641  	6755  	5745  	4623  	3639  	2668  	1871  	1238  	783   	443   	272   	154   	89    	44    	20    	10    	1     	1     	nan   	nan   
100000   	1    	4.274800e-03	1     	2     	4     	8     	16    	32    	64    	123   	237   	440   	783   	1340  	2114  	3132  	4377  	5753  	7154  	8520  	9288  	9660  	9343  	8555  	7364  	6137  	4810  	3525  	2521  	1773  	1173  	735   	441   	268   	140   	83    	43    	23    	12    	4     	2     	nan   	nan   	nan   
100000   	2    	4.734300e-03	1     	2     	4     	8     	16    	32    	63    	124   	239   	455   	787   	1313  	2032  	2950  	4141  	5516  	6872  	8011  	8893  	9185  	9054  	8417  	7496  	6297  	5150  	4045  	3084  	2147  	1420  	936   	591   	358   	190   	102   	42    	20    	6     	1     	nan   	nan   	nan   	nan   
100000   	3    	4.697100e-03	1     	2     	4     	8     	16    	32    	63    	125   	243   	445   	784   	1330  	2075  	2970  	3973  	5084  	6122  	7042  	7799  	8216  	8307  	7955  	7331  	6254  	5338  	4460  	3569  	2953  	2283  	1703  	1236  	862   	566   	364   	224   	129   	71    	33    	14    	9     	4     	1     

