Criação das árvores ordenadas:
n_persons	index	time        
100000   	0    	5.574950e-02
100000   	1    	7.040810e-02
100000   	2    	6.371130e-02
100000   	3    	5.286030e-02

Procura de nós nas árvores:
n_persons	index	time        
100000   	0    	5.925970e-02
100000   	1    	7.610230e-02
100000   	2    	8.384240e-02
100000   	3    	1.237997e-01

Maior profundidade das árvores:
n_persons	index	time        	depth
100000   	0    	6.406200e-03	41   
100000   	1    	8.334700e-03	41   
100000   	2    	9.118300e-03	37   
100000   	3    	6.094900e-03	42   

Número de nós em cada nível:
n_persons	index	time        	lvl0  	lvl1  	lvl2  	lvl3  	lvl4  	lvl5  	lvl6  	lvl7  	lvl8  	lvl9  	lvl10 	lvl11 	lvl12 	lvl13 	lvl14 	lvl15 	lvl16 	lvl17 	lvl18 	lvl19 	lvl20 	lvl21 	lvl22 	lvl23 	lvl24 	lvl25 	lvl26 	lvl27 	lvl28 	lvl29 	lvl30 	lvl31 	lvl32 	lvl33 	lvl34 	lvl35 	lvl36 	lvl37 	lvl38 	lvl39 	lvl40 	lvl41 	lvl42 
100000   	0    	5.893300e-03	1     	2     	4     	8     	16    	32    	62    	121   	219   	393   	666   	1071  	1613  	2306  	3223  	4219  	5380  	6427  	7373  	8062  	8432  	8542  	8173  	7343  	6412  	5463  	4388  	3279  	2352  	1700  	1149  	714   	406   	201   	112   	58    	35    	19    	13    	8     	2     	1     	nan   
100000   	1    	4.901400e-03	1     	2     	4     	8     	16    	32    	63    	126   	246   	453   	782   	1322  	2080  	3097  	4304  	5651  	6943  	8000  	8700  	8958  	8812  	8178  	7448  	6475  	5323  	4190  	3136  	2148  	1452  	910   	534   	288   	170   	84    	31    	16    	5     	5     	4     	1     	1     	1     	nan   
100000   	2    	5.376600e-03	1     	2     	4     	8     	16    	32    	63    	124   	235   	421   	711   	1189  	1872  	2730  	3838  	5121  	6461  	7696  	8841  	9402  	9410  	8792  	7948  	6731  	5415  	4198  	3016  	2156  	1427  	895   	551   	328   	185   	100   	53    	21    	5     	2     	nan   	nan   	nan   	nan   	nan   
100000   	3    	5.854900e-03	1     	2     	4     	8     	16    	32    	63    	123   	232   	418   	713   	1132  	1752  	2535  	3576  	4737  	5818  	6928  	7688  	8177  	8251  	7921  	7352  	6547  	5635  	4689  	3882  	3144  	2473  	1905  	1381  	982   	707   	501   	305   	178   	92    	58    	28    	10    	2     	1     	1     

