Criação das árvores ordenadas:
n_persons	index	time        
100000   	0    	5.374400e-02
100000   	1    	6.260290e-02
100000   	2    	5.476930e-02
100000   	3    	5.396890e-02

Procura de nós nas árvores:
n_persons	index	time        
100000   	0    	5.583830e-02
100000   	1    	6.758830e-02
100000   	2    	5.637110e-02
100000   	3    	5.475670e-02

Maior profundidade das árvores:
n_persons	index	time        	depth
100000   	0    	4.602200e-03	42   
100000   	1    	4.579200e-03	37   
100000   	2    	5.366200e-03	41   
100000   	3    	5.241200e-03	43   

Número de nós em cada nível:
n_persons	index	time        	lvl0  	lvl1  	lvl2  	lvl3  	lvl4  	lvl5  	lvl6  	lvl7  	lvl8  	lvl9  	lvl10 	lvl11 	lvl12 	lvl13 	lvl14 	lvl15 	lvl16 	lvl17 	lvl18 	lvl19 	lvl20 	lvl21 	lvl22 	lvl23 	lvl24 	lvl25 	lvl26 	lvl27 	lvl28 	lvl29 	lvl30 	lvl31 	lvl32 	lvl33 	lvl34 	lvl35 	lvl36 	lvl37 	lvl38 	lvl39 	lvl40 	lvl41 	lvl42 	lvl43 
100000   	0    	3.969400e-03	1     	2     	4     	8     	16    	32    	64    	126   	236   	428   	734   	1197  	1857  	2737  	3768  	4933  	6132  	7008  	7770  	8323  	8333  	8132  	7451  	6656  	5698  	4743  	3858  	2947  	2208  	1568  	1063  	720   	441   	275   	195   	130   	81    	47    	31    	21    	17    	8     	1     	nan   
100000   	1    	4.196300e-03	1     	2     	4     	8     	16    	32    	64    	127   	249   	462   	807   	1358  	2090  	3045  	4193  	5519  	6792  	7903  	8622  	9198  	9140  	8591  	7705  	6518  	5217  	4056  	2953  	2003  	1319  	868   	524   	308   	164   	83    	30    	17    	8     	4     	nan   	nan   	nan   	nan   	nan   	nan   
100000   	2    	5.831300e-03	1     	2     	4     	8     	16    	31    	59    	110   	204   	367   	625   	1002  	1518  	2182  	3042  	3898  	4780  	5675  	6555  	7131  	7474  	7563  	7534  	7123  	6542  	5790  	4857  	4072  	3351  	2604  	1915  	1361  	997   	661   	420   	234   	144   	75    	39    	26    	5     	3     	nan   	nan   
100000   	3    	4.598600e-03	1     	2     	4     	8     	16    	32    	62    	121   	228   	405   	697   	1110  	1665  	2268  	3038  	3896  	4771  	5528  	6377  	7040  	7353  	7479  	7360  	6985  	6420  	5771  	4955  	4114  	3230  	2503  	1935  	1475  	1001  	711   	522   	370   	240   	145   	81    	35    	23    	14    	6     	3     

