Criação das árvores ordenadas:
n_persons	index	time        
100000   	0    	5.440690e-02
100000   	1    	6.456680e-02
100000   	2    	5.428930e-02
100000   	3    	4.613530e-02

Procura de nós nas árvores:
n_persons	index	time        
100000   	0    	5.397240e-02
100000   	1    	6.197970e-02
100000   	2    	5.703370e-02
100000   	3    	4.808590e-02

Maior profundidade das árvores:
n_persons	index	time        	depth
100000   	0    	4.267800e-03	38   
100000   	1    	4.356600e-03	42   
100000   	2    	5.077400e-03	40   
100000   	3    	5.046400e-03	38   

Número de nós em cada nível:
n_persons	index	time        	lvl0  	lvl1  	lvl2  	lvl3  	lvl4  	lvl5  	lvl6  	lvl7  	lvl8  	lvl9  	lvl10 	lvl11 	lvl12 	lvl13 	lvl14 	lvl15 	lvl16 	lvl17 	lvl18 	lvl19 	lvl20 	lvl21 	lvl22 	lvl23 	lvl24 	lvl25 	lvl26 	lvl27 	lvl28 	lvl29 	lvl30 	lvl31 	lvl32 	lvl33 	lvl34 	lvl35 	lvl36 	lvl37 	lvl38 	lvl39 	lvl40 	lvl41 	lvl42 
100000   	0    	3.892300e-03	1     	2     	4     	8     	16    	32    	64    	121   	219   	382   	659   	1074  	1674  	2532  	3632  	5013  	6319  	7631  	8742  	9302  	9509  	9101  	8159  	6908  	5642  	4315  	3209  	2183  	1423  	896   	543   	316   	181   	98    	57    	25    	6     	1     	1     	nan   	nan   	nan   	nan   
100000   	1    	3.989300e-03	1     	2     	4     	8     	16    	32    	64    	124   	231   	422   	745   	1220  	1885  	2737  	3715  	4754  	5733  	6574  	7236  	7542  	7474  	7234  	6785  	6236  	5535  	4945  	4255  	3487  	2836  	2222  	1683  	1245  	878   	681   	491   	359   	246   	163   	97    	57    	26    	13    	7     
100000   	2    	4.682200e-03	1     	2     	4     	8     	16    	32    	64    	122   	223   	398   	685   	1132  	1673  	2390  	3255  	4293  	5379  	6231  	6731  	7019  	7154  	7058  	6722  	6188  	5682  	5138  	4496  	3922  	3351  	2822  	2213  	1705  	1299  	974   	637   	436   	254   	150   	81    	42    	18    	nan   	nan   
100000   	3    	4.545300e-03	1     	2     	4     	8     	16    	32    	60    	111   	192   	331   	549   	927   	1475  	2141  	3034  	4125  	5331  	6439  	7519  	8192  	8665  	8765  	8359  	7620  	6709  	5457  	4352  	3310  	2366  	1574  	977   	614   	372   	203   	98    	41    	21    	6     	2     	nan   	nan   	nan   	nan   

