Criação das árvores ordenadas:
n_persons	index	time        
100000   	0    	5.306880e-02
100000   	1    	6.128830e-02
100000   	2    	1.104898e-01
100000   	3    	6.573270e-02

Procura de nós nas árvores:
n_persons	index	time        
100000   	0    	5.466540e-02
100000   	1    	6.332120e-02
100000   	2    	5.784140e-02
100000   	3    	4.925610e-02

Maior profundidade das árvores:
n_persons	index	time        	depth
100000   	0    	4.371200e-03	39   
100000   	1    	4.311600e-03	40   
100000   	2    	4.810500e-03	40   
100000   	3    	5.296600e-03	37   

Número de nós em cada nível:
n_persons	index	time        	lvl0  	lvl1  	lvl2  	lvl3  	lvl4  	lvl5  	lvl6  	lvl7  	lvl8  	lvl9  	lvl10 	lvl11 	lvl12 	lvl13 	lvl14 	lvl15 	lvl16 	lvl17 	lvl18 	lvl19 	lvl20 	lvl21 	lvl22 	lvl23 	lvl24 	lvl25 	lvl26 	lvl27 	lvl28 	lvl29 	lvl30 	lvl31 	lvl32 	lvl33 	lvl34 	lvl35 	lvl36 	lvl37 	lvl38 	lvl39 	lvl40 
100000   	0    	3.959100e-03	1     	2     	4     	8     	16    	32    	64    	120   	224   	404   	706   	1175  	1842  	2781  	3890  	5193  	6420  	7550  	8562  	8994  	8962  	8535  	7668  	6700  	5608  	4432  	3396  	2459  	1671  	1042  	674   	392   	229   	123   	66    	33    	14    	6     	1     	1     	nan   
100000   	1    	3.794500e-03	1     	2     	4     	8     	16    	32    	64    	123   	223   	399   	681   	1101  	1700  	2517  	3549  	4688  	5927  	7084  	8064  	8738  	8904  	8694  	7992  	7004  	5946  	4834  	3716  	2741  	1902  	1276  	837   	501   	324   	189   	112   	55    	25    	16    	8     	2     	1     
100000   	2    	4.493400e-03	1     	2     	4     	8     	16    	32    	60    	118   	217   	389   	683   	1135  	1775  	2630  	3696  	4930  	6157  	7307  	8245  	8584  	8636  	8420  	7765  	6985  	5970  	4936  	3715  	2682  	1840  	1266  	784   	482   	258   	148   	77    	31    	8     	4     	2     	1     	1     
100000   	3    	4.410200e-03	1     	2     	4     	8     	16    	31    	59    	110   	202   	366   	632   	1022  	1583  	2383  	3484  	4719  	6020  	7398  	8527  	9370  	9560  	9266  	8360  	7135  	5788  	4416  	3238  	2341  	1579  	1027  	608   	366   	181   	104   	52    	28    	13    	1     	nan   	nan   	nan   

