Criação das árvores ordenadas:
n_persons	index	time        
100000   	0    	5.706920e-02
100000   	1    	6.897130e-02
100000   	2    	5.944800e-02
100000   	3    	4.640300e-02

Procura de nós nas árvores:
n_persons	index	time        
100000   	0    	5.195840e-02
100000   	1    	5.906700e-02
100000   	2    	5.974290e-02
100000   	3    	5.416030e-02

Maior profundidade das árvores:
n_persons	index	time        	depth
100000   	0    	4.532000e-03	41   
100000   	1    	4.453800e-03	43   
100000   	2    	5.372100e-03	43   
100000   	3    	5.318100e-03	37   

Número de nós em cada nível:
n_persons	index	time        	lvl0  	lvl1  	lvl2  	lvl3  	lvl4  	lvl5  	lvl6  	lvl7  	lvl8  	lvl9  	lvl10 	lvl11 	lvl12 	lvl13 	lvl14 	lvl15 	lvl16 	lvl17 	lvl18 	lvl19 	lvl20 	lvl21 	lvl22 	lvl23 	lvl24 	lvl25 	lvl26 	lvl27 	lvl28 	lvl29 	lvl30 	lvl31 	lvl32 	lvl33 	lvl34 	lvl35 	lvl36 	lvl37 	lvl38 	lvl39 	lvl40 	lvl41 	lvl42 	lvl43 
100000   	0    	4.016600e-03	1     	2     	4     	8     	16    	32    	62    	120   	232   	435   	755   	1257  	1961  	2929  	4067  	5481  	6767  	7963  	8776  	9142  	9044  	8551  	7688  	6554  	5201  	4083  	3029  	2123  	1450  	948   	576   	332   	193   	87    	51    	38    	24    	10    	4     	2     	1     	1     	nan   	nan   
100000   	1    	4.196600e-03	1     	2     	4     	8     	16    	32    	63    	125   	240   	448   	780   	1269  	1958  	2954  	4204  	5612  	6975  	8190  	9043  	9379  	9308  	8779  	7880  	6638  	5262  	3901  	2700  	1824  	1056  	588   	335   	180   	96    	56    	37    	22    	12    	8     	6     	4     	2     	1     	1     	1     
100000   	2    	5.765400e-03	1     	2     	4     	8     	15    	30    	55    	101   	176   	301   	478   	724   	1032  	1477  	2039  	2720  	3583  	4587  	5674  	6687  	7412  	7856  	7957  	7773  	7231  	6618  	5830  	4875  	3942  	3047  	2329  	1711  	1206  	853   	551   	396   	272   	170   	120   	72    	45    	25    	13    	2     
100000   	3    	4.437100e-03	1     	2     	4     	8     	16    	32    	61    	118   	222   	393   	676   	1115  	1766  	2639  	3703  	4879  	6238  	7275  	8274  	8858  	9069  	8754  	7980  	6887  	5789  	4531  	3480  	2501  	1772  	1219  	766   	457   	264   	144   	67    	26    	12    	2     	nan   	nan   	nan   	nan   	nan   	nan   

