Criação das árvores ordenadas:
n_persons	index	time        
100000   	0    	7.957250e-02
100000   	1    	8.432140e-02
100000   	2    	7.684300e-02
100000   	3    	8.140970e-02

Procura de nós nas árvores:
n_persons	index	time        
100000   	0    	6.973860e-02
100000   	1    	7.522330e-02
100000   	2    	7.602110e-02
100000   	3    	7.602370e-02

Maior profundidade das árvores:
n_persons	index	time        	depth
100000   	0    	5.370300e-03	38   
100000   	1    	5.102700e-03	39   
100000   	2    	1.405640e-02	42   
100000   	3    	7.213900e-03	38   

Número de nós em cada nível:
n_persons	index	time        	lvl0  	lvl1  	lvl2  	lvl3  	lvl4  	lvl5  	lvl6  	lvl7  	lvl8  	lvl9  	lvl10 	lvl11 	lvl12 	lvl13 	lvl14 	lvl15 	lvl16 	lvl17 	lvl18 	lvl19 	lvl20 	lvl21 	lvl22 	lvl23 	lvl24 	lvl25 	lvl26 	lvl27 	lvl28 	lvl29 	lvl30 	lvl31 	lvl32 	lvl33 	lvl34 	lvl35 	lvl36 	lvl37 	lvl38 	lvl39 	lvl40 	lvl41 	lvl42 
100000   	0    	1.689310e-02	1     	2     	4     	8     	16    	32    	63    	121   	220   	390   	641   	1029  	1544  	2191  	2963  	3826  	4747  	5704  	6736  	7668  	8335  	8496  	8387  	7862  	6959  	5779  	4705  	3673  	2670  	1861  	1277  	893   	555   	300   	155   	93    	49    	35    	10    	nan   	nan   	nan   	nan   
100000   	1    	1.508280e-02	1     	2     	4     	8     	16    	32    	61    	110   	200   	343   	583   	933   	1536  	2327  	3333  	4480  	5662  	6819  	7849  	8380  	8593  	8585  	8041  	7391  	6462  	5355  	4175  	3073  	2117  	1398  	883   	543   	305   	181   	104   	61    	28    	19    	6     	1     	nan   	nan   	nan   
100000   	2    	1.777920e-02	1     	2     	4     	8     	16    	31    	61    	118   	218   	391   	673   	1139  	1762  	2554  	3571  	4673  	5856  	6931  	7742  	8264  	8463  	8289  	7802  	6964  	5991  	4983  	3890  	2986  	2182  	1569  	1062  	710   	475   	303   	158   	81    	38    	16    	7     	6     	6     	3     	1     
100000   	3    	1.525950e-02	1     	2     	4     	8     	16    	31    	61    	113   	204   	365   	630   	1058  	1686  	2589  	3670  	4894  	6085  	7281  	8282  	8988  	9284  	8959  	8283  	7204  	6011  	4664  	3375  	2341  	1620  	1025  	596   	316   	161   	89    	56    	24    	16    	7     	1     	nan   	nan   	nan   	nan   

