Criação das árvores ordenadas:
n_persons	index	time        
100000   	0    	4.986910e-02
100000   	1    	6.159870e-02
100000   	2    	5.491340e-02
100000   	3    	4.640180e-02

Procura de nós nas árvores:
n_persons	index	time        
100000   	0    	5.280810e-02
100000   	1    	6.536130e-02
100000   	2    	5.827750e-02
100000   	3    	5.350990e-02

Maior profundidade das árvores:
n_persons	index	time        	depth
100000   	0    	4.496900e-03	38   
100000   	1    	4.296700e-03	39   
100000   	2    	4.874200e-03	38   
100000   	3    	7.140800e-03	40   

Número de nós em cada nível:
n_persons	index	time        	lvl0  	lvl1  	lvl2  	lvl3  	lvl4  	lvl5  	lvl6  	lvl7  	lvl8  	lvl9  	lvl10 	lvl11 	lvl12 	lvl13 	lvl14 	lvl15 	lvl16 	lvl17 	lvl18 	lvl19 	lvl20 	lvl21 	lvl22 	lvl23 	lvl24 	lvl25 	lvl26 	lvl27 	lvl28 	lvl29 	lvl30 	lvl31 	lvl32 	lvl33 	lvl34 	lvl35 	lvl36 	lvl37 	lvl38 	lvl39 	lvl40 
100000   	0    	4.030500e-03	1     	2     	4     	8     	16    	32    	62    	117   	231   	420   	722   	1196  	1891  	2860  	4017  	5340  	6646  	7920  	8924  	9362  	9237  	8671  	7638  	6475  	5285  	4082  	2988  	2132  	1434  	906   	595   	370   	202   	114   	53    	28    	13    	3     	3     	nan   	nan   
100000   	1    	3.914000e-03	1     	2     	4     	8     	16    	32    	64    	126   	244   	444   	781   	1278  	2009  	2984  	4144  	5417  	6637  	7732  	8582  	9065  	8951  	8584  	7601  	6506  	5288  	4140  	3083  	2265  	1549  	1039  	633   	381   	222   	113   	46    	17    	9     	1     	1     	1     	nan   
100000   	2    	4.327800e-03	1     	2     	4     	8     	16    	32    	64    	124   	241   	443   	747   	1206  	1857  	2723  	3745  	4968  	6311  	7652  	8659  	9313  	9238  	8666  	7667  	6599  	5421  	4275  	3171  	2290  	1617  	1113  	733   	473   	285   	165   	91    	45    	25    	8     	2     	nan   	nan   
100000   	3    	4.413900e-03	1     	2     	4     	8     	15    	29    	53    	99    	173   	306   	522   	839   	1300  	1888  	2700  	3586  	4633  	5755  	6861  	7946  	8592  	8896  	8744  	8198  	7330  	6143  	4817  	3675  	2614  	1719  	1057  	669   	380   	227   	124   	56    	25    	9     	3     	1     	1     

