Criação das árvores ordenadas:
n_persons	index	time        
100000   	0    	5.066800e-02
100000   	1    	6.209660e-02
100000   	2    	5.402880e-02
100000   	3    	4.606100e-02

Procura de nós nas árvores:
n_persons	index	time        
100000   	0    	5.163930e-02
100000   	1    	5.992650e-02
100000   	2    	5.847060e-02
100000   	3    	4.787280e-02

Maior profundidade das árvores:
n_persons	index	time        	depth
100000   	0    	4.323100e-03	37   
100000   	1    	4.768700e-03	41   
100000   	2    	4.964600e-03	37   
100000   	3    	4.922600e-03	40   

Número de nós em cada nível:
n_persons	index	time        	lvl0  	lvl1  	lvl2  	lvl3  	lvl4  	lvl5  	lvl6  	lvl7  	lvl8  	lvl9  	lvl10 	lvl11 	lvl12 	lvl13 	lvl14 	lvl15 	lvl16 	lvl17 	lvl18 	lvl19 	lvl20 	lvl21 	lvl22 	lvl23 	lvl24 	lvl25 	lvl26 	lvl27 	lvl28 	lvl29 	lvl30 	lvl31 	lvl32 	lvl33 	lvl34 	lvl35 	lvl36 	lvl37 	lvl38 	lvl39 	lvl40 	lvl41 
100000   	0    	4.146800e-03	1     	2     	4     	8     	16    	32    	63    	114   	213   	388   	677   	1140  	1861  	2783  	3946  	5388  	6771  	7959  	8857  	9466  	9370  	8858  	7878  	6507  	5118  	3926  	2885  	2093  	1443  	961   	585   	320   	183   	104   	46    	18    	9     	7     	nan   	nan   	nan   	nan   
100000   	1    	3.685400e-03	1     	2     	4     	8     	16    	32    	63    	119   	203   	354   	553   	843   	1335  	2033  	3010  	4242  	5644  	6863  	7978  	8659  	8969  	8773  	7928  	6945  	6109  	5146  	4166  	3190  	2320  	1579  	1060  	687   	440   	298   	162   	106   	75    	43    	24    	11    	5     	2     
100000   	2    	4.598900e-03	1     	2     	4     	8     	16    	32    	64    	124   	227   	405   	678   	1118  	1744  	2603  	3654  	4744  	5964  	7199  	8340  	9131  	9430  	9223  	8478  	7472  	5961  	4590  	3369  	2205  	1434  	816   	471   	269   	133   	52    	24    	10    	4     	1     	nan   	nan   	nan   	nan   
100000   	3    	4.483500e-03	1     	2     	4     	8     	16    	32    	63    	121   	235   	421   	728   	1194  	1826  	2703  	3722  	4833  	5854  	6822  	7566  	8032  	8343  	8317  	7928  	7277  	6393  	5273  	4118  	2978  	2028  	1324  	780   	458   	281   	147   	85    	43    	16    	11    	11    	4     	2     	nan   

