Criação das árvores ordenadas:
n_persons	index	time        
100000   	0    	5.104400e-02
100000   	1    	6.288930e-02
100000   	2    	5.593060e-02
100000   	3    	4.672440e-02

Procura de nós nas árvores:
n_persons	index	time        
100000   	0    	5.202430e-02
100000   	1    	5.890540e-02
100000   	2    	5.497610e-02
100000   	3    	4.802300e-02

Maior profundidade das árvores:
n_persons	index	time        	depth
100000   	0    	4.605000e-03	39   
100000   	1    	5.382700e-03	38   
100000   	2    	5.260900e-03	37   
100000   	3    	5.487800e-03	41   

Número de nós em cada nível:
n_persons	index	time        	lvl0  	lvl1  	lvl2  	lvl3  	lvl4  	lvl5  	lvl6  	lvl7  	lvl8  	lvl9  	lvl10 	lvl11 	lvl12 	lvl13 	lvl14 	lvl15 	lvl16 	lvl17 	lvl18 	lvl19 	lvl20 	lvl21 	lvl22 	lvl23 	lvl24 	lvl25 	lvl26 	lvl27 	lvl28 	lvl29 	lvl30 	lvl31 	lvl32 	lvl33 	lvl34 	lvl35 	lvl36 	lvl37 	lvl38 	lvl39 	lvl40 	lvl41 
100000   	0    	4.432400e-03	1     	2     	4     	8     	16    	32    	64    	127   	249   	458   	812   	1348  	2087  	3147  	4382  	5738  	6992  	8149  	8824  	9063  	8939  	8345  	7461  	6360  	5099  	3943  	2952  	2145  	1393  	820   	489   	260   	140   	73    	41    	16    	11    	6     	3     	1     	nan   	nan   
100000   	1    	4.266800e-03	1     	2     	4     	8     	16    	32    	64    	124   	230   	422   	762   	1279  	2062  	3104  	4361  	5594  	6702  	7685  	8418  	8813  	8809  	8309  	7515  	6453  	5405  	4304  	3232  	2306  	1605  	997   	625   	352   	194   	112   	59    	24    	10    	5     	1     	nan   	nan   	nan   
100000   	2    	4.686600e-03	1     	2     	4     	8     	16    	30    	56    	105   	198   	361   	634   	1057  	1680  	2521  	3466  	4683  	6027  	7273  	8242  	8790  	9094  	8879  	8101  	7130  	5990  	4750  	3623  	2588  	1736  	1211  	767   	462   	259   	134   	72    	31    	14    	5     	nan   	nan   	nan   	nan   
100000   	3    	4.955100e-03	1     	2     	4     	8     	16    	31    	62    	117   	216   	391   	671   	1128  	1783  	2617  	3728  	5011  	6242  	7336  	8249  	8768  	8791  	8378  	7567  	6505  	5529  	4509  	3597  	2611  	1925  	1416  	987   	664   	443   	268   	169   	116   	63    	34    	26    	15    	5     	1     

