Criação das árvores ordenadas:
n_persons	index	time        
100000   	0    	5.392770e-02
100000   	1    	6.436240e-02
100000   	2    	5.331710e-02
100000   	3    	5.047580e-02

Procura de nós nas árvores:
n_persons	index	time        
100000   	0    	5.658130e-02
100000   	1    	7.112110e-02
100000   	2    	6.009430e-02
100000   	3    	5.238670e-02

Maior profundidade das árvores:
n_persons	index	time        	depth
100000   	0    	4.724600e-03	40   
100000   	1    	4.537100e-03	40   
100000   	2    	4.996300e-03	40   
100000   	3    	4.959700e-03	38   

Número de nós em cada nível:
n_persons	index	time        	lvl0  	lvl1  	lvl2  	lvl3  	lvl4  	lvl5  	lvl6  	lvl7  	lvl8  	lvl9  	lvl10 	lvl11 	lvl12 	lvl13 	lvl14 	lvl15 	lvl16 	lvl17 	lvl18 	lvl19 	lvl20 	lvl21 	lvl22 	lvl23 	lvl24 	lvl25 	lvl26 	lvl27 	lvl28 	lvl29 	lvl30 	lvl31 	lvl32 	lvl33 	lvl34 	lvl35 	lvl36 	lvl37 	lvl38 	lvl39 	lvl40 
100000   	0    	4.558400e-03	1     	2     	4     	8     	16    	32    	64    	124   	237   	432   	760   	1230  	1888  	2774  	3829  	5086  	6397  	7564  	8545  	9292  	9252  	8648  	7806  	6626  	5495  	4209  	3130  	2266  	1618  	1069  	683   	398   	241   	132   	72    	37    	22    	5     	4     	1     	1     
100000   	1    	3.936200e-03	1     	2     	4     	8     	16    	32    	64    	125   	240   	447   	806   	1322  	2031  	2828  	3748  	4634  	5409  	6097  	6714  	7178  	7441  	7373  	7226  	6893  	6388  	5690  	4698  	3729  	2896  	2071  	1493  	1023  	626   	340   	210   	100   	52    	26    	10    	6     	3     
100000   	2    	4.267700e-03	1     	2     	4     	8     	16    	32    	64    	127   	246   	463   	831   	1397  	2218  	3298  	4563  	5943  	7250  	8343  	9000  	9171  	8765  	7898  	6906  	5852  	4752  	3794  	2938  	2133  	1479  	1024  	653   	405   	216   	103   	57    	27    	10    	5     	3     	2     	1     
100000   	3    	4.584200e-03	1     	2     	4     	8     	16    	32    	62    	119   	223   	401   	697   	1176  	1887  	2879  	4045  	5266  	6592  	7651  	8483  	8891  	8783  	8240  	7391  	6477  	5445  	4449  	3423  	2494  	1803  	1219  	774   	486   	283   	156   	83    	39    	12    	6     	2     	nan   	nan   

