Criação das árvores ordenadas:
n_persons	index	time        
100000   	0    	7.102340e-02
100000   	1    	6.430610e-02
100000   	2    	5.332610e-02
100000   	3    	5.335960e-02

Procura de nós nas árvores:
n_persons	index	time        
100000   	0    	5.758530e-02
100000   	1    	6.136200e-02
100000   	2    	5.875570e-02
100000   	3    	5.011540e-02

Maior profundidade das árvores:
n_persons	index	time        	depth
100000   	0    	4.435300e-03	40   
100000   	1    	4.343000e-03	40   
100000   	2    	5.306700e-03	40   
100000   	3    	5.090400e-03	40   

Número de nós em cada nível:
n_persons	index	time        	lvl0  	lvl1  	lvl2  	lvl3  	lvl4  	lvl5  	lvl6  	lvl7  	lvl8  	lvl9  	lvl10 	lvl11 	lvl12 	lvl13 	lvl14 	lvl15 	lvl16 	lvl17 	lvl18 	lvl19 	lvl20 	lvl21 	lvl22 	lvl23 	lvl24 	lvl25 	lvl26 	lvl27 	lvl28 	lvl29 	lvl30 	lvl31 	lvl32 	lvl33 	lvl34 	lvl35 	lvl36 	lvl37 	lvl38 	lvl39 	lvl40 
100000   	0    	3.853500e-03	1     	2     	4     	8     	16    	32    	64    	126   	230   	405   	678   	1108  	1671  	2407  	3351  	4514  	5695  	6939  	8035  	8775  	9058  	8881  	8240  	7265  	6120  	4814  	3647  	2615  	1872  	1316  	821   	544   	353   	204   	91    	48    	30    	12    	4     	3     	1     
100000   	1    	4.046500e-03	1     	2     	4     	8     	16    	32    	64    	126   	229   	400   	696   	1099  	1658  	2429  	3297  	4243  	5280  	6306  	7196  	7931  	8515  	8688  	8285  	7439  	6442  	5327  	4305  	3250  	2425  	1669  	1092  	695   	410   	215   	112   	61    	30    	13    	7     	2     	1     
100000   	2    	4.872100e-03	1     	2     	4     	8     	16    	31    	61    	120   	233   	418   	738   	1170  	1772  	2624  	3655  	4756  	5991  	7060  	7957  	8578  	8744  	8695  	8024  	7007  	5852  	4689  	3652  	2719  	1920  	1297  	844   	535   	328   	219   	128   	65    	36    	24    	16    	8     	3     
100000   	3    	4.271700e-03	1     	2     	4     	8     	16    	32    	63    	124   	233   	406   	683   	1102  	1687  	2425  	3390  	4447  	5568  	6651  	7567  	8177  	8556  	8490  	8102  	7253  	6203  	5067  	4023  	2956  	2198  	1593  	1142  	771   	473   	285   	147   	85    	39    	19    	7     	4     	1     

