Criação das árvores ordenadas:
n_persons	index	time        
100000   	0    	5.149490e-02
100000   	1    	6.416870e-02
100000   	2    	5.638220e-02
100000   	3    	4.721730e-02

Procura de nós nas árvores:
n_persons	index	time        
100000   	0    	5.662720e-02
100000   	1    	6.679730e-02
100000   	2    	5.773890e-02
100000   	3    	5.152430e-02

Maior profundidade das árvores:
n_persons	index	time        	depth
100000   	0    	4.342500e-03	41   
100000   	1    	4.813000e-03	40   
100000   	2    	5.125500e-03	38   
100000   	3    	4.893000e-03	37   

Número de nós em cada nível:
n_persons	index	time        	lvl0  	lvl1  	lvl2  	lvl3  	lvl4  	lvl5  	lvl6  	lvl7  	lvl8  	lvl9  	lvl10 	lvl11 	lvl12 	lvl13 	lvl14 	lvl15 	lvl16 	lvl17 	lvl18 	lvl19 	lvl20 	lvl21 	lvl22 	lvl23 	lvl24 	lvl25 	lvl26 	lvl27 	lvl28 	lvl29 	lvl30 	lvl31 	lvl32 	lvl33 	lvl34 	lvl35 	lvl36 	lvl37 	lvl38 	lvl39 	lvl40 	lvl41 
100000   	0    	4.200600e-03	1     	2     	4     	8     	16    	32    	63    	109   	196   	320   	508   	773   	1193  	1773  	2549  	3475  	4606  	5677  	6847  	7734  	8331  	8457  	8271  	7707  	7016  	5961  	4967  	3984  	3106  	2239  	1531  	993   	618   	369   	228   	144   	79    	61    	33    	13    	5     	1     
100000   	1    	4.109500e-03	1     	2     	4     	8     	13    	26    	50    	96    	170   	294   	485   	789   	1194  	1741  	2454  	3333  	4399  	5496  	6675  	7672  	8322  	8447  	8240  	7783  	7049  	6126  	5212  	4097  	3212  	2344  	1636  	1109  	684   	403   	212   	120   	63    	25    	9     	4     	1     	nan   
100000   	2    	4.347100e-03	1     	2     	4     	8     	16    	32    	64    	126   	235   	436   	770   	1307  	2031  	3052  	4344  	5637  	7022  	8215  	8991  	9381  	9183  	8605  	7608  	6376  	5141  	3869  	2750  	1853  	1179  	795   	483   	247   	131   	58    	30    	11    	3     	3     	1     	nan   	nan   	nan   
100000   	3    	4.536600e-03	1     	2     	4     	8     	16    	31    	62    	120   	224   	404   	707   	1183  	1822  	2662  	3730  	4894  	6124  	7334  	8299  	8887  	8948  	8505  	7743  	6745  	5528  	4403  	3422  	2628  	1945  	1323  	944   	598   	366   	204   	101   	57    	21    	5     	nan   	nan   	nan   	nan   

