Criação das árvores ordenadas:
n_persons	index	time        
100000   	0    	9.616980e-02
100000   	1    	8.285620e-02
100000   	2    	5.694610e-02
100000   	3    	4.600350e-02

Procura de nós nas árvores:
n_persons	index	time        
100000   	0    	5.441300e-02
100000   	1    	6.314830e-02
100000   	2    	5.654850e-02
100000   	3    	5.142160e-02

Maior profundidade das árvores:
n_persons	index	time        	depth
100000   	0    	4.305600e-03	41   
100000   	1    	4.480400e-03	39   
100000   	2    	5.032400e-03	43   
100000   	3    	4.985700e-03	39   

Número de nós em cada nível:
n_persons	index	time        	lvl0  	lvl1  	lvl2  	lvl3  	lvl4  	lvl5  	lvl6  	lvl7  	lvl8  	lvl9  	lvl10 	lvl11 	lvl12 	lvl13 	lvl14 	lvl15 	lvl16 	lvl17 	lvl18 	lvl19 	lvl20 	lvl21 	lvl22 	lvl23 	lvl24 	lvl25 	lvl26 	lvl27 	lvl28 	lvl29 	lvl30 	lvl31 	lvl32 	lvl33 	lvl34 	lvl35 	lvl36 	lvl37 	lvl38 	lvl39 	lvl40 	lvl41 	lvl42 	lvl43 
100000   	0    	3.971200e-03	1     	2     	4     	8     	16    	30    	60    	108   	189   	331   	543   	855   	1324  	1977  	2836  	3950  	5190  	6384  	7469  	8190  	8545  	8429  	8046  	7279  	6249  	5221  	4235  	3407  	2710  	2031  	1471  	1043  	700   	469   	301   	187   	103   	58    	31    	11    	5     	2     	nan   	nan   
100000   	1    	4.311900e-03	1     	2     	4     	8     	16    	32    	64    	126   	242   	445   	758   	1187  	1787  	2527  	3411  	4396  	5378  	6328  	7242  	7769  	8122  	8077  	7782  	7113  	6279  	5417  	4432  	3532  	2612  	1852  	1266  	771   	450   	263   	155   	83    	42    	22    	6     	1     	nan   	nan   	nan   	nan   
100000   	2    	4.541400e-03	1     	2     	4     	8     	16    	32    	62    	122   	227   	409   	697   	1135  	1721  	2487  	3395  	4334  	5309  	6122  	6840  	7393  	7813  	7896  	7749  	7221  	6545  	5672  	4667  	3650  	2722  	1944  	1340  	874   	581   	379   	247   	143   	83    	49    	46    	34    	16    	7     	4     	2     
100000   	3    	4.502000e-03	1     	2     	4     	8     	16    	32    	64    	127   	242   	448   	796   	1307  	2106  	3145  	4485  	5983  	7477  	8584  	9278  	9412  	8994  	8248  	7043  	5790  	4697  	3683  	2775  	2006  	1362  	869   	493   	255   	138   	67    	36    	13    	3     	5     	5     	1     	nan   	nan   	nan   	nan   

