Criação das árvores ordenadas:
n_persons	index	time        
100000   	0    	6.981720e-02
100000   	1    	8.376760e-02
100000   	2    	8.165090e-02
100000   	3    	5.207110e-02

Procura de nós nas árvores:
n_persons	index	time        
100000   	0    	5.533040e-02
100000   	1    	6.791970e-02
100000   	2    	5.869290e-02
100000   	3    	5.046560e-02

Maior profundidade das árvores:
n_persons	index	time        	depth
100000   	0    	4.471400e-03	39   
100000   	1    	4.519300e-03	42   
100000   	2    	4.953700e-03	42   
100000   	3    	5.577700e-03	40   

Número de nós em cada nível:
n_persons	index	time        	lvl0  	lvl1  	lvl2  	lvl3  	lvl4  	lvl5  	lvl6  	lvl7  	lvl8  	lvl9  	lvl10 	lvl11 	lvl12 	lvl13 	lvl14 	lvl15 	lvl16 	lvl17 	lvl18 	lvl19 	lvl20 	lvl21 	lvl22 	lvl23 	lvl24 	lvl25 	lvl26 	lvl27 	lvl28 	lvl29 	lvl30 	lvl31 	lvl32 	lvl33 	lvl34 	lvl35 	lvl36 	lvl37 	lvl38 	lvl39 	lvl40 	lvl41 	lvl42 
100000   	0    	3.975000e-03	1     	2     	4     	8     	16    	32    	62    	120   	229   	426   	760   	1263  	2028  	3032  	4230  	5528  	6938  	8042  	8877  	9138  	8850  	8221  	7366  	6397  	5270  	4139  	3058  	2216  	1529  	995   	579   	304   	163   	93    	48    	22    	6     	6     	1     	1     	nan   	nan   	nan   
100000   	1    	4.047700e-03	1     	2     	4     	8     	16    	32    	64    	121   	215   	377   	648   	1038  	1566  	2263  	3141  	4261  	5426  	6535  	7531  	8375  	8658  	8475  	7752  	7030  	6160  	5168  	4192  	3258  	2453  	1753  	1232  	822   	541   	353   	216   	127   	79    	52    	27    	12    	9     	6     	1     
100000   	2    	4.323300e-03	1     	2     	4     	8     	16    	32    	62    	120   	226   	399   	722   	1212  	1931  	2896  	4058  	5374  	6655  	7756  	8561  	8991  	8922  	8475  	7652  	6527  	5362  	4226  	3216  	2275  	1559  	1029  	640   	388   	244   	157   	97    	78    	49    	37    	21    	12    	6     	1     	1     
100000   	3    	4.712200e-03	1     	2     	4     	8     	16    	32    	63    	122   	214   	388   	653   	1026  	1567  	2296  	3119  	4073  	5015  	6006  	6793  	7297  	7785  	7845  	7663  	7257  	6546  	5829  	5011  	4160  	3200  	2261  	1531  	942   	585   	343   	184   	86    	48    	21    	6     	1     	1     	nan   	nan   

