Criação das árvores ordenadas:
n_persons	index	time        
100000   	0    	5.164810e-02
100000   	1    	6.186050e-02
100000   	2    	5.980010e-02
100000   	3    	5.937610e-02

Procura de nós nas árvores:
n_persons	index	time        
100000   	0    	5.686340e-02
100000   	1    	6.754980e-02
100000   	2    	5.930830e-02
100000   	3    	4.912530e-02

Maior profundidade das árvores:
n_persons	index	time        	depth
100000   	0    	4.400200e-03	39   
100000   	1    	4.741500e-03	38   
100000   	2    	5.087100e-03	37   
100000   	3    	4.900700e-03	44   

Número de nós em cada nível:
n_persons	index	time        	lvl0  	lvl1  	lvl2  	lvl3  	lvl4  	lvl5  	lvl6  	lvl7  	lvl8  	lvl9  	lvl10 	lvl11 	lvl12 	lvl13 	lvl14 	lvl15 	lvl16 	lvl17 	lvl18 	lvl19 	lvl20 	lvl21 	lvl22 	lvl23 	lvl24 	lvl25 	lvl26 	lvl27 	lvl28 	lvl29 	lvl30 	lvl31 	lvl32 	lvl33 	lvl34 	lvl35 	lvl36 	lvl37 	lvl38 	lvl39 	lvl40 	lvl41 	lvl42 	lvl43 	lvl44 
100000   	0    	3.803500e-03	1     	2     	4     	8     	16    	32    	62    	120   	220   	385   	652   	1037  	1609  	2354  	3210  	4234  	5224  	6165  	7007  	7703  	8148  	8193  	7815  	7188  	6355  	5477  	4427  	3467  	2594  	1917  	1380  	1000  	718   	480   	342   	228   	117   	66    	29    	14    	nan   	nan   	nan   	nan   	nan   
100000   	1    	4.222400e-03	1     	2     	4     	8     	16    	31    	61    	121   	225   	408   	691   	1101  	1644  	2364  	3239  	4319  	5485  	6578  	7648  	8450  	8961  	8956  	8582  	7730  	6458  	5142  	4004  	2861  	1917  	1234  	779   	469   	260   	138   	66    	25    	13    	7     	2     	nan   	nan   	nan   	nan   	nan   	nan   
100000   	2    	4.294500e-03	1     	2     	4     	8     	16    	32    	64    	127   	242   	430   	730   	1178  	1762  	2574  	3597  	4732  	5924  	7082  	8045  	8700  	8841  	8676  	8096  	7108  	5920  	4825  	3707  	2771  	1935  	1251  	741   	419   	217   	125   	72    	32    	11    	3     	nan   	nan   	nan   	nan   	nan   	nan   	nan   
100000   	3    	4.442300e-03	1     	2     	4     	8     	16    	32    	63    	121   	229   	406   	711   	1178  	1718  	2430  	3241  	4190  	5079  	6075  	6943  	7618  	8069  	8270  	8056  	7477  	6513  	5518  	4429  	3469  	2543  	1851  	1287  	857   	596   	380   	250   	148   	89    	54    	35    	21    	11    	4     	4     	3     	1     

