Criação das árvores ordenadas:
n_persons	index	time        
100000   	0    	5.359550e-02
100000   	1    	6.322230e-02
100000   	2    	5.935440e-02
100000   	3    	4.761310e-02

Procura de nós nas árvores:
n_persons	index	time        
100000   	0    	5.286750e-02
100000   	1    	6.199410e-02
100000   	2    	5.878550e-02
100000   	3    	9.976710e-02

Maior profundidade das árvores:
n_persons	index	time        	depth
100000   	0    	5.616900e-03	41   
100000   	1    	5.338700e-03	37   
100000   	2    	5.908600e-03	39   
100000   	3    	6.335900e-03	39   

Número de nós em cada nível:
n_persons	index	time        	lvl0  	lvl1  	lvl2  	lvl3  	lvl4  	lvl5  	lvl6  	lvl7  	lvl8  	lvl9  	lvl10 	lvl11 	lvl12 	lvl13 	lvl14 	lvl15 	lvl16 	lvl17 	lvl18 	lvl19 	lvl20 	lvl21 	lvl22 	lvl23 	lvl24 	lvl25 	lvl26 	lvl27 	lvl28 	lvl29 	lvl30 	lvl31 	lvl32 	lvl33 	lvl34 	lvl35 	lvl36 	lvl37 	lvl38 	lvl39 	lvl40 	lvl41 
100000   	0    	4.985300e-03	1     	2     	4     	8     	16    	32    	62    	122   	211   	375   	590   	893   	1307  	1850  	2511  	3326  	4170  	5111  	6105  	7002  	7607  	7936  	7980  	7715  	7028  	6255  	5403  	4511  	3573  	2760  	1992  	1347  	911   	588   	316   	178   	97    	51    	30    	17    	6     	1     
100000   	1    	4.726200e-03	1     	2     	4     	8     	16    	32    	63    	117   	210   	372   	628   	1000  	1564  	2340  	3312  	4496  	5856  	7073  	8129  	8920  	9107  	8925  	8372  	7496  	6234  	4942  	3773  	2670  	1752  	1154  	712   	373   	191   	86    	43    	19    	6     	2     	nan   	nan   	nan   	nan   
100000   	2    	5.276300e-03	1     	2     	4     	8     	16    	32    	63    	126   	245   	452   	799   	1318  	2063  	3048  	4310  	5764  	7127  	8250  	8783  	9070  	8903  	8143  	7093  	6055  	4941  	3936  	3015  	2206  	1544  	1012  	682   	429   	260   	139   	79    	41    	23    	12    	5     	1     	nan   	nan   
100000   	3    	5.783100e-03	1     	2     	4     	8     	16    	32    	63    	122   	239   	459   	836   	1394  	2155  	3092  	4184  	5269  	6388  	7399  	8159  	8687  	8661  	8265  	7587  	6812  	5651  	4443  	3354  	2406  	1642  	1066  	703   	418   	237   	138   	56    	29    	12    	6     	4     	1     	nan   	nan   

