Criação das árvores ordenadas:
n_persons	index	time        
100000   	0    	5.083730e-02
100000   	1    	6.429090e-02
100000   	2    	5.551770e-02
100000   	3    	4.897040e-02

Procura de nós nas árvores:
n_persons	index	time        
100000   	0    	5.874750e-02
100000   	1    	6.913030e-02
100000   	2    	6.268160e-02
100000   	3    	7.807190e-02

Maior profundidade das árvores:
n_persons	index	time        	depth
100000   	0    	7.987200e-03	39   
100000   	1    	6.280300e-03	39   
100000   	2    	7.379300e-03	43   
100000   	3    	7.815000e-03	40   

Número de nós em cada nível:
n_persons	index	time        	lvl0  	lvl1  	lvl2  	lvl3  	lvl4  	lvl5  	lvl6  	lvl7  	lvl8  	lvl9  	lvl10 	lvl11 	lvl12 	lvl13 	lvl14 	lvl15 	lvl16 	lvl17 	lvl18 	lvl19 	lvl20 	lvl21 	lvl22 	lvl23 	lvl24 	lvl25 	lvl26 	lvl27 	lvl28 	lvl29 	lvl30 	lvl31 	lvl32 	lvl33 	lvl34 	lvl35 	lvl36 	lvl37 	lvl38 	lvl39 	lvl40 	lvl41 	lvl42 	lvl43 
100000   	0    	4.757600e-03	1     	2     	4     	8     	16    	32    	62    	118   	214   	368   	623   	1002  	1539  	2246  	3164  	4295  	5543  	6703  	7738  	8547  	8778  	8578  	8096  	7282  	6370  	5207  	4150  	3164  	2270  	1500  	1017  	620   	377   	200   	90    	40    	21    	10    	4     	1     	nan   	nan   	nan   	nan   
100000   	1    	4.823800e-03	1     	2     	4     	8     	16    	32    	62    	123   	237   	433   	746   	1224  	1897  	2755  	3726  	4783  	5836  	6831  	7567  	8009  	8145  	7931  	7409  	6615  	5812  	4850  	4029  	3254  	2426  	1762  	1270  	869   	572   	349   	213   	112   	54    	21    	9     	6     	nan   	nan   	nan   	nan   
100000   	2    	6.032900e-03	1     	2     	4     	8     	16    	32    	64    	124   	217   	384   	642   	1056  	1652  	2437  	3403  	4489  	5596  	6664  	7499  	7989  	8106  	7869  	7544  	6869  	6072  	5073  	4151  	3275  	2506  	1890  	1362  	1002  	672   	447   	302   	221   	142   	101   	50    	31    	19    	12    	4     	1     
100000   	3    	5.194000e-03	1     	2     	4     	8     	16    	31    	59    	112   	210   	367   	634   	1054  	1651  	2436  	3364  	4437  	5559  	6675  	7629  	8250  	8502  	8479  	8021  	7259  	6279  	5257  	4186  	3263  	2331  	1638  	1031  	628   	324   	173   	77    	32    	9     	6     	4     	1     	1     	nan   	nan   	nan   

