Criação das árvores ordenadas:
n_persons	index	time        
100000   	0    	5.111820e-02
100000   	1    	6.178760e-02
100000   	2    	5.893930e-02
100000   	3    	4.708650e-02

Procura de nós nas árvores:
n_persons	index	time        
100000   	0    	5.592370e-02
100000   	1    	6.445530e-02
100000   	2    	5.899890e-02
100000   	3    	4.994480e-02

Maior profundidade das árvores:
n_persons	index	time        	depth
100000   	0    	4.744800e-03	38   
100000   	1    	4.360500e-03	39   
100000   	2    	5.373600e-03	43   
100000   	3    	5.049300e-03	38   

Número de nós em cada nível:
n_persons	index	time        	lvl0  	lvl1  	lvl2  	lvl3  	lvl4  	lvl5  	lvl6  	lvl7  	lvl8  	lvl9  	lvl10 	lvl11 	lvl12 	lvl13 	lvl14 	lvl15 	lvl16 	lvl17 	lvl18 	lvl19 	lvl20 	lvl21 	lvl22 	lvl23 	lvl24 	lvl25 	lvl26 	lvl27 	lvl28 	lvl29 	lvl30 	lvl31 	lvl32 	lvl33 	lvl34 	lvl35 	lvl36 	lvl37 	lvl38 	lvl39 	lvl40 	lvl41 	lvl42 	lvl43 
100000   	0    	4.161500e-03	1     	2     	4     	8     	16    	32    	63    	121   	231   	431   	765   	1292  	2056  	3026  	4218  	5572  	6849  	8077  	8875  	9108  	8941  	8435  	7540  	6510  	5261  	3970  	2842  	2013  	1297  	859   	580   	415   	269   	154   	84    	48    	26    	6     	3     	nan   	nan   	nan   	nan   	nan   
100000   	1    	3.976500e-03	1     	2     	4     	8     	16    	32    	64    	128   	238   	406   	669   	1064  	1599  	2272  	3060  	3975  	4981  	5993  	6882  	7599  	7936  	8058  	7962  	7515  	6819  	5842  	4815  	3722  	2804  	1983  	1344  	873   	581   	363   	189   	101   	56    	27    	14    	3     	nan   	nan   	nan   	nan   
100000   	2    	4.901600e-03	1     	2     	4     	8     	16    	32    	62    	119   	212   	375   	658   	1097  	1746  	2561  	3579  	4720  	5842  	6937  	7721  	8206  	8408  	8215  	7772  	6950  	5991  	4932  	3892  	2981  	2225  	1645  	1150  	727   	477   	305   	186   	119   	64    	34    	10    	5     	6     	5     	2     	1     
100000   	3    	5.076400e-03	1     	2     	4     	8     	16    	32    	62    	119   	219   	396   	673   	1104  	1749  	2597  	3687  	4962  	6240  	7460  	8547  	9064  	9188  	8956  	8254  	7257  	5836  	4474  	3220  	2232  	1480  	903   	564   	325   	170   	97    	54    	30    	12    	5     	1     	nan   	nan   	nan   	nan   	nan   

