Criação das árvores ordenadas:
n_persons	index	time        
100000   	0    	5.180600e-02
100000   	1    	6.397910e-02
100000   	2    	7.454030e-02
100000   	3    	5.472270e-02

Procura de nós nas árvores:
n_persons	index	time        
100000   	0    	5.649760e-02
100000   	1    	6.016970e-02
100000   	2    	6.145020e-02
100000   	3    	5.221650e-02

Maior profundidade das árvores:
n_persons	index	time        	depth
100000   	0    	4.545900e-03	37   
100000   	1    	4.925200e-03	44   
100000   	2    	5.255600e-03	38   
100000   	3    	5.147700e-03	42   

Número de nós em cada nível:
n_persons	index	time        	lvl0  	lvl1  	lvl2  	lvl3  	lvl4  	lvl5  	lvl6  	lvl7  	lvl8  	lvl9  	lvl10 	lvl11 	lvl12 	lvl13 	lvl14 	lvl15 	lvl16 	lvl17 	lvl18 	lvl19 	lvl20 	lvl21 	lvl22 	lvl23 	lvl24 	lvl25 	lvl26 	lvl27 	lvl28 	lvl29 	lvl30 	lvl31 	lvl32 	lvl33 	lvl34 	lvl35 	lvl36 	lvl37 	lvl38 	lvl39 	lvl40 	lvl41 	lvl42 	lvl43 	lvl44 
100000   	0    	3.918800e-03	1     	2     	4     	8     	16    	32    	59    	110   	196   	331   	547   	940   	1549  	2421  	3607  	4922  	6271  	7557  	8553  	9117  	9301  	8931  	8020  	7010  	5786  	4578  	3470  	2462  	1677  	1079  	664   	388   	221   	112   	42    	12    	2     	2     	nan   	nan   	nan   	nan   	nan   	nan   	nan   
100000   	1    	4.212900e-03	1     	2     	4     	8     	16    	31    	62    	118   	223   	402   	678   	1099  	1688  	2400  	3211  	4185  	5208  	6118  	6887  	7408  	7761  	8003  	7659  	7072  	6241  	5467  	4589  	3653  	2860  	2076  	1464  	1051  	709   	515   	376   	263   	174   	118   	71    	46    	36    	22    	16    	8     	1     
100000   	2    	4.414400e-03	1     	2     	4     	8     	16    	31    	61    	120   	226   	401   	695   	1153  	1829  	2721  	3743  	4899  	6126  	7293  	8326  	8967  	9208  	8831  	8149  	7070  	5919  	4638  	3442  	2348  	1578  	957   	572   	319   	170   	91    	51    	23    	7     	3     	2     	nan   	nan   	nan   	nan   	nan   	nan   
100000   	3    	4.405200e-03	1     	2     	4     	8     	16    	32    	64    	125   	226   	408   	692   	1117  	1647  	2324  	3160  	4171  	5217  	6412  	7371  	8009  	8308  	8182  	7712  	7153  	6356  	5369  	4352  	3419  	2577  	1939  	1309  	870   	599   	366   	219   	129   	75    	38    	13    	5     	1     	2     	1     	nan   	nan   

