Criação das árvores ordenadas:
n_persons	index	time        
100000   	0    	5.827510e-02
100000   	1    	6.828990e-02
100000   	2    	6.136180e-02
100000   	3    	5.521250e-02

Procura de nós nas árvores:
n_persons	index	time        
100000   	0    	6.201040e-02
100000   	1    	7.571480e-02
100000   	2    	6.538840e-02
100000   	3    	5.541130e-02

Maior profundidade das árvores:
n_persons	index	time        	depth
100000   	0    	5.087300e-03	39   
100000   	1    	4.752800e-03	37   
100000   	2    	5.203600e-03	41   
100000   	3    	5.348400e-03	41   

Número de nós em cada nível:
n_persons	index	time        	lvl0  	lvl1  	lvl2  	lvl3  	lvl4  	lvl5  	lvl6  	lvl7  	lvl8  	lvl9  	lvl10 	lvl11 	lvl12 	lvl13 	lvl14 	lvl15 	lvl16 	lvl17 	lvl18 	lvl19 	lvl20 	lvl21 	lvl22 	lvl23 	lvl24 	lvl25 	lvl26 	lvl27 	lvl28 	lvl29 	lvl30 	lvl31 	lvl32 	lvl33 	lvl34 	lvl35 	lvl36 	lvl37 	lvl38 	lvl39 	lvl40 	lvl41 
100000   	0    	4.397300e-03	1     	2     	4     	8     	16    	32    	63    	123   	236   	436   	765   	1246  	1908  	2785  	3866  	4915  	5951  	6939  	7715  	8175  	8435  	8195  	7706  	7016  	6033  	4952  	3934  	2897  	2081  	1405  	895   	591   	348   	186   	82    	32    	15    	8     	2     	1     	nan   	nan   
100000   	1    	4.299500e-03	1     	2     	4     	8     	16    	32    	62    	121   	232   	426   	744   	1251  	1980  	2976  	4164  	5512  	6777  	7811  	8554  	9006  	8998  	8633  	7814  	6743  	5507  	4225  	3057  	2119  	1403  	865   	476   	257   	122   	55    	28    	12    	6     	1     	nan   	nan   	nan   	nan   
100000   	2    	4.689200e-03	1     	2     	4     	8     	16    	32    	64    	126   	243   	448   	783   	1278  	1973  	2901  	3998  	5303  	6512  	7661  	8405  	8772  	8603  	8196  	7398  	6340  	5189  	4072  	3172  	2405  	1822  	1381  	993   	668   	452   	298   	197   	105   	74    	46    	32    	18    	7     	2     
100000   	3    	4.772200e-03	1     	2     	4     	8     	16    	32    	64    	119   	217   	361   	580   	950   	1474  	2181  	3120  	4142  	5425  	6509  	7459  	8146  	8403  	8302  	8003  	7450  	6604  	5548  	4393  	3266  	2318  	1596  	1119  	790   	497   	334   	220   	146   	90    	68    	29    	10    	3     	1     

