Criação das árvores ordenadas:
n_persons	index	time        
100000   	0    	5.391810e-02
100000   	1    	6.574190e-02
100000   	2    	5.641420e-02
100000   	3    	5.319570e-02

Procura de nós nas árvores:
n_persons	index	time        
100000   	0    	5.469060e-02
100000   	1    	6.277550e-02
100000   	2    	5.751730e-02
100000   	3    	4.912860e-02

Maior profundidade das árvores:
n_persons	index	time        	depth
100000   	0    	4.572200e-03	42   
100000   	1    	4.728500e-03	43   
100000   	2    	4.965400e-03	39   
100000   	3    	4.992900e-03	40   

Número de nós em cada nível:
n_persons	index	time        	lvl0  	lvl1  	lvl2  	lvl3  	lvl4  	lvl5  	lvl6  	lvl7  	lvl8  	lvl9  	lvl10 	lvl11 	lvl12 	lvl13 	lvl14 	lvl15 	lvl16 	lvl17 	lvl18 	lvl19 	lvl20 	lvl21 	lvl22 	lvl23 	lvl24 	lvl25 	lvl26 	lvl27 	lvl28 	lvl29 	lvl30 	lvl31 	lvl32 	lvl33 	lvl34 	lvl35 	lvl36 	lvl37 	lvl38 	lvl39 	lvl40 	lvl41 	lvl42 	lvl43 
100000   	0    	4.363800e-03	1     	2     	4     	8     	16    	31    	61    	116   	215   	387   	656   	1061  	1597  	2278  	3097  	4062  	5074  	6085  	7006  	7692  	8062  	7998  	7662  	7193  	6449  	5596  	4675  	3685  	2823  	2098  	1518  	1038  	686   	422   	280   	167   	90    	55    	27    	15    	5     	5     	2     	nan   
100000   	1    	4.037600e-03	1     	2     	4     	8     	16    	31    	59    	116   	207   	356   	597   	925   	1415  	2093  	2875  	3717  	4590  	5433  	6106  	6610  	6934  	7051  	6928  	6690  	6333  	5959  	5481  	4829  	3994  	3192  	2512  	1765  	1216  	776   	508   	313   	173   	87    	44    	27    	12    	10    	4     	1     
100000   	2    	4.623900e-03	1     	2     	4     	8     	16    	32    	63    	124   	235   	444   	769   	1231  	1854  	2685  	3728  	4872  	6089  	7311  	8315  	9086  	9262  	8867  	8109  	6970  	5700  	4519  	3385  	2351  	1602  	1029  	629   	318   	174   	99    	48    	29    	20    	12    	5     	3     	nan   	nan   	nan   	nan   
100000   	3    	4.607100e-03	1     	2     	4     	8     	16    	32    	64    	126   	246   	445   	792   	1314  	2074  	3003  	4098  	5315  	6411  	7321  	8015  	8409  	8425  	8190  	7530  	6679  	5589  	4491  	3479  	2666  	1902  	1301  	893   	550   	292   	158   	75    	41    	23    	13    	5     	1     	1     	nan   	nan   	nan   

