Criação das árvores ordenadas:
n_persons	index	time        
100000   	0    	6.272190e-02
100000   	1    	7.299210e-02
100000   	2    	6.981260e-02
100000   	3    	5.934960e-02

Procura de nós nas árvores:
n_persons	index	time        
100000   	0    	6.270450e-02
100000   	1    	7.434880e-02
100000   	2    	6.943190e-02
100000   	3    	6.070740e-02

Maior profundidade das árvores:
n_persons	index	time        	depth
100000   	0    	4.820400e-03	40   
100000   	1    	5.072200e-03	38   
100000   	2    	5.394600e-03	41   
100000   	3    	5.417700e-03	40   

Número de nós em cada nível:
n_persons	index	time        	lvl0  	lvl1  	lvl2  	lvl3  	lvl4  	lvl5  	lvl6  	lvl7  	lvl8  	lvl9  	lvl10 	lvl11 	lvl12 	lvl13 	lvl14 	lvl15 	lvl16 	lvl17 	lvl18 	lvl19 	lvl20 	lvl21 	lvl22 	lvl23 	lvl24 	lvl25 	lvl26 	lvl27 	lvl28 	lvl29 	lvl30 	lvl31 	lvl32 	lvl33 	lvl34 	lvl35 	lvl36 	lvl37 	lvl38 	lvl39 	lvl40 	lvl41 
100000   	0    	4.707300e-03	1     	2     	4     	8     	16    	30    	60    	119   	232   	419   	709   	1129  	1720  	2434  	3257  	4102  	5062  	5981  	6793  	7512  	8098  	8304  	8165  	7479  	6630  	5648  	4601  	3594  	2678  	1921  	1271  	831   	522   	313   	186   	99    	38    	22    	6     	3     	1     	nan   
100000   	1    	4.675700e-03	1     	2     	4     	8     	16    	32    	61    	118   	227   	421   	747   	1263  	1987  	2952  	4138  	5421  	6668  	7667  	8497  	8908  	8765  	8235  	7361  	6330  	5225  	4312  	3298  	2406  	1766  	1186  	770   	494   	337   	195   	102   	53    	20    	6     	1     	nan   	nan   	nan   
100000   	2    	4.582600e-03	1     	2     	4     	8     	16    	32    	60    	114   	221   	403   	706   	1159  	1804  	2603  	3665  	4874  	6166  	7332  	8269  	8812  	8812  	8407  	7728  	6835  	5788  	4711  	3532  	2597  	1878  	1299  	846   	549   	334   	189   	104   	63    	31    	16    	15    	7     	4     	4     
100000   	3    	4.783200e-03	1     	2     	4     	8     	16    	32    	64    	126   	235   	433   	766   	1272  	1970  	2930  	4058  	5321  	6495  	7561  	8284  	8696  	8716  	8373  	7748  	6790  	5607  	4479  	3434  	2529  	1653  	1049  	599   	360   	205   	97    	49    	20    	9     	4     	2     	1     	2     	nan   

