Criação das árvores ordenadas:
n_persons	index	time        
100000   	0    	5.477160e-02
100000   	1    	6.525410e-02
100000   	2    	5.938340e-02
100000   	3    	4.798690e-02

Procura de nós nas árvores:
n_persons	index	time        
100000   	0    	5.473510e-02
100000   	1    	6.601860e-02
100000   	2    	5.782790e-02
100000   	3    	5.183890e-02

Maior profundidade das árvores:
n_persons	index	time        	depth
100000   	0    	5.446100e-03	44   
100000   	1    	5.168200e-03	39   
100000   	2    	5.527100e-03	37   
100000   	3    	5.454200e-03	39   

Número de nós em cada nível:
n_persons	index	time        	lvl0  	lvl1  	lvl2  	lvl3  	lvl4  	lvl5  	lvl6  	lvl7  	lvl8  	lvl9  	lvl10 	lvl11 	lvl12 	lvl13 	lvl14 	lvl15 	lvl16 	lvl17 	lvl18 	lvl19 	lvl20 	lvl21 	lvl22 	lvl23 	lvl24 	lvl25 	lvl26 	lvl27 	lvl28 	lvl29 	lvl30 	lvl31 	lvl32 	lvl33 	lvl34 	lvl35 	lvl36 	lvl37 	lvl38 	lvl39 	lvl40 	lvl41 	lvl42 	lvl43 	lvl44 
100000   	0    	4.219700e-03	1     	2     	4     	8     	16    	32    	64    	127   	242   	433   	748   	1196  	1804  	2648  	3630  	4636  	5561  	6347  	6828  	7104  	7177  	7096  	6799  	6408  	5909  	5261  	4665  	4032  	3171  	2472  	1872  	1333  	869   	563   	390   	220   	125   	87    	49    	35    	19    	8     	5     	3     	1     
100000   	1    	4.217600e-03	1     	2     	4     	8     	16    	32    	63    	121   	217   	374   	612   	953   	1490  	2268  	3255  	4425  	5654  	6855  	7919  	8622  	8949  	8833  	8400  	7463  	6437  	5310  	4018  	2827  	1932  	1241  	739   	431   	247   	123   	72    	45    	27    	10    	3     	2     	nan   	nan   	nan   	nan   	nan   
100000   	2    	4.770300e-03	1     	2     	4     	8     	16    	32    	64    	122   	223   	393   	669   	1114  	1705  	2492  	3481  	4590  	5753  	6929  	8030  	8860  	9122  	8860  	8313  	7383  	6140  	4967  	3695  	2644  	1773  	1138  	718   	380   	198   	106   	44    	22    	8     	1     	nan   	nan   	nan   	nan   	nan   	nan   	nan   
100000   	3    	4.948600e-03	1     	2     	4     	8     	16    	32    	64    	128   	249   	454   	778   	1295  	2055  	3039  	4238  	5576  	6970  	8204  	9146  	9578  	9471  	8833  	7747  	6390  	4986  	3777  	2676  	1775  	1122  	645   	368   	188   	109   	50    	16    	5     	2     	1     	1     	1     	nan   	nan   	nan   	nan   	nan   

