Criação das árvores ordenadas:
n_persons	index	time        
100000   	0    	5.149350e-02
100000   	1    	6.210260e-02
100000   	2    	5.513460e-02
100000   	3    	4.617410e-02

Procura de nós nas árvores:
n_persons	index	time        
100000   	0    	5.171400e-02
100000   	1    	5.962800e-02
100000   	2    	5.575250e-02
100000   	3    	4.769430e-02

Maior profundidade das árvores:
n_persons	index	time        	depth
100000   	0    	4.569900e-03	39   
100000   	1    	4.499900e-03	40   
100000   	2    	4.853300e-03	38   
100000   	3    	5.016300e-03	39   

Número de nós em cada nível:
n_persons	index	time        	lvl0  	lvl1  	lvl2  	lvl3  	lvl4  	lvl5  	lvl6  	lvl7  	lvl8  	lvl9  	lvl10 	lvl11 	lvl12 	lvl13 	lvl14 	lvl15 	lvl16 	lvl17 	lvl18 	lvl19 	lvl20 	lvl21 	lvl22 	lvl23 	lvl24 	lvl25 	lvl26 	lvl27 	lvl28 	lvl29 	lvl30 	lvl31 	lvl32 	lvl33 	lvl34 	lvl35 	lvl36 	lvl37 	lvl38 	lvl39 	lvl40 
100000   	0    	4.067400e-03	1     	2     	4     	8     	16    	32    	64    	125   	236   	442   	781   	1328  	2111  	3124  	4352  	5677  	6905  	7943  	8610  	8882  	8819  	8278  	7598  	6535  	5253  	4084  	3021  	2127  	1421  	884   	554   	341   	207   	113   	58    	33    	19    	9     	2     	1     	nan   
100000   	1    	4.370200e-03	1     	2     	4     	8     	16    	32    	64    	126   	239   	444   	777   	1284  	2051  	3057  	4276  	5576  	6904  	7954  	8570  	8871  	8583  	7927  	7108  	6205  	5171  	4134  	3146  	2297  	1665  	1196  	823   	566   	363   	236   	153   	86    	42    	24    	9     	7     	3     
100000   	2    	4.327200e-03	1     	2     	4     	8     	16    	31    	60    	113   	214   	395   	690   	1160  	1812  	2646  	3544  	4496  	5581  	6656  	7422  	8013  	8348  	8349  	7967  	7296  	6380  	5327  	4212  	3186  	2240  	1563  	978   	609   	339   	170   	98    	48    	17    	7     	2     	nan   	nan   
100000   	3    	4.376900e-03	1     	2     	4     	8     	16    	32    	64    	122   	237   	421   	746   	1197  	1913  	2852  	4008  	5357  	6658  	7845  	8745  	9110  	9169  	8669  	7781  	6592  	5373  	4195  	3021  	2133  	1426  	882   	543   	327   	220   	133   	88    	58    	31    	13    	6     	2     	nan   

