Criação das árvores ordenadas:
n_persons	index	time        
100000   	0    	5.743320e-02
100000   	1    	7.254490e-02
100000   	2    	6.115100e-02
100000   	3    	4.857360e-02

Procura de nós nas árvores:
n_persons	index	time        
100000   	0    	6.129190e-02
100000   	1    	6.666750e-02
100000   	2    	6.314140e-02
100000   	3    	5.959190e-02

Maior profundidade das árvores:
n_persons	index	time        	depth
100000   	0    	4.764400e-03	40   
100000   	1    	4.762900e-03	39   
100000   	2    	5.270200e-03	38   
100000   	3    	5.044900e-03	38   

Número de nós em cada nível:
n_persons	index	time        	lvl0  	lvl1  	lvl2  	lvl3  	lvl4  	lvl5  	lvl6  	lvl7  	lvl8  	lvl9  	lvl10 	lvl11 	lvl12 	lvl13 	lvl14 	lvl15 	lvl16 	lvl17 	lvl18 	lvl19 	lvl20 	lvl21 	lvl22 	lvl23 	lvl24 	lvl25 	lvl26 	lvl27 	lvl28 	lvl29 	lvl30 	lvl31 	lvl32 	lvl33 	lvl34 	lvl35 	lvl36 	lvl37 	lvl38 	lvl39 	lvl40 
100000   	0    	4.073300e-03	1     	2     	4     	8     	16    	32    	64    	127   	244   	436   	746   	1218  	1922  	2786  	3791  	4920  	6030  	7053  	7920  	8338  	8397  	8411  	8090  	7278  	6138  	4963  	3768  	2680  	1819  	1178  	718   	400   	211   	104   	64    	39    	30    	26    	14    	10    	4     
100000   	1    	4.352900e-03	1     	2     	4     	8     	16    	32    	63    	118   	217   	386   	669   	1094  	1729  	2640  	3819  	5155  	6606  	7863  	8780  	9287  	9273  	8780  	7815  	6603  	5324  	4155  	3036  	2168  	1505  	1052  	727   	439   	273   	167   	91    	54    	31    	13    	4     	1     	nan   
100000   	2    	4.726700e-03	1     	2     	4     	8     	16    	31    	62    	121   	231   	419   	718   	1166  	1864  	2773  	3916  	5094  	6340  	7424  	8327  	8905  	8991  	8462  	7587  	6556  	5439  	4285  	3385  	2607  	1887  	1294  	853   	542   	329   	181   	100   	52    	21    	6     	1     	nan   	nan   
100000   	3    	4.968800e-03	1     	2     	4     	7     	14    	27    	54    	98    	180   	312   	551   	940   	1536  	2293  	3290  	4420  	5646  	6860  	7956  	8883  	9130  	8988  	8377  	7478  	6256  	4974  	3798  	2827  	1911  	1276  	866   	496   	289   	143   	73    	34    	8     	1     	1     	nan   	nan   

