Criação das árvores ordenadas:
n_persons	index	time        
100000   	0    	5.602600e-02
100000   	1    	6.160490e-02
100000   	2    	5.506300e-02
100000   	3    	4.836010e-02

Procura de nós nas árvores:
n_persons	index	time        
100000   	0    	5.222750e-02
100000   	1    	6.196470e-02
100000   	2    	5.670920e-02
100000   	3    	5.035160e-02

Maior profundidade das árvores:
n_persons	index	time        	depth
100000   	0    	4.598700e-03	44   
100000   	1    	4.390500e-03	38   
100000   	2    	4.908200e-03	40   
100000   	3    	5.030600e-03	39   

Número de nós em cada nível:
n_persons	index	time        	lvl0  	lvl1  	lvl2  	lvl3  	lvl4  	lvl5  	lvl6  	lvl7  	lvl8  	lvl9  	lvl10 	lvl11 	lvl12 	lvl13 	lvl14 	lvl15 	lvl16 	lvl17 	lvl18 	lvl19 	lvl20 	lvl21 	lvl22 	lvl23 	lvl24 	lvl25 	lvl26 	lvl27 	lvl28 	lvl29 	lvl30 	lvl31 	lvl32 	lvl33 	lvl34 	lvl35 	lvl36 	lvl37 	lvl38 	lvl39 	lvl40 	lvl41 	lvl42 	lvl43 	lvl44 
100000   	0    	4.305300e-03	1     	2     	4     	8     	16    	31    	59    	112   	210   	363   	604   	958   	1426  	2061  	2860  	3751  	4687  	5629  	6479  	7338  	7860  	7975  	7702  	7150  	6519  	5689  	4743  	3849  	3042  	2391  	1940  	1468  	1071  	767   	508   	329   	194   	104   	52    	24    	13    	4     	2     	4     	1     
100000   	1    	3.917300e-03	1     	2     	4     	8     	16    	32    	63    	125   	240   	453   	788   	1324  	2071  	3049  	4245  	5517  	6854  	7999  	8878  	9310  	9296  	8763  	7805  	6537  	5201  	3834  	2691  	1806  	1130  	716   	472   	301   	201   	117   	83    	42    	17    	8     	1     	nan   	nan   	nan   	nan   	nan   	nan   
100000   	2    	4.345500e-03	1     	2     	4     	8     	16    	32    	64    	126   	240   	429   	714   	1158  	1797  	2569  	3574  	4737  	5923  	7173  	8100  	8724  	8772  	8389  	7587  	6666  	5548  	4457  	3545  	2728  	2077  	1588  	1199  	827   	546   	343   	173   	88    	40    	21    	11    	2     	2     	nan   	nan   	nan   	nan   
100000   	3    	4.475500e-03	1     	2     	4     	8     	16    	32    	58    	108   	186   	294   	440   	662   	948   	1381  	1997  	2882  	3893  	5043  	6249  	7435  	8385  	8921  	9033  	8734  	7813  	6759  	5499  	4121  	3044  	2188  	1488  	988   	615   	386   	210   	92    	51    	21    	10    	3     	nan   	nan   	nan   	nan   	nan   

