Criação das árvores ordenadas:
n_persons	index	time        
100000   	0    	5.346790e-02
100000   	1    	6.348370e-02
100000   	2    	5.790430e-02
100000   	3    	4.933160e-02

Procura de nós nas árvores:
n_persons	index	time        
100000   	0    	5.723110e-02
100000   	1    	7.465560e-02
100000   	2    	6.063560e-02
100000   	3    	5.201100e-02

Maior profundidade das árvores:
n_persons	index	time        	depth
100000   	0    	4.510200e-03	39   
100000   	1    	4.594800e-03	38   
100000   	2    	5.439900e-03	37   
100000   	3    	5.895200e-03	39   

Número de nós em cada nível:
n_persons	index	time        	lvl0  	lvl1  	lvl2  	lvl3  	lvl4  	lvl5  	lvl6  	lvl7  	lvl8  	lvl9  	lvl10 	lvl11 	lvl12 	lvl13 	lvl14 	lvl15 	lvl16 	lvl17 	lvl18 	lvl19 	lvl20 	lvl21 	lvl22 	lvl23 	lvl24 	lvl25 	lvl26 	lvl27 	lvl28 	lvl29 	lvl30 	lvl31 	lvl32 	lvl33 	lvl34 	lvl35 	lvl36 	lvl37 	lvl38 	lvl39 
100000   	0    	4.202100e-03	1     	2     	4     	8     	16    	32    	64    	125   	240   	446   	804   	1366  	2154  	3209  	4416  	5801  	7146  	8200  	8869  	9125  	8939  	8326  	7383  	6141  	4969  	3858  	2868  	2037  	1373  	893   	535   	308   	170   	80    	47    	22    	11    	7     	4     	1     
100000   	1    	4.080800e-03	1     	2     	4     	8     	16    	32    	63    	124   	234   	431   	762   	1296  	2063  	3024  	4198  	5536  	6917  	8087  	8896  	9366  	9142  	8477  	7451  	6339  	5143  	3945  	2958  	2020  	1391  	945   	539   	293   	152   	77    	41    	12    	12    	2     	1     	nan   
100000   	2    	5.652000e-03	1     	2     	4     	8     	16    	32    	64    	126   	237   	442   	779   	1325  	2077  	3018  	4174  	5467  	6860  	8134  	8962  	9404  	9196  	8557  	7592  	6401  	5026  	3808  	2749  	1997  	1342  	861   	527   	325   	216   	128   	79    	42    	16    	6     	nan   	nan   
100000   	3    	4.509500e-03	1     	2     	4     	8     	16    	32    	62    	121   	232   	421   	742   	1275  	2035  	3097  	4393  	5769  	6998  	8132  	8811  	9058  	8664  	7950  	7035  	5914  	4876  	3972  	3072  	2345  	1732  	1218  	819   	501   	295   	175   	105   	59    	32    	20    	6     	1     

