Criação das árvores ordenadas:
n_persons	index	time        
100000   	0    	7.795410e-02
100000   	1    	6.966000e-02
100000   	2    	5.961840e-02
100000   	3    	5.299250e-02

Procura de nós nas árvores:
n_persons	index	time        
100000   	0    	6.540550e-02
100000   	1    	7.205420e-02
100000   	2    	5.999400e-02
100000   	3    	5.042160e-02

Maior profundidade das árvores:
n_persons	index	time        	depth
100000   	0    	4.870700e-03	37   
100000   	1    	1.246480e-02	39   
100000   	2    	5.894700e-03	36   
100000   	3    	5.054900e-03	42   

Número de nós em cada nível:
n_persons	index	time        	lvl0  	lvl1  	lvl2  	lvl3  	lvl4  	lvl5  	lvl6  	lvl7  	lvl8  	lvl9  	lvl10 	lvl11 	lvl12 	lvl13 	lvl14 	lvl15 	lvl16 	lvl17 	lvl18 	lvl19 	lvl20 	lvl21 	lvl22 	lvl23 	lvl24 	lvl25 	lvl26 	lvl27 	lvl28 	lvl29 	lvl30 	lvl31 	lvl32 	lvl33 	lvl34 	lvl35 	lvl36 	lvl37 	lvl38 	lvl39 	lvl40 	lvl41 	lvl42 
100000   	0    	4.284500e-03	1     	2     	4     	8     	16    	32    	64    	126   	239   	450   	782   	1259  	1963  	2883  	3985  	5225  	6570  	7789  	8568  	8989  	8959  	8540  	7708  	6537  	5426  	4356  	3331  	2379  	1617  	996   	592   	318   	160   	80    	30    	12    	3     	1     	nan   	nan   	nan   	nan   	nan   
100000   	1    	4.368400e-03	1     	2     	4     	8     	16    	32    	62    	122   	228   	411   	703   	1196  	1906  	2790  	3925  	5238  	6459  	7651  	8562  	9116  	9022  	8429  	7549  	6486  	5340  	4391  	3365  	2492  	1777  	1149  	691   	407   	220   	109   	62    	41    	20    	11    	6     	1     	nan   	nan   	nan   
100000   	2    	4.469200e-03	1     	2     	4     	8     	16    	32    	64    	123   	222   	406   	701   	1161  	1850  	2728  	3894  	5248  	6637  	7735  	8574  	8955  	8878  	8495  	7642  	6630  	5555  	4484  	3489  	2455  	1582  	1028  	625   	400   	231   	97    	35    	11    	2     	nan   	nan   	nan   	nan   	nan   	nan   
100000   	3    	4.598600e-03	1     	2     	4     	8     	16    	32    	63    	122   	232   	436   	791   	1338  	2139  	3228  	4449  	5777  	7111  	8218  	8847  	9006  	8677  	7870  	6753  	5622  	4537  	3573  	2729  	2115  	1642  	1289  	975   	758   	541   	415   	268   	179   	96    	72    	42    	16    	7     	3     	1     

