Criação das árvores ordenadas:
n_persons	index	time        
100000   	0    	5.486730e-02
100000   	1    	6.060300e-02
100000   	2    	5.530750e-02
100000   	3    	4.533800e-02

Procura de nós nas árvores:
n_persons	index	time        
100000   	0    	5.193980e-02
100000   	1    	6.425880e-02
100000   	2    	6.132300e-02
100000   	3    	5.135460e-02

Maior profundidade das árvores:
n_persons	index	time        	depth
100000   	0    	4.478500e-03	39   
100000   	1    	4.348900e-03	38   
100000   	2    	4.951800e-03	43   
100000   	3    	5.097200e-03	37   

Número de nós em cada nível:
n_persons	index	time        	lvl0  	lvl1  	lvl2  	lvl3  	lvl4  	lvl5  	lvl6  	lvl7  	lvl8  	lvl9  	lvl10 	lvl11 	lvl12 	lvl13 	lvl14 	lvl15 	lvl16 	lvl17 	lvl18 	lvl19 	lvl20 	lvl21 	lvl22 	lvl23 	lvl24 	lvl25 	lvl26 	lvl27 	lvl28 	lvl29 	lvl30 	lvl31 	lvl32 	lvl33 	lvl34 	lvl35 	lvl36 	lvl37 	lvl38 	lvl39 	lvl40 	lvl41 	lvl42 	lvl43 
100000   	0    	3.957400e-03	1     	2     	4     	8     	16    	32    	61    	112   	211   	384   	672   	1091  	1693  	2501  	3437  	4413  	5430  	6421  	7256  	7773  	8020  	7995  	7632  	7030  	6306  	5379  	4466  	3425  	2631  	1910  	1349  	940   	596   	378   	216   	115   	55    	23    	12    	4     	nan   	nan   	nan   	nan   
100000   	1    	3.963900e-03	1     	2     	4     	8     	16    	32    	64    	126   	242   	452   	783   	1314  	2068  	3103  	4478  	5941  	7465  	8780  	9520  	9860  	9334  	8457  	7182  	5878  	4559  	3417  	2502  	1708  	1102  	689   	401   	248   	156   	67    	25    	8     	3     	3     	2     	nan   	nan   	nan   	nan   	nan   
100000   	2    	4.329400e-03	1     	2     	4     	8     	16    	30    	57    	107   	195   	351   	605   	973   	1505  	2248  	3133  	4221  	5349  	6474  	7418  	8159  	8580  	8515  	8007  	7351  	6238  	5131  	4088  	3135  	2410  	1813  	1318  	902   	600   	416   	232   	142   	92    	61    	50    	37    	16    	7     	2     	1     
100000   	3    	4.515300e-03	1     	2     	4     	8     	16    	32    	64    	124   	229   	414   	723   	1154  	1799  	2671  	3721  	4997  	6285  	7634  	8830  	9761  	9947  	9381  	8231  	6931  	5566  	4176  	2927  	1848  	1150  	652   	342   	176   	96    	58    	28    	16    	4     	2     	nan   	nan   	nan   	nan   	nan   	nan   

