Criação das árvores ordenadas:
n_persons	index	time        
100000   	0    	5.353450e-02
100000   	1    	6.298940e-02
100000   	2    	5.609390e-02
100000   	3    	4.708090e-02

Procura de nós nas árvores:
n_persons	index	time        
100000   	0    	5.445710e-02
100000   	1    	6.732050e-02
100000   	2    	5.675260e-02
100000   	3    	5.074380e-02

Maior profundidade das árvores:
n_persons	index	time        	depth
100000   	0    	4.426000e-03	39   
100000   	1    	4.657600e-03	38   
100000   	2    	4.943700e-03	41   
100000   	3    	4.918700e-03	37   

Número de nós em cada nível:
n_persons	index	time        	lvl0  	lvl1  	lvl2  	lvl3  	lvl4  	lvl5  	lvl6  	lvl7  	lvl8  	lvl9  	lvl10 	lvl11 	lvl12 	lvl13 	lvl14 	lvl15 	lvl16 	lvl17 	lvl18 	lvl19 	lvl20 	lvl21 	lvl22 	lvl23 	lvl24 	lvl25 	lvl26 	lvl27 	lvl28 	lvl29 	lvl30 	lvl31 	lvl32 	lvl33 	lvl34 	lvl35 	lvl36 	lvl37 	lvl38 	lvl39 	lvl40 	lvl41 
100000   	0    	4.114400e-03	1     	2     	4     	8     	16    	31    	61    	116   	211   	378   	615   	996   	1510  	2221  	3090  	4121  	5303  	6526  	7718  	8474  	8954  	8998  	8486  	7607  	6491  	5312  	4221  	3045  	2107  	1375  	858   	546   	308   	157   	81    	33    	11    	5     	2     	1     	nan   	nan   
100000   	1    	4.254300e-03	1     	2     	4     	8     	16    	32    	63    	124   	234   	430   	754   	1271  	1959  	2862  	3901  	5085  	6219  	7168  	8043  	8673  	8906  	8568  	7906  	7015  	5731  	4540  	3462  	2469  	1753  	1174  	742   	405   	219   	115   	74    	42    	17    	9     	4     	nan   	nan   	nan   
100000   	2    	4.481000e-03	1     	2     	4     	8     	16    	31    	62    	121   	231   	439   	758   	1231  	1907  	2756  	3840  	4983  	6201  	7388  	8282  	8853  	9007  	8732  	7991  	6828  	5617  	4426  	3208  	2258  	1573  	1101  	788   	516   	329   	190   	129   	83    	49    	27    	16    	13    	3     	2     
100000   	3    	4.532500e-03	1     	2     	4     	8     	16    	32    	64    	126   	240   	440   	778   	1286  	2000  	3074  	4275  	5500  	6736  	7635  	8373  	8516  	8375  	7987  	7357  	6372  	5430  	4392  	3458  	2627  	1887  	1280  	764   	466   	264   	136   	71    	21    	5     	2     	nan   	nan   	nan   	nan   

