Criação das árvores ordenadas:
n_persons	index	time        
100000   	0    	5.086900e-02
100000   	1    	6.176100e-02
100000   	2    	5.401180e-02
100000   	3    	5.062550e-02

Procura de nós nas árvores:
n_persons	index	time        
100000   	0    	5.175310e-02
100000   	1    	6.794760e-02
100000   	2    	5.787680e-02
100000   	3    	5.385150e-02

Maior profundidade das árvores:
n_persons	index	time        	depth
100000   	0    	4.619900e-03	40   
100000   	1    	4.615300e-03	37   
100000   	2    	5.374100e-03	41   
100000   	3    	5.241900e-03	39   

Número de nós em cada nível:
n_persons	index	time        	lvl0  	lvl1  	lvl2  	lvl3  	lvl4  	lvl5  	lvl6  	lvl7  	lvl8  	lvl9  	lvl10 	lvl11 	lvl12 	lvl13 	lvl14 	lvl15 	lvl16 	lvl17 	lvl18 	lvl19 	lvl20 	lvl21 	lvl22 	lvl23 	lvl24 	lvl25 	lvl26 	lvl27 	lvl28 	lvl29 	lvl30 	lvl31 	lvl32 	lvl33 	lvl34 	lvl35 	lvl36 	lvl37 	lvl38 	lvl39 	lvl40 	lvl41 
100000   	0    	4.108800e-03	1     	2     	4     	8     	16    	32    	63    	123   	234   	432   	749   	1259  	1970  	2920  	4106  	5500  	6771  	7887  	8740  	9006  	8853  	8330  	7333  	6273  	5220  	4190  	3252  	2317  	1589  	1051  	716   	435   	268   	150   	98    	47    	29    	17    	5     	3     	1     	nan   
100000   	1    	4.204200e-03	1     	2     	4     	8     	16    	32    	63    	121   	228   	406   	721   	1202  	1943  	2927  	4061  	5386  	6613  	7730  	8509  	8917  	8900  	8461  	7654  	6609  	5508  	4377  	3334  	2396  	1657  	1033  	602   	311   	156   	67    	28    	10    	5     	2     	nan   	nan   	nan   	nan   
100000   	2    	4.826700e-03	1     	2     	4     	8     	16    	32    	64    	123   	234   	423   	746   	1230  	1895  	2797  	3868  	5008  	6235  	7406  	8283  	8798  	8969  	8593  	7957  	6861  	5690  	4479  	3333  	2413  	1660  	1040  	688   	450   	301   	172   	108   	55    	31    	19    	4     	2     	1     	1     
100000   	3    	4.802900e-03	1     	2     	4     	8     	16    	32    	64    	125   	230   	414   	740   	1249  	1986  	2900  	3934  	5117  	6387  	7488  	8253  	8790  	8762  	8422  	7638  	6644  	5486  	4461  	3515  	2605  	1801  	1202  	778   	451   	245   	129   	58    	28    	16    	9     	8     	2     	nan   	nan   

