Criação das árvores ordenadas:
n_persons	index	time        
100000   	0    	7.147010e-02
100000   	1    	6.763010e-02
100000   	2    	5.679560e-02
100000   	3    	4.693730e-02

Procura de nós nas árvores:
n_persons	index	time        
100000   	0    	5.543000e-02
100000   	1    	7.454600e-02
100000   	2    	5.973380e-02
100000   	3    	5.309080e-02

Maior profundidade das árvores:
n_persons	index	time        	depth
100000   	0    	4.226700e-03	36   
100000   	1    	4.136900e-03	41   
100000   	2    	5.130600e-03	39   
100000   	3    	4.857200e-03	43   

Número de nós em cada nível:
n_persons	index	time        	lvl0  	lvl1  	lvl2  	lvl3  	lvl4  	lvl5  	lvl6  	lvl7  	lvl8  	lvl9  	lvl10 	lvl11 	lvl12 	lvl13 	lvl14 	lvl15 	lvl16 	lvl17 	lvl18 	lvl19 	lvl20 	lvl21 	lvl22 	lvl23 	lvl24 	lvl25 	lvl26 	lvl27 	lvl28 	lvl29 	lvl30 	lvl31 	lvl32 	lvl33 	lvl34 	lvl35 	lvl36 	lvl37 	lvl38 	lvl39 	lvl40 	lvl41 	lvl42 	lvl43 
100000   	0    	3.874100e-03	1     	2     	4     	8     	16    	32    	64    	121   	231   	429   	772   	1291  	1998  	2989  	4180  	5500  	6847  	8033  	8975  	9356  	9209  	8589  	7645  	6499  	5180  	3899  	2833  	1999  	1342  	842   	500   	302   	167   	85    	44    	11    	5     	nan   	nan   	nan   	nan   	nan   	nan   	nan   
100000   	1    	3.887400e-03	1     	2     	4     	8     	16    	32    	61    	114   	204   	347   	562   	873   	1325  	1931  	2738  	3679  	4670  	5677  	6611  	7330  	7852  	8080  	7887  	7591  	6944  	6067  	5102  	4080  	3176  	2413  	1667  	1113  	734   	461   	275   	154   	105   	67    	32    	11    	3     	1     	nan   	nan   
100000   	2    	4.447100e-03	1     	2     	4     	8     	16    	32    	63    	120   	219   	369   	582   	910   	1341  	1930  	2758  	3742  	4832  	5891  	6818  	7598  	8129  	8249  	7987  	7530  	6685  	5813  	4897  	4032  	3089  	2255  	1528  	999   	682   	416   	249   	135   	50    	25    	10    	4     	nan   	nan   	nan   	nan   
100000   	3    	4.568500e-03	1     	2     	4     	8     	16    	32    	63    	123   	232   	406   	689   	1129  	1724  	2537  	3532  	4620  	5761  	6734  	7630  	8276  	8607  	8482  	7899  	6979  	5914  	4905  	3831  	2961  	2174  	1585  	1068  	718   	466   	307   	235   	156   	93    	47    	21    	15    	9     	5     	2     	2     

