Criação das árvores ordenadas:
n_persons	index	time        
100000   	0    	5.122710e-02
100000   	1    	6.377060e-02
100000   	2    	5.299290e-02
100000   	3    	4.720800e-02

Procura de nós nas árvores:
n_persons	index	time        
100000   	0    	5.128430e-02
100000   	1    	5.986740e-02
100000   	2    	1.016277e-01
100000   	3    	7.375850e-02

Maior profundidade das árvores:
n_persons	index	time        	depth
100000   	0    	6.033500e-03	38   
100000   	1    	5.351300e-03	37   
100000   	2    	5.088400e-03	37   
100000   	3    	5.394800e-03	39   

Número de nós em cada nível:
n_persons	index	time        	lvl0  	lvl1  	lvl2  	lvl3  	lvl4  	lvl5  	lvl6  	lvl7  	lvl8  	lvl9  	lvl10 	lvl11 	lvl12 	lvl13 	lvl14 	lvl15 	lvl16 	lvl17 	lvl18 	lvl19 	lvl20 	lvl21 	lvl22 	lvl23 	lvl24 	lvl25 	lvl26 	lvl27 	lvl28 	lvl29 	lvl30 	lvl31 	lvl32 	lvl33 	lvl34 	lvl35 	lvl36 	lvl37 	lvl38 	lvl39 
100000   	0    	4.230500e-03	1     	2     	4     	8     	16    	32    	64    	123   	231   	402   	707   	1173  	1856  	2730  	3816  	4984  	6133  	7207  	8073  	8669  	8832  	8777  	7987  	7096  	5868  	4729  	3578  	2489  	1676  	1091  	709   	421   	245   	132   	77    	31    	17    	9     	5     	nan   
100000   	1    	3.960700e-03	1     	2     	4     	8     	16    	32    	64    	127   	242   	438   	786   	1313  	2064  	3059  	4222  	5623  	6846  	7923  	8708  	9129  	9006  	8354  	7246  	6208  	5060  	3970  	3081  	2271  	1650  	1088  	682   	379   	207   	112   	47    	20    	10    	2     	nan   	nan   
100000   	2    	4.544900e-03	1     	2     	4     	8     	16    	32    	63    	123   	236   	440   	785   	1302  	2114  	3257  	4641  	6210  	7750  	9079  	9931  	10202 	9667  	8675  	7236  	5654  	4185  	2984  	2114  	1368  	849   	536   	281   	137   	63    	31    	17    	3     	2     	2     	nan   	nan   
100000   	3    	4.925000e-03	1     	2     	4     	8     	16    	32    	64    	119   	222   	390   	681   	1151  	1750  	2519  	3498  	4621  	5706  	6691  	7473  	8036  	8293  	8152  	7709  	7019  	6240  	5265  	4225  	3172  	2332  	1604  	1097  	757   	520   	302   	167   	83    	45    	21    	9     	4     

