Criação das árvores ordenadas:
n_persons	index	time        
100000   	0    	5.321610e-02
100000   	1    	6.257140e-02
100000   	2    	5.511730e-02
100000   	3    	4.745030e-02

Procura de nós nas árvores:
n_persons	index	time        
100000   	0    	5.500980e-02
100000   	1    	6.215400e-02
100000   	2    	5.728660e-02
100000   	3    	5.051390e-02

Maior profundidade das árvores:
n_persons	index	time        	depth
100000   	0    	4.507200e-03	39   
100000   	1    	4.337900e-03	37   
100000   	2    	5.191600e-03	38   
100000   	3    	4.840700e-03	43   

Número de nós em cada nível:
n_persons	index	time        	lvl0  	lvl1  	lvl2  	lvl3  	lvl4  	lvl5  	lvl6  	lvl7  	lvl8  	lvl9  	lvl10 	lvl11 	lvl12 	lvl13 	lvl14 	lvl15 	lvl16 	lvl17 	lvl18 	lvl19 	lvl20 	lvl21 	lvl22 	lvl23 	lvl24 	lvl25 	lvl26 	lvl27 	lvl28 	lvl29 	lvl30 	lvl31 	lvl32 	lvl33 	lvl34 	lvl35 	lvl36 	lvl37 	lvl38 	lvl39 	lvl40 	lvl41 	lvl42 	lvl43 
100000   	0    	3.872700e-03	1     	2     	4     	8     	16    	31    	62    	121   	229   	407   	704   	1111  	1739  	2576  	3599  	4785  	6121  	7213  	8170  	8824  	8951  	8711  	8197  	7158  	6046  	4808  	3525  	2551  	1692  	1120  	666   	385   	236   	122   	55    	25    	13    	11    	4     	1     	nan   	nan   	nan   	nan   
100000   	1    	3.792900e-03	1     	2     	4     	8     	16    	32    	62    	120   	228   	406   	694   	1135  	1745  	2531  	3592  	4775  	6062  	7392  	8430  	9019  	9166  	8843  	8165  	7235  	5923  	4659  	3483  	2441  	1610  	992   	579   	336   	172   	87    	35    	11    	6     	3     	nan   	nan   	nan   	nan   	nan   	nan   
100000   	2    	4.526900e-03	1     	2     	4     	8     	16    	32    	64    	121   	215   	381   	636   	1037  	1621  	2396  	3329  	4496  	5677  	6691  	7749  	8517  	8822  	8754  	8204  	7379  	6317  	5112  	3964  	3016  	2088  	1433  	903   	536   	265   	122   	49    	26    	12    	4     	1     	nan   	nan   	nan   	nan   	nan   
100000   	3    	4.550100e-03	1     	2     	4     	8     	16    	32    	63    	125   	227   	410   	720   	1177  	1818  	2685  	3724  	4928  	6188  	7472  	8394  	8807  	8873  	8446  	7789  	6830  	5656  	4491  	3419  	2477  	1750  	1233  	803   	508   	374   	222   	149   	93    	43    	23    	7     	4     	4     	3     	1     	1     

