Criação das árvores ordenadas:
n_persons	index	time        
100000   	0    	5.104890e-02
100000   	1    	6.188390e-02
100000   	2    	1.095522e-01
100000   	3    	7.009040e-02

Procura de nós nas árvores:
n_persons	index	time        
100000   	0    	5.761370e-02
100000   	1    	6.778450e-02
100000   	2    	5.840910e-02
100000   	3    	5.172190e-02

Maior profundidade das árvores:
n_persons	index	time        	depth
100000   	0    	4.807100e-03	40   
100000   	1    	4.401400e-03	41   
100000   	2    	5.055700e-03	39   
100000   	3    	4.933300e-03	41   

Número de nós em cada nível:
n_persons	index	time        	lvl0  	lvl1  	lvl2  	lvl3  	lvl4  	lvl5  	lvl6  	lvl7  	lvl8  	lvl9  	lvl10 	lvl11 	lvl12 	lvl13 	lvl14 	lvl15 	lvl16 	lvl17 	lvl18 	lvl19 	lvl20 	lvl21 	lvl22 	lvl23 	lvl24 	lvl25 	lvl26 	lvl27 	lvl28 	lvl29 	lvl30 	lvl31 	lvl32 	lvl33 	lvl34 	lvl35 	lvl36 	lvl37 	lvl38 	lvl39 	lvl40 	lvl41 
100000   	0    	4.202100e-03	1     	2     	4     	8     	16    	32    	63    	123   	238   	446   	788   	1302  	2027  	2978  	4129  	5473  	6840  	8147  	9004  	9394  	9277  	8524  	7594  	6405  	5064  	3901  	2830  	1915  	1300  	848   	554   	343   	200   	115   	64    	23    	14    	8     	3     	2     	1     	nan   
100000   	1    	4.255000e-03	1     	2     	4     	8     	16    	32    	63    	123   	213   	379   	632   	1031  	1588  	2406  	3410  	4673  	6048  	7436  	8445  	9077  	9266  	8907  	7970  	6778  	5486  	4350  	3370  	2601  	1925  	1363  	882   	601   	377   	230   	132   	79    	49    	22    	12    	10    	2     	1     
100000   	2    	4.362500e-03	1     	2     	4     	8     	16    	31    	60    	119   	228   	408   	733   	1202  	1889  	2722  	3765  	4939  	6142  	7302  	8105  	8603  	8765  	8491  	7865  	7038  	5898  	4741  	3521  	2563  	1812  	1184  	757   	485   	285   	170   	92    	35    	8     	9     	1     	1     	nan   	nan   
100000   	3    	4.356100e-03	1     	2     	4     	8     	16    	32    	63    	122   	235   	431   	762   	1263  	1924  	2804  	3965  	5214  	6499  	7435  	8208  	8708  	8586  	8229  	7532  	6691  	5618  	4482  	3463  	2578  	1805  	1249  	833   	510   	303   	191   	112   	60    	31    	16    	6     	5     	3     	1     

