Criação das árvores ordenadas:
n_persons	index	time        
100000   	0    	5.772060e-02
100000   	1    	6.501290e-02
100000   	2    	5.758070e-02
100000   	3    	4.721990e-02

Procura de nós nas árvores:
n_persons	index	time        
100000   	0    	5.665560e-02
100000   	1    	6.803070e-02
100000   	2    	5.891060e-02
100000   	3    	5.705330e-02

Maior profundidade das árvores:
n_persons	index	time        	depth
100000   	0    	7.091100e-03	40   
100000   	1    	8.718300e-03	43   
100000   	2    	6.335800e-03	38   
100000   	3    	1.168780e-02	40   

Número de nós em cada nível:
n_persons	index	time        	lvl0  	lvl1  	lvl2  	lvl3  	lvl4  	lvl5  	lvl6  	lvl7  	lvl8  	lvl9  	lvl10 	lvl11 	lvl12 	lvl13 	lvl14 	lvl15 	lvl16 	lvl17 	lvl18 	lvl19 	lvl20 	lvl21 	lvl22 	lvl23 	lvl24 	lvl25 	lvl26 	lvl27 	lvl28 	lvl29 	lvl30 	lvl31 	lvl32 	lvl33 	lvl34 	lvl35 	lvl36 	lvl37 	lvl38 	lvl39 	lvl40 	lvl41 	lvl42 	lvl43 
100000   	0    	5.669700e-03	1     	2     	4     	8     	16    	32    	63    	118   	215   	380   	623   	1028  	1573  	2339  	3177  	4144  	5063  	5978  	6714  	7210  	7458  	7689  	7440  	7070  	6509  	5869  	4964  	4164  	3224  	2372  	1716  	1182  	728   	449   	243   	117   	55    	31    	18    	11    	3     	nan   	nan   	nan   
100000   	1    	1.641760e-02	1     	2     	4     	8     	16    	32    	64    	124   	237   	423   	727   	1216  	1922  	2849  	3882  	5040  	6262  	7343  	8273  	8836  	8864  	8419  	7677  	6749  	5559  	4461  	3425  	2455  	1761  	1191  	811   	540   	344   	196   	111   	70    	44    	25    	13    	8     	9     	3     	3     	1     
100000   	2    	1.183680e-02	1     	2     	4     	8     	16    	32    	64    	125   	242   	451   	811   	1363  	2176  	3214  	4553  	6184  	7801  	9074  	9908  	9924  	9346  	8418  	7143  	5765  	4364  	3154  	2165  	1503  	932   	574   	314   	168   	101   	63    	20    	9     	4     	3     	1     	nan   	nan   	nan   	nan   	nan   
100000   	3    	1.050220e-02	1     	2     	4     	8     	16    	32    	64    	126   	244   	444   	786   	1294  	1961  	2922  	4126  	5470  	6884  	8016  	8701  	9084  	9040  	8378  	7539  	6425  	5211  	4132  	3046  	2190  	1459  	948   	613   	364   	217   	126   	68    	39    	12    	4     	2     	1     	1     	nan   	nan   	nan   

