Criação das árvores ordenadas:
n_persons	index	time        
100000   	0    	5.635460e-02
100000   	1    	6.309920e-02
100000   	2    	1.122271e-01
100000   	3    	6.663850e-02

Procura de nós nas árvores:
n_persons	index	time        
100000   	0    	5.897480e-02
100000   	1    	7.005110e-02
100000   	2    	6.715950e-02
100000   	3    	5.499720e-02

Maior profundidade das árvores:
n_persons	index	time        	depth
100000   	0    	4.320200e-03	39   
100000   	1    	4.524700e-03	37   
100000   	2    	4.915300e-03	42   
100000   	3    	4.887400e-03	38   

Número de nós em cada nível:
n_persons	index	time        	lvl0  	lvl1  	lvl2  	lvl3  	lvl4  	lvl5  	lvl6  	lvl7  	lvl8  	lvl9  	lvl10 	lvl11 	lvl12 	lvl13 	lvl14 	lvl15 	lvl16 	lvl17 	lvl18 	lvl19 	lvl20 	lvl21 	lvl22 	lvl23 	lvl24 	lvl25 	lvl26 	lvl27 	lvl28 	lvl29 	lvl30 	lvl31 	lvl32 	lvl33 	lvl34 	lvl35 	lvl36 	lvl37 	lvl38 	lvl39 	lvl40 	lvl41 	lvl42 
100000   	0    	4.093600e-03	1     	2     	4     	8     	16    	32    	59    	111   	190   	322   	521   	810   	1236  	1784  	2492  	3341  	4367  	5444  	6440  	7460  	8240  	8696  	8648  	8081  	7299  	6311  	5141  	4059  	3023  	2166  	1463  	924   	590   	366   	196   	94    	42    	16    	4     	1     	nan   	nan   	nan   
100000   	1    	4.022500e-03	1     	2     	4     	8     	16    	32    	64    	126   	246   	453   	816   	1330  	2054  	2969  	4124  	5389  	6746  	7849  	8770  	9211  	9091  	8650  	7783  	6627  	5360  	4159  	2916  	1976  	1293  	843   	517   	302   	158   	62    	29    	15    	6     	3     	nan   	nan   	nan   	nan   	nan   
100000   	2    	4.318500e-03	1     	2     	4     	8     	16    	32    	56    	101   	171   	275   	438   	691   	1042  	1458  	2026  	2708  	3587  	4548  	5574  	6502  	7311  	7741  	8093  	8012  	7709  	7002  	6044  	5069  	4120  	3206  	2284  	1591  	1041  	638   	403   	220   	139   	72    	33    	21    	6     	3     	2     
100000   	3    	4.464400e-03	1     	2     	4     	8     	16    	32    	64    	126   	243   	453   	814   	1382  	2122  	3134  	4303  	5564  	6710  	7819  	8521  	9006  	9007  	8330  	7324  	6335  	5230  	4165  	3024  	2203  	1572  	1012  	612   	379   	220   	125   	61    	40    	23    	10    	4     	nan   	nan   	nan   	nan   

