Criação das árvores ordenadas:
n_persons	index	time        
100000   	0    	5.254880e-02
100000   	1    	6.231490e-02
100000   	2    	5.622900e-02
100000   	3    	4.742050e-02

Procura de nós nas árvores:
n_persons	index	time        
100000   	0    	7.400250e-02
100000   	1    	1.075916e-01
100000   	2    	6.451640e-02
100000   	3    	5.047090e-02

Maior profundidade das árvores:
n_persons	index	time        	depth
100000   	0    	5.072000e-03	44   
100000   	1    	4.580800e-03	38   
100000   	2    	4.825300e-03	38   
100000   	3    	4.806900e-03	42   

Número de nós em cada nível:
n_persons	index	time        	lvl0  	lvl1  	lvl2  	lvl3  	lvl4  	lvl5  	lvl6  	lvl7  	lvl8  	lvl9  	lvl10 	lvl11 	lvl12 	lvl13 	lvl14 	lvl15 	lvl16 	lvl17 	lvl18 	lvl19 	lvl20 	lvl21 	lvl22 	lvl23 	lvl24 	lvl25 	lvl26 	lvl27 	lvl28 	lvl29 	lvl30 	lvl31 	lvl32 	lvl33 	lvl34 	lvl35 	lvl36 	lvl37 	lvl38 	lvl39 	lvl40 	lvl41 	lvl42 	lvl43 	lvl44 
100000   	0    	3.815600e-03	1     	2     	4     	8     	16    	32    	59    	111   	202   	369   	618   	1004  	1571  	2271  	3067  	3968  	4947  	5853  	6731  	7256  	7594  	7517  	7117  	6667  	6106  	5274  	4544  	3803  	3073  	2450  	1972  	1582  	1199  	918   	669   	491   	345   	240   	153   	95    	57    	28    	11    	3     	2     
100000   	1    	4.164800e-03	1     	2     	4     	8     	16    	30    	54    	98    	171   	291   	510   	840   	1344  	2051  	2934  	4027  	5229  	6454  	7660  	8560  	9081  	9154  	8637  	7969  	6797  	5551  	4298  	3119  	2132  	1317  	807   	438   	224   	117   	52    	19    	1     	2     	1     	nan   	nan   	nan   	nan   	nan   	nan   
100000   	2    	4.248400e-03	1     	2     	4     	8     	16    	32    	63    	121   	227   	405   	713   	1182  	1934  	2907  	4074  	5292  	6573  	7669  	8455  	8808  	8921  	8527  	7686  	6595  	5539  	4407  	3307  	2345  	1603  	1067  	675   	390   	209   	119   	65    	33    	14    	7     	5     	nan   	nan   	nan   	nan   	nan   	nan   
100000   	3    	4.369200e-03	1     	2     	4     	8     	16    	32    	62    	117   	212   	377   	642   	1053  	1636  	2438  	3351  	4357  	5445  	6374  	7313  	7968  	8400  	8358  	7997  	7399  	6484  	5432  	4351  	3352  	2446  	1660  	1048  	643   	433   	260   	151   	78    	48    	29    	11    	5     	4     	2     	1     	nan   	nan   

