Criação das árvores ordenadas:
n_persons	index	time        
100000   	0    	7.067620e-02
100000   	1    	6.801380e-02
100000   	2    	6.046040e-02
100000   	3    	4.801500e-02

Procura de nós nas árvores:
n_persons	index	time        
100000   	0    	5.655710e-02
100000   	1    	6.465990e-02
100000   	2    	5.776280e-02
100000   	3    	5.380000e-02

Maior profundidade das árvores:
n_persons	index	time        	depth
100000   	0    	4.368100e-03	40   
100000   	1    	4.985500e-03	41   
100000   	2    	5.014900e-03	42   
100000   	3    	5.081900e-03	39   

Número de nós em cada nível:
n_persons	index	time        	lvl0  	lvl1  	lvl2  	lvl3  	lvl4  	lvl5  	lvl6  	lvl7  	lvl8  	lvl9  	lvl10 	lvl11 	lvl12 	lvl13 	lvl14 	lvl15 	lvl16 	lvl17 	lvl18 	lvl19 	lvl20 	lvl21 	lvl22 	lvl23 	lvl24 	lvl25 	lvl26 	lvl27 	lvl28 	lvl29 	lvl30 	lvl31 	lvl32 	lvl33 	lvl34 	lvl35 	lvl36 	lvl37 	lvl38 	lvl39 	lvl40 	lvl41 	lvl42 
100000   	0    	4.472000e-03	1     	2     	4     	8     	16    	32    	64    	126   	241   	440   	784   	1313  	2014  	2946  	4044  	5178  	6397  	7508  	8262  	8794  	8815  	8378  	7766  	6763  	5508  	4333  	3300  	2350  	1686  	1134  	742   	445   	294   	174   	81    	29    	13    	6     	4     	3     	2     	nan   	nan   
100000   	1    	4.574300e-03	1     	2     	4     	8     	16    	32    	59    	115   	218   	385   	644   	1042  	1613  	2382  	3237  	4143  	5054  	6002  	6831  	7473  	7730  	7812  	7597  	6990  	6260  	5483  	4680  	3883  	3082  	2371  	1704  	1200  	779   	482   	298   	186   	105   	55    	25    	13    	3     	1     	nan   
100000   	2    	5.376200e-03	1     	2     	4     	8     	16    	32    	64    	128   	244   	448   	786   	1292  	2015  	2999  	4127  	5390  	6625  	7741  	8415  	8707  	8507  	7965  	7113  	6252  	5121  	4139  	3172  	2498  	1844  	1365  	1005  	704   	477   	321   	198   	120   	75    	41    	21    	6     	5     	3     	4     
100000   	3    	5.841700e-03	1     	2     	4     	8     	16    	32    	64    	122   	228   	385   	642   	985   	1457  	2092  	2840  	3736  	4697  	5604  	6537  	7275  	7663  	7791  	7799  	7510  	6936  	6065  	5083  	4109  	3255  	2388  	1705  	1151  	788   	472   	266   	142   	87    	38    	17    	8     	nan   	nan   	nan   

