Criação das árvores ordenadas:
n_persons	index	time        
100000   	0    	5.089960e-02
100000   	1    	6.317930e-02
100000   	2    	5.688530e-02
100000   	3    	4.969380e-02

Procura de nós nas árvores:
n_persons	index	time        
100000   	0    	5.757530e-02
100000   	1    	6.461890e-02
100000   	2    	5.940240e-02
100000   	3    	5.163240e-02

Maior profundidade das árvores:
n_persons	index	time        	depth
100000   	0    	4.315100e-03	38   
100000   	1    	4.486800e-03	40   
100000   	2    	4.904700e-03	40   
100000   	3    	4.890400e-03	38   

Número de nós em cada nível:
n_persons	index	time        	lvl0  	lvl1  	lvl2  	lvl3  	lvl4  	lvl5  	lvl6  	lvl7  	lvl8  	lvl9  	lvl10 	lvl11 	lvl12 	lvl13 	lvl14 	lvl15 	lvl16 	lvl17 	lvl18 	lvl19 	lvl20 	lvl21 	lvl22 	lvl23 	lvl24 	lvl25 	lvl26 	lvl27 	lvl28 	lvl29 	lvl30 	lvl31 	lvl32 	lvl33 	lvl34 	lvl35 	lvl36 	lvl37 	lvl38 	lvl39 	lvl40 
100000   	0    	4.096200e-03	1     	2     	4     	8     	16    	30    	59    	110   	198   	337   	590   	955   	1516  	2311  	3358  	4606  	5867  	7134  	8146  	8846  	9082  	8717  	8059  	7083  	5911  	4754  	3682  	2738  	1992  	1403  	980   	639   	406   	213   	116   	72    	36    	19    	4     	nan   	nan   
100000   	1    	4.444100e-03	1     	2     	4     	8     	16    	32    	64    	126   	243   	440   	773   	1273  	1958  	2863  	3898  	5019  	6107  	7008  	7601  	8056  	8114  	7898  	7220  	6450  	5681  	4850  	4003  	3123  	2361  	1597  	1105  	789   	528   	323   	207   	127   	68    	46    	14    	3     	1     
100000   	2    	4.759000e-03	1     	2     	4     	8     	16    	32    	63    	119   	224   	385   	627   	1015  	1552  	2307  	3230  	4309  	5447  	6599  	7587  	8327  	8745  	8708  	8282  	7472  	6399  	5287  	4070  	3054  	2226  	1501  	991   	603   	376   	209   	109   	55    	28    	15    	8     	6     	2     
100000   	3    	4.478300e-03	1     	2     	4     	8     	16    	31    	59    	111   	207   	373   	649   	1059  	1632  	2349  	3371  	4530  	5823  	7030  	8086  	8880  	9172  	8931  	8235  	7264  	6086  	4742  	3693  	2663  	1872  	1258  	777   	492   	277   	184   	74    	38    	16    	4     	1     	nan   	nan   

