Criação das árvores ordenadas:
n_persons	index	time        
100000   	0    	5.179280e-02
100000   	1    	6.616430e-02
100000   	2    	5.640430e-02
100000   	3    	4.739420e-02

Procura de nós nas árvores:
n_persons	index	time        
100000   	0    	5.348440e-02
100000   	1    	5.926770e-02
100000   	2    	5.729220e-02
100000   	3    	4.872130e-02

Maior profundidade das árvores:
n_persons	index	time        	depth
100000   	0    	4.452400e-03	38   
100000   	1    	4.381300e-03	40   
100000   	2    	4.972000e-03	39   
100000   	3    	5.223800e-03	42   

Número de nós em cada nível:
n_persons	index	time        	lvl0  	lvl1  	lvl2  	lvl3  	lvl4  	lvl5  	lvl6  	lvl7  	lvl8  	lvl9  	lvl10 	lvl11 	lvl12 	lvl13 	lvl14 	lvl15 	lvl16 	lvl17 	lvl18 	lvl19 	lvl20 	lvl21 	lvl22 	lvl23 	lvl24 	lvl25 	lvl26 	lvl27 	lvl28 	lvl29 	lvl30 	lvl31 	lvl32 	lvl33 	lvl34 	lvl35 	lvl36 	lvl37 	lvl38 	lvl39 	lvl40 	lvl41 	lvl42 
100000   	0    	4.550500e-03	1     	2     	4     	8     	16    	31    	61    	115   	206   	373   	643   	1065  	1676  	2531  	3551  	4734  	6055  	7299  	8185  	8795  	9015  	8759  	8129  	7146  	5957  	4689  	3586  	2539  	1740  	1186  	770   	481   	282   	177   	95    	52    	31    	11    	4     	nan   	nan   	nan   	nan   
100000   	1    	4.436300e-03	1     	2     	4     	8     	16    	32    	62    	115   	201   	337   	533   	849   	1274  	1871  	2729  	3851  	5127  	6471  	7718  	8566  	9003  	8987  	8479  	7743  	6678  	5608  	4416  	3306  	2312  	1563  	966   	588   	297   	136   	76    	37    	19    	9     	6     	2     	2     	nan   	nan   
100000   	2    	4.388700e-03	1     	2     	4     	8     	16    	32    	64    	113   	184   	291   	471   	717   	1036  	1478  	2072  	2902  	3889  	5027  	6159  	7212  	8081  	8616  	8618  	8334  	7752  	6890  	5678  	4416  	3291  	2370  	1663  	1119  	679   	405   	234   	113   	45    	12    	5     	1     	nan   	nan   	nan   
100000   	3    	4.449400e-03	1     	2     	4     	8     	16    	32    	64    	125   	235   	415   	721   	1113  	1662  	2329  	3101  	3977  	4861  	5800  	6747  	7486  	7942  	7995  	7768  	7224  	6553  	5648  	4630  	3728  	2870  	2156  	1608  	1082  	750   	518   	329   	210   	134   	80    	44    	21    	6     	3     	2     

