Criação das árvores ordenadas:
n_persons	index	time        
100000   	0    	8.981810e-02
100000   	1    	1.764284e-01
100000   	2    	9.097200e-02
100000   	3    	6.507160e-02

Procura de nós nas árvores:
n_persons	index	time        
100000   	0    	7.010490e-02
100000   	1    	7.012610e-02
100000   	2    	6.641070e-02
100000   	3    	8.577190e-02

Maior profundidade das árvores:
n_persons	index	time        	depth
100000   	0    	6.556500e-03	40   
100000   	1    	8.045400e-03	39   
100000   	2    	6.642900e-03	41   
100000   	3    	9.236300e-03	41   

Número de nós em cada nível:
n_persons	index	time        	lvl0  	lvl1  	lvl2  	lvl3  	lvl4  	lvl5  	lvl6  	lvl7  	lvl8  	lvl9  	lvl10 	lvl11 	lvl12 	lvl13 	lvl14 	lvl15 	lvl16 	lvl17 	lvl18 	lvl19 	lvl20 	lvl21 	lvl22 	lvl23 	lvl24 	lvl25 	lvl26 	lvl27 	lvl28 	lvl29 	lvl30 	lvl31 	lvl32 	lvl33 	lvl34 	lvl35 	lvl36 	lvl37 	lvl38 	lvl39 	lvl40 	lvl41 
100000   	0    	6.070200e-03	1     	2     	4     	8     	16    	32    	63    	123   	224   	383   	657   	1082  	1734  	2613  	3772  	5170  	6582  	7924  	8928  	9431  	9285  	8556  	7528  	6308  	5055  	3931  	3000  	2213  	1606  	1179  	860   	627   	445   	291   	172   	98    	47    	27    	13    	6     	4     	nan   
100000   	1    	5.598200e-03	1     	2     	4     	8     	16    	32    	64    	121   	231   	416   	738   	1234  	1926  	2868  	3945  	5115  	6275  	7314  	8142  	8579  	8592  	8181  	7335  	6364  	5450  	4465  	3591  	2759  	2097  	1503  	1031  	630   	421   	265   	159   	81    	27    	11    	6     	1     	nan   	nan   
100000   	2    	8.244800e-03	1     	2     	4     	8     	16    	32    	62    	120   	226   	417   	724   	1174  	1829  	2717  	3768  	4939  	6172  	7233  	7925  	8398  	8491  	8190  	7562  	6525  	5604  	4586  	3715  	2825  	2150  	1587  	1117  	727   	438   	280   	193   	121   	66    	28    	13    	8     	5     	2     
100000   	3    	6.734100e-03	1     	2     	4     	8     	16    	32    	62    	116   	213   	383   	655   	1077  	1628  	2380  	3333  	4419  	5629  	6741  	7695  	8248  	8430  	8128  	7579  	6878  	5994  	5093  	4133  	3290  	2418  	1784  	1277  	905   	606   	378   	220   	125   	64    	29    	15    	9     	2     	1     

