Criação das árvores ordenadas:
n_persons	index	time        
100000   	0    	5.168900e-02
100000   	1    	6.142490e-02
100000   	2    	5.507290e-02
100000   	3    	4.910050e-02

Procura de nós nas árvores:
n_persons	index	time        
100000   	0    	5.329190e-02
100000   	1    	6.488540e-02
100000   	2    	6.061300e-02
100000   	3    	5.505670e-02

Maior profundidade das árvores:
n_persons	index	time        	depth
100000   	0    	4.638100e-03	43   
100000   	1    	4.959400e-03	39   
100000   	2    	5.002900e-03	40   
100000   	3    	4.992000e-03	39   

Número de nós em cada nível:
n_persons	index	time        	lvl0  	lvl1  	lvl2  	lvl3  	lvl4  	lvl5  	lvl6  	lvl7  	lvl8  	lvl9  	lvl10 	lvl11 	lvl12 	lvl13 	lvl14 	lvl15 	lvl16 	lvl17 	lvl18 	lvl19 	lvl20 	lvl21 	lvl22 	lvl23 	lvl24 	lvl25 	lvl26 	lvl27 	lvl28 	lvl29 	lvl30 	lvl31 	lvl32 	lvl33 	lvl34 	lvl35 	lvl36 	lvl37 	lvl38 	lvl39 	lvl40 	lvl41 	lvl42 	lvl43 
100000   	0    	3.983100e-03	1     	2     	4     	8     	16    	32    	64    	127   	240   	425   	719   	1153  	1796  	2626  	3631  	4779  	5913  	6922  	7695  	8271  	8439  	8415  	7783  	7026  	6048  	4976  	4012  	2979  	2111  	1429  	891   	597   	361   	226   	138   	76    	41    	12    	7     	4     	2     	1     	1     	1     
100000   	1    	4.355400e-03	1     	2     	4     	8     	16    	32    	64    	125   	233   	439   	785   	1279  	2038  	3043  	4250  	5549  	6786  	7721  	8576  	8904  	8929  	8406  	7567  	6537  	5433  	4257  	3136  	2243  	1520  	944   	544   	309   	162   	79    	42    	19    	9     	6     	2     	1     	nan   	nan   	nan   	nan   
100000   	2    	4.569400e-03	1     	2     	4     	8     	16    	31    	61    	114   	212   	381   	669   	1118  	1754  	2615  	3704  	4966  	6233  	7306  	8189  	8739  	8823  	8497  	7828  	6881  	5857  	4762  	3640  	2672  	1804  	1230  	754   	484   	295   	174   	101   	41    	18    	9     	3     	2     	2     	nan   	nan   	nan   
100000   	3    	4.302400e-03	1     	2     	4     	8     	16    	32    	63    	121   	225   	401   	666   	1083  	1656  	2485  	3529  	4746  	6134  	7343  	8368  	9035  	9205  	8821  	8158  	7041  	5706  	4560  	3426  	2433  	1683  	1164  	770   	473   	275   	162   	100   	58    	28    	12    	5     	2     	nan   	nan   	nan   	nan   

