Criação das árvores ordenadas:
n_persons	index	time        
100000   	0    	5.397620e-02
100000   	1    	6.483470e-02
100000   	2    	5.677660e-02
100000   	3    	4.847510e-02

Procura de nós nas árvores:
n_persons	index	time        
100000   	0    	5.622040e-02
100000   	1    	6.319970e-02
100000   	2    	5.873050e-02
100000   	3    	5.101940e-02

Maior profundidade das árvores:
n_persons	index	time        	depth
100000   	0    	4.452900e-03	41   
100000   	1    	5.192600e-03	37   
100000   	2    	5.815900e-03	38   
100000   	3    	5.284400e-03	37   

Número de nós em cada nível:
n_persons	index	time        	lvl0  	lvl1  	lvl2  	lvl3  	lvl4  	lvl5  	lvl6  	lvl7  	lvl8  	lvl9  	lvl10 	lvl11 	lvl12 	lvl13 	lvl14 	lvl15 	lvl16 	lvl17 	lvl18 	lvl19 	lvl20 	lvl21 	lvl22 	lvl23 	lvl24 	lvl25 	lvl26 	lvl27 	lvl28 	lvl29 	lvl30 	lvl31 	lvl32 	lvl33 	lvl34 	lvl35 	lvl36 	lvl37 	lvl38 	lvl39 	lvl40 	lvl41 
100000   	0    	4.181600e-03	1     	2     	4     	8     	16    	31    	60    	112   	205   	353   	590   	913   	1336  	1842  	2440  	3155  	3879  	4655  	5545  	6344  	6945  	7421  	7668  	7629  	7189  	6591  	5829  	4913  	4022  	3172  	2379  	1627  	1124  	748   	498   	321   	202   	120   	58    	32    	14    	7     
100000   	1    	3.909200e-03	1     	2     	4     	8     	16    	32    	62    	119   	218   	369   	597   	958   	1539  	2284  	3275  	4448  	5670  	6818  	7909  	8611  	8859  	8661  	8034  	7211  	6172  	5103  	4009  	2996  	2201  	1538  	981   	600   	340   	183   	91    	47    	23    	11    	nan   	nan   	nan   	nan   
100000   	2    	4.696000e-03	1     	2     	4     	8     	16    	31    	59    	106   	180   	313   	529   	860   	1378  	2094  	3029  	4160  	5330  	6570  	7520  	8125  	8573  	8541  	8226  	7562  	6546  	5472  	4487  	3387  	2545  	1687  	1073  	671   	440   	245   	123   	59    	23    	17    	8     	nan   	nan   	nan   
100000   	3    	4.557200e-03	1     	2     	4     	8     	16    	31    	62    	120   	235   	437   	762   	1250  	1960  	2905  	4141  	5480  	6787  	7993  	8885  	9237  	9060  	8508  	7777  	6511  	5273  	4131  	2993  	2117  	1427  	871   	497   	245   	141   	76    	33    	17    	6     	1     	nan   	nan   	nan   	nan   

