Criação das árvores ordenadas:
n_persons	index	time        
100000   	0    	5.216840e-02
100000   	1    	6.424730e-02
100000   	2    	5.706410e-02
100000   	3    	5.298000e-02

Procura de nós nas árvores:
n_persons	index	time        
100000   	0    	5.447370e-02
100000   	1    	6.218510e-02
100000   	2    	5.933320e-02
100000   	3    	5.276120e-02

Maior profundidade das árvores:
n_persons	index	time        	depth
100000   	0    	4.541900e-03	39   
100000   	1    	4.660200e-03	38   
100000   	2    	5.206300e-03	38   
100000   	3    	5.481400e-03	38   

Número de nós em cada nível:
n_persons	index	time        	lvl0  	lvl1  	lvl2  	lvl3  	lvl4  	lvl5  	lvl6  	lvl7  	lvl8  	lvl9  	lvl10 	lvl11 	lvl12 	lvl13 	lvl14 	lvl15 	lvl16 	lvl17 	lvl18 	lvl19 	lvl20 	lvl21 	lvl22 	lvl23 	lvl24 	lvl25 	lvl26 	lvl27 	lvl28 	lvl29 	lvl30 	lvl31 	lvl32 	lvl33 	lvl34 	lvl35 	lvl36 	lvl37 	lvl38 	lvl39 
100000   	0    	4.114400e-03	1     	2     	4     	8     	16    	32    	64    	118   	212   	384   	686   	1182  	1866  	2806  	3937  	5180  	6499  	7665  	8410  	8801  	8806  	8377  	7652  	6711  	5630  	4417  	3343  	2402  	1705  	1180  	767   	490   	299   	164   	91    	47    	27    	14    	4     	1     
100000   	1    	3.786600e-03	1     	2     	4     	8     	16    	32    	63    	124   	235   	428   	726   	1200  	1857  	2669  	3605  	4701  	5721  	6683  	7494  	8111  	8327  	8071  	7648  	7028  	6128  	5112  	4123  	3181  	2320  	1659  	1101  	713   	434   	245   	126   	57    	33    	10    	4     	nan   
100000   	2    	4.401700e-03	1     	2     	4     	7     	14    	26    	48    	88    	158   	276   	467   	794   	1302  	2116  	3141  	4366  	5690  	6932  	7984  	8686  	8991  	8808  	8337  	7570  	6451  	5181  	4072  	2953  	2069  	1406  	884   	539   	297   	167   	89    	51    	25    	6     	2     	nan   
100000   	3    	4.465000e-03	1     	2     	4     	8     	16    	32    	58    	105   	180   	287   	447   	701   	1071  	1607  	2315  	3247  	4371  	5584  	6902  	7970  	8900  	9381  	9298  	8596  	7559  	6298  	4947  	3604  	2533  	1661  	1058  	621   	325   	164   	96    	32    	12    	5     	2     	nan   

