Criação das árvores ordenadas:
n_persons	index	time        
100000   	0    	5.264950e-02
100000   	1    	6.106750e-02
100000   	2    	5.483230e-02
100000   	3    	4.812580e-02

Procura de nós nas árvores:
n_persons	index	time        
100000   	0    	5.379820e-02
100000   	1    	6.962830e-02
100000   	2    	5.997960e-02
100000   	3    	5.674730e-02

Maior profundidade das árvores:
n_persons	index	time        	depth
100000   	0    	1.075550e-02	41   
100000   	1    	5.246300e-03	39   
100000   	2    	1.543760e-02	39   
100000   	3    	1.270480e-02	44   

Número de nós em cada nível:
n_persons	index	time        	lvl0  	lvl1  	lvl2  	lvl3  	lvl4  	lvl5  	lvl6  	lvl7  	lvl8  	lvl9  	lvl10 	lvl11 	lvl12 	lvl13 	lvl14 	lvl15 	lvl16 	lvl17 	lvl18 	lvl19 	lvl20 	lvl21 	lvl22 	lvl23 	lvl24 	lvl25 	lvl26 	lvl27 	lvl28 	lvl29 	lvl30 	lvl31 	lvl32 	lvl33 	lvl34 	lvl35 	lvl36 	lvl37 	lvl38 	lvl39 	lvl40 	lvl41 	lvl42 	lvl43 	lvl44 
100000   	0    	7.039700e-03	1     	2     	4     	8     	16    	32    	63    	120   	225   	404   	693   	1154  	1814  	2682  	3791  	5015  	6212  	7331  	8313  	8931  	9154  	8862  	8183  	7072  	5821  	4617  	3428  	2378  	1577  	961   	532   	291   	145   	84    	38    	17    	13    	6     	4     	3     	2     	1     	nan   	nan   	nan   
100000   	1    	5.769200e-03	1     	2     	4     	8     	16    	32    	64    	124   	227   	413   	709   	1172  	1847  	2758  	3864  	5117  	6478  	7762  	8591  	8918  	9039  	8546  	7830  	6712  	5534  	4415  	3278  	2313  	1619  	1052  	658   	431   	252   	118   	59    	19    	8     	5     	3     	2     	nan   	nan   	nan   	nan   	nan   
100000   	2    	1.169300e-02	1     	2     	4     	8     	16    	30    	53    	102   	188   	325   	551   	903   	1441  	2199  	3135  	4317  	5524  	6753  	7865  	8686  	9166  	8932  	8411  	7628  	6369  	5222  	3998  	2983  	2097  	1404  	831   	426   	239   	102   	46    	20    	8     	6     	4     	5     	nan   	nan   	nan   	nan   	nan   
100000   	3    	6.816800e-03	1     	2     	4     	8     	16    	30    	57    	104   	189   	333   	559   	907   	1365  	2000  	2673  	3401  	4072  	4711  	5078  	5363  	5535  	5675  	5738  	5728  	5759  	5747  	5622  	5457  	5123  	4533  	3789  	3012  	2319  	1766  	1276  	845   	518   	321   	181   	97    	43    	21    	13    	6     	3     

