Criação das árvores ordenadas:
n_persons	index	time        
100000   	0    	1.107041e-01
100000   	1    	9.062040e-02
100000   	2    	7.427650e-02
100000   	3    	6.954380e-02

Procura de nós nas árvores:
n_persons	index	time        
100000   	0    	7.243600e-02
100000   	1    	8.122680e-02
100000   	2    	8.205420e-02
100000   	3    	7.174190e-02

Maior profundidade das árvores:
n_persons	index	time        	depth
100000   	0    	5.460400e-03	37   
100000   	1    	5.465500e-03	39   
100000   	2    	5.970500e-03	38   
100000   	3    	5.751300e-03	38   

Número de nós em cada nível:
n_persons	index	time        	lvl0  	lvl1  	lvl2  	lvl3  	lvl4  	lvl5  	lvl6  	lvl7  	lvl8  	lvl9  	lvl10 	lvl11 	lvl12 	lvl13 	lvl14 	lvl15 	lvl16 	lvl17 	lvl18 	lvl19 	lvl20 	lvl21 	lvl22 	lvl23 	lvl24 	lvl25 	lvl26 	lvl27 	lvl28 	lvl29 	lvl30 	lvl31 	lvl32 	lvl33 	lvl34 	lvl35 	lvl36 	lvl37 	lvl38 	lvl39 
100000   	0    	4.704700e-03	1     	2     	4     	8     	16    	32    	63    	122   	229   	414   	692   	1118  	1769  	2538  	3476  	4564  	5656  	6788  	7749  	8298  	8474  	8375  	7751  	6949  	6007  	5090  	4141  	3222  	2351  	1669  	1052  	664   	368   	194   	94    	38    	17    	5     	nan   	nan   
100000   	1    	4.522100e-03	1     	2     	4     	8     	16    	32    	62    	119   	215   	377   	641   	1022  	1590  	2373  	3363  	4566  	5869  	7195  	8363  	9116  	9379  	8972  	8063  	6842  	5653  	4525  	3417  	2522  	1886  	1398  	966   	625   	399   	228   	116   	48    	17    	5     	3     	2     
100000   	2    	6.170500e-03	1     	2     	4     	8     	16    	32    	64    	128   	239   	425   	768   	1324  	2115  	3176  	4479  	5889  	7388  	8548  	9221  	9421  	8999  	8431  	7313  	6171  	4961  	3688  	2669  	1776  	1162  	717   	425   	238   	116   	53    	19    	8     	3     	2     	1     	nan   
100000   	3    	5.203200e-03	1     	2     	4     	8     	14    	28    	53    	102   	187   	339   	588   	970   	1522  	2274  	3260  	4410  	5698  	6858  	7785  	8384  	8607  	8464  	7997  	7222  	6329  	5298  	4224  	3218  	2351  	1612  	997   	566   	321   	165   	83    	35    	17    	6     	1     	nan   

