Criação das árvores ordenadas:
n_persons	index	time        
100000   	0    	5.860320e-02
100000   	1    	6.791450e-02
100000   	2    	5.458360e-02
100000   	3    	5.142170e-02

Procura de nós nas árvores:
n_persons	index	time        
100000   	0    	5.307220e-02
100000   	1    	6.831870e-02
100000   	2    	5.711500e-02
100000   	3    	5.321920e-02

Maior profundidade das árvores:
n_persons	index	time        	depth
100000   	0    	4.667100e-03	37   
100000   	1    	4.651300e-03	39   
100000   	2    	5.059000e-03	38   
100000   	3    	5.397200e-03	38   

Número de nós em cada nível:
n_persons	index	time        	lvl0  	lvl1  	lvl2  	lvl3  	lvl4  	lvl5  	lvl6  	lvl7  	lvl8  	lvl9  	lvl10 	lvl11 	lvl12 	lvl13 	lvl14 	lvl15 	lvl16 	lvl17 	lvl18 	lvl19 	lvl20 	lvl21 	lvl22 	lvl23 	lvl24 	lvl25 	lvl26 	lvl27 	lvl28 	lvl29 	lvl30 	lvl31 	lvl32 	lvl33 	lvl34 	lvl35 	lvl36 	lvl37 	lvl38 	lvl39 
100000   	0    	4.340700e-03	1     	2     	4     	8     	16    	30    	57    	106   	190   	334   	558   	874   	1360  	2030  	2953  	4030  	5218  	6337  	7344  	8109  	8499  	8503  	8182  	7562  	6694  	5751  	4726  	3559  	2590  	1771  	1162  	723   	388   	184   	87    	41    	14    	3     	nan   	nan   
100000   	1    	4.347900e-03	1     	2     	4     	8     	16    	32    	64    	128   	251   	457   	794   	1303  	1977  	2813  	3861  	5025  	6190  	7318  	8138  	8508  	8540  	8069  	7333  	6647  	5604  	4612  	3784  	2902  	2062  	1425  	926   	553   	315   	165   	85    	50    	21    	11    	5     	1     
100000   	2    	5.388000e-03	1     	2     	4     	8     	16    	31    	58    	110   	210   	391   	691   	1149  	1790  	2684  	3703  	4857  	6113  	7359  	8231  	8855  	8817  	8512  	7662  	6516  	5541  	4464  	3486  	2707  	2050  	1437  	1028  	670   	422   	228   	125   	50    	18    	3     	1     	nan   
100000   	3    	5.699800e-03	1     	2     	4     	8     	16    	32    	60    	118   	224   	398   	677   	1129  	1773  	2613  	3673  	4815  	5981  	7101  	7996  	8683  	8996  	8819  	8071  	7151  	5947  	4718  	3605  	2613  	1833  	1196  	786   	456   	272   	132   	58    	28    	12    	2     	1     	nan   

