Criação das árvores ordenadas:
n_persons	index	time        
100000   	0    	5.247870e-02
100000   	1    	6.345410e-02
100000   	2    	5.814290e-02
100000   	3    	4.891060e-02

Procura de nós nas árvores:
n_persons	index	time        
100000   	0    	5.455500e-02
100000   	1    	6.280880e-02
100000   	2    	5.719490e-02
100000   	3    	5.041950e-02

Maior profundidade das árvores:
n_persons	index	time        	depth
100000   	0    	4.422900e-03	42   
100000   	1    	4.410300e-03	38   
100000   	2    	4.751500e-03	40   
100000   	3    	4.827800e-03	41   

Número de nós em cada nível:
n_persons	index	time        	lvl0  	lvl1  	lvl2  	lvl3  	lvl4  	lvl5  	lvl6  	lvl7  	lvl8  	lvl9  	lvl10 	lvl11 	lvl12 	lvl13 	lvl14 	lvl15 	lvl16 	lvl17 	lvl18 	lvl19 	lvl20 	lvl21 	lvl22 	lvl23 	lvl24 	lvl25 	lvl26 	lvl27 	lvl28 	lvl29 	lvl30 	lvl31 	lvl32 	lvl33 	lvl34 	lvl35 	lvl36 	lvl37 	lvl38 	lvl39 	lvl40 	lvl41 	lvl42 
100000   	0    	4.265300e-03	1     	2     	4     	8     	16    	32    	64    	118   	219   	399   	705   	1180  	1870  	2774  	3933  	5274  	6620  	7861  	8820  	9300  	9132  	8602  	7747  	6557  	5339  	4191  	3024  	2099  	1469  	989   	608   	380   	232   	147   	97    	78    	50    	29    	15    	8     	4     	2     	1     
100000   	1    	4.898300e-03	1     	2     	4     	8     	16    	32    	64    	127   	239   	436   	754   	1256  	1935  	2852  	4026  	5390  	6751  	8132  	9160  	9781  	9734  	9065  	8022  	6588  	5150  	3752  	2567  	1654  	1084  	649   	355   	186   	111   	56    	32    	15    	6     	6     	2     	nan   	nan   	nan   	nan   
100000   	2    	4.386000e-03	1     	2     	4     	8     	16    	32    	64    	122   	228   	386   	650   	1043  	1610  	2393  	3396  	4482  	5514  	6514  	7314  	7746  	7997  	7828  	7491  	7082  	6344  	5413  	4477  	3495  	2669  	1980  	1392  	906   	602   	370   	222   	119   	53    	24    	7     	3     	1     	nan   	nan   
100000   	3    	4.492500e-03	1     	2     	4     	8     	16    	31    	54    	98    	177   	315   	527   	907   	1481  	2241  	3272  	4526  	5996  	7494  	8606  	9312  	9427  	9113  	8254  	7039  	5789  	4535  	3396  	2501  	1724  	1184  	773   	463   	300   	185   	128   	54    	30    	18    	8     	6     	2     	3     	nan   

