Criação das árvores ordenadas:
n_persons	index	time        
100000   	0    	5.171830e-02
100000   	1    	6.364320e-02
100000   	2    	5.599640e-02
100000   	3    	4.875290e-02

Procura de nós nas árvores:
n_persons	index	time        
100000   	0    	5.195100e-02
100000   	1    	6.085060e-02
100000   	2    	5.762610e-02
100000   	3    	4.846300e-02

Maior profundidade das árvores:
n_persons	index	time        	depth
100000   	0    	4.916800e-03	37   
100000   	1    	4.584900e-03	39   
100000   	2    	4.914700e-03	38   
100000   	3    	4.960300e-03	38   

Número de nós em cada nível:
n_persons	index	time        	lvl0  	lvl1  	lvl2  	lvl3  	lvl4  	lvl5  	lvl6  	lvl7  	lvl8  	lvl9  	lvl10 	lvl11 	lvl12 	lvl13 	lvl14 	lvl15 	lvl16 	lvl17 	lvl18 	lvl19 	lvl20 	lvl21 	lvl22 	lvl23 	lvl24 	lvl25 	lvl26 	lvl27 	lvl28 	lvl29 	lvl30 	lvl31 	lvl32 	lvl33 	lvl34 	lvl35 	lvl36 	lvl37 	lvl38 	lvl39 
100000   	0    	4.227600e-03	1     	2     	4     	8     	16    	32    	64    	126   	241   	448   	783   	1320  	2084  	3075  	4325  	5667  	7002  	8164  	8991  	9333  	9302  	8648  	7678  	6514  	5155  	3778  	2730  	1865  	1178  	729   	392   	205   	84    	40    	11    	3     	1     	1     	nan   	nan   
100000   	1    	3.994300e-03	1     	2     	4     	8     	16    	31    	62    	115   	215   	378   	661   	1078  	1695  	2477  	3486  	4584  	5821  	6973  	7828  	8514  	8727  	8592  	7988  	7124  	5922  	4732  	3739  	2834  	2009  	1441  	1013  	742   	475   	333   	182   	107   	51    	23    	13    	4     
100000   	2    	4.494400e-03	1     	2     	4     	8     	16    	31    	60    	114   	218   	396   	670   	1121  	1794  	2642  	3667  	4708  	5739  	6834  	7781  	8293  	8598  	8314  	7795  	6949  	6012  	5052  	3988  	3024  	2170  	1499  	989   	648   	372   	225   	129   	80    	33    	16    	8     	nan   
100000   	3    	4.561000e-03	1     	2     	4     	8     	16    	32    	63    	125   	235   	438   	774   	1296  	2010  	2927  	3936  	4957  	6147  	7301  	8298  	8846  	8973  	8647  	7953  	6818  	5581  	4397  	3253  	2415  	1693  	1162  	728   	445   	264   	133   	68    	31    	12    	7     	4     	nan   

