Criação das árvores ordenadas:
n_persons	index	time        
100000   	0    	5.099140e-02
100000   	1    	6.270210e-02
100000   	2    	5.378980e-02
100000   	3    	4.729710e-02

Procura de nós nas árvores:
n_persons	index	time        
100000   	0    	5.403590e-02
100000   	1    	6.333930e-02
100000   	2    	5.745590e-02
100000   	3    	5.008560e-02

Maior profundidade das árvores:
n_persons	index	time        	depth
100000   	0    	4.276600e-03	37   
100000   	1    	4.861000e-03	37   
100000   	2    	4.999100e-03	37   
100000   	3    	4.866900e-03	38   

Número de nós em cada nível:
n_persons	index	time        	lvl0  	lvl1  	lvl2  	lvl3  	lvl4  	lvl5  	lvl6  	lvl7  	lvl8  	lvl9  	lvl10 	lvl11 	lvl12 	lvl13 	lvl14 	lvl15 	lvl16 	lvl17 	lvl18 	lvl19 	lvl20 	lvl21 	lvl22 	lvl23 	lvl24 	lvl25 	lvl26 	lvl27 	lvl28 	lvl29 	lvl30 	lvl31 	lvl32 	lvl33 	lvl34 	lvl35 	lvl36 	lvl37 	lvl38 
100000   	0    	3.922400e-03	1     	2     	4     	8     	16    	31    	62    	114   	210   	389   	689   	1177  	1916  	2890  	4067  	5362  	6708  	8011  	8952  	9519  	9407  	8859  	7867  	6479  	5131  	3871  	2834  	1997  	1383  	883   	527   	302   	177   	85    	39    	18    	10    	3     	nan   
100000   	1    	3.919400e-03	1     	2     	4     	8     	16    	32    	64    	127   	246   	443   	791   	1338  	2138  	3196  	4425  	5702  	6932  	8014  	8667  	8866  	8639  	8029  	7140  	6156  	5132  	4194  	3217  	2372  	1645  	1060  	643   	387   	196   	95    	48    	21    	10    	4     	nan   
100000   	2    	4.635100e-03	1     	2     	4     	8     	16    	32    	64    	128   	240   	441   	754   	1250  	1957  	2867  	4039  	5292  	6644  	7846  	8633  	9145  	9038  	8707  	7751  	6653  	5455  	4198  	3103  	2148  	1402  	913   	530   	309   	197   	116   	68    	30    	13    	6     	nan   
100000   	3    	4.388400e-03	1     	2     	4     	8     	16    	32    	64    	126   	243   	453   	763   	1221  	1881  	2702  	3652  	4690  	5790  	6901  	7848  	8466  	8657  	8501  	7785  	6933  	5885  	4858  	3790  	2884  	2081  	1454  	950   	592   	349   	206   	109   	68    	25    	7     	3     

