Criação das árvores ordenadas:
n_persons	index	time        
100000   	0    	5.727130e-02
100000   	1    	6.838340e-02
100000   	2    	5.614510e-02
100000   	3    	5.071890e-02

Procura de nós nas árvores:
n_persons	index	time        
100000   	0    	6.164840e-02
100000   	1    	7.172990e-02
100000   	2    	7.019670e-02
100000   	3    	5.806850e-02

Maior profundidade das árvores:
n_persons	index	time        	depth
100000   	0    	4.517200e-03	41   
100000   	1    	4.858200e-03	37   
100000   	2    	5.247400e-03	37   
100000   	3    	4.936100e-03	39   

Número de nós em cada nível:
n_persons	index	time        	lvl0  	lvl1  	lvl2  	lvl3  	lvl4  	lvl5  	lvl6  	lvl7  	lvl8  	lvl9  	lvl10 	lvl11 	lvl12 	lvl13 	lvl14 	lvl15 	lvl16 	lvl17 	lvl18 	lvl19 	lvl20 	lvl21 	lvl22 	lvl23 	lvl24 	lvl25 	lvl26 	lvl27 	lvl28 	lvl29 	lvl30 	lvl31 	lvl32 	lvl33 	lvl34 	lvl35 	lvl36 	lvl37 	lvl38 	lvl39 	lvl40 	lvl41 
100000   	0    	4.206300e-03	1     	2     	4     	8     	16    	32    	64    	125   	246   	458   	814   	1366  	2161  	3160  	4420  	5833  	7113  	8265  	8998  	9211  	9040  	8371  	7341  	6151  	4923  	3769  	2743  	1902  	1263  	844   	533   	324   	195   	112   	74    	52    	28    	15    	12    	5     	4     	2     
100000   	1    	4.158100e-03	1     	2     	4     	8     	16    	32    	64    	126   	245   	446   	781   	1317  	2088  	3137  	4481  	5926  	7449  	8708  	9608  	9983  	9717  	8750  	7368  	5894  	4457  	3258  	2272  	1562  	1008  	609   	341   	178   	86    	41    	22    	11    	3     	1     	nan   	nan   	nan   	nan   
100000   	2    	4.535000e-03	1     	2     	4     	8     	16    	32    	64    	122   	229   	403   	693   	1088  	1647  	2410  	3329  	4304  	5311  	6334  	7242  	8059  	8506  	8665  	8277  	7611  	6637  	5465  	4338  	3252  	2308  	1544  	940   	564   	327   	162   	68    	31    	6     	1     	nan   	nan   	nan   	nan   
100000   	3    	4.540600e-03	1     	2     	4     	8     	16    	32    	64    	126   	242   	432   	741   	1221  	1927  	2923  	4163  	5525  	6799  	7942  	8756  	9076  	8890  	8248  	7271  	6235  	5074  	4099  	3160  	2411  	1727  	1137  	753   	462   	270   	134   	65    	34    	18    	8     	3     	1     	nan   	nan   

