Criação das árvores ordenadas:
n_persons	index	time        
100000   	0    	6.712500e-02
100000   	1    	7.085560e-02
100000   	2    	5.892760e-02
100000   	3    	5.445820e-02

Procura de nós nas árvores:
n_persons	index	time        
100000   	0    	5.762650e-02
100000   	1    	8.696300e-02
100000   	2    	7.702340e-02
100000   	3    	5.179680e-02

Maior profundidade das árvores:
n_persons	index	time        	depth
100000   	0    	4.334500e-03	40   
100000   	1    	4.412100e-03	40   
100000   	2    	4.996900e-03	38   
100000   	3    	5.613900e-03	43   

Número de nós em cada nível:
n_persons	index	time        	lvl0  	lvl1  	lvl2  	lvl3  	lvl4  	lvl5  	lvl6  	lvl7  	lvl8  	lvl9  	lvl10 	lvl11 	lvl12 	lvl13 	lvl14 	lvl15 	lvl16 	lvl17 	lvl18 	lvl19 	lvl20 	lvl21 	lvl22 	lvl23 	lvl24 	lvl25 	lvl26 	lvl27 	lvl28 	lvl29 	lvl30 	lvl31 	lvl32 	lvl33 	lvl34 	lvl35 	lvl36 	lvl37 	lvl38 	lvl39 	lvl40 	lvl41 	lvl42 	lvl43 
100000   	0    	4.006400e-03	1     	2     	4     	8     	16    	32    	63    	115   	201   	352   	594   	973   	1527  	2254  	3214  	4351  	5481  	6518  	7411  	7903  	8007  	7829  	7506  	6928  	6185  	5255  	4481  	3549  	2861  	2117  	1503  	1014  	694   	462   	273   	150   	86    	45    	24    	8     	3     	nan   	nan   	nan   
100000   	1    	4.067100e-03	1     	2     	4     	8     	16    	31    	61    	119   	219   	407   	707   	1206  	1879  	2806  	3985  	5339  	6691  	7946  	8885  	9223  	9234  	8687  	7781  	6731  	5455  	4196  	3044  	2080  	1320  	831   	498   	257   	140   	84    	54    	30    	18    	12    	8     	3     	2     	nan   	nan   	nan   
100000   	2    	4.868800e-03	1     	2     	4     	8     	16    	32    	64    	122   	228   	435   	763   	1273  	1976  	2955  	4138  	5458  	6819  	8005  	8924  	9565  	9511  	8920  	7864  	6658  	5234  	3784  	2718  	1784  	1113  	678   	430   	250   	141   	71    	32    	17    	5     	1     	1     	nan   	nan   	nan   	nan   	nan   
100000   	3    	5.531800e-03	1     	2     	4     	8     	16    	32    	64    	126   	229   	389   	637   	965   	1424  	1982  	2602  	3326  	4094  	4885  	5636  	6399  	7019  	7431  	7617  	7437  	6885  	6258  	5289  	4353  	3513  	2792  	2193  	1704  	1301  	992   	774   	562   	419   	295   	171   	95    	46    	25    	6     	2     

