Criação das árvores ordenadas:
n_persons	index	time        
100000   	0    	5.065720e-02
100000   	1    	6.252650e-02
100000   	2    	5.373650e-02
100000   	3    	4.735350e-02

Procura de nós nas árvores:
n_persons	index	time        
100000   	0    	5.189490e-02
100000   	1    	5.872670e-02
100000   	2    	5.664210e-02
100000   	3    	4.929250e-02

Maior profundidade das árvores:
n_persons	index	time        	depth
100000   	0    	4.494200e-03	37   
100000   	1    	4.374500e-03	41   
100000   	2    	4.805400e-03	39   
100000   	3    	5.014900e-03	40   

Número de nós em cada nível:
n_persons	index	time        	lvl0  	lvl1  	lvl2  	lvl3  	lvl4  	lvl5  	lvl6  	lvl7  	lvl8  	lvl9  	lvl10 	lvl11 	lvl12 	lvl13 	lvl14 	lvl15 	lvl16 	lvl17 	lvl18 	lvl19 	lvl20 	lvl21 	lvl22 	lvl23 	lvl24 	lvl25 	lvl26 	lvl27 	lvl28 	lvl29 	lvl30 	lvl31 	lvl32 	lvl33 	lvl34 	lvl35 	lvl36 	lvl37 	lvl38 	lvl39 	lvl40 	lvl41 
100000   	0    	3.950400e-03	1     	2     	4     	8     	16    	28    	51    	81    	144   	255   	435   	729   	1223  	1960  	3045  	4337  	5798  	7298  	8583  	9442  	9783  	9651  	8818  	7676  	6232  	4807  	3388  	2375  	1552  	989   	622   	356   	172   	74    	39    	17    	6     	3     	nan   	nan   	nan   	nan   
100000   	1    	3.996900e-03	1     	2     	4     	8     	16    	32    	63    	113   	210   	361   	578   	945   	1432  	2112  	2975  	4068  	5216  	6441  	7414  	8192  	8570  	8512  	8099  	7325  	6359  	5304  	4320  	3427  	2493  	1764  	1247  	849   	612   	403   	243   	138   	73    	42    	18    	9     	7     	3     
100000   	2    	4.523400e-03	1     	2     	4     	8     	15    	29    	55    	103   	179   	305   	518   	832   	1284  	1886  	2671  	3699  	4875  	6199  	7363  	8291  	8845  	8976  	8689  	8121  	7062  	5810  	4565  	3354  	2340  	1506  	982   	617   	347   	198   	128   	64    	41    	25    	7     	4     	nan   	nan   
100000   	3    	4.522300e-03	1     	2     	4     	8     	16    	32    	62    	122   	233   	433   	753   	1232  	1921  	2811  	3816  	4761  	5789  	6697  	7264  	7779  	8022  	7840  	7414  	6651  	5964  	5178  	4251  	3393  	2586  	1795  	1210  	798   	488   	304   	168   	100   	52    	22    	17    	9     	2     	nan   

