Criação das árvores ordenadas:
n_persons	index	time        
100000   	0    	5.257730e-02
100000   	1    	6.483870e-02
100000   	2    	6.324770e-02
100000   	3    	4.814430e-02

Procura de nós nas árvores:
n_persons	index	time        
100000   	0    	5.354280e-02
100000   	1    	6.729120e-02
100000   	2    	5.946160e-02
100000   	3    	5.106490e-02

Maior profundidade das árvores:
n_persons	index	time        	depth
100000   	0    	4.496700e-03	42   
100000   	1    	4.562600e-03	39   
100000   	2    	4.943000e-03	39   
100000   	3    	5.212400e-03	41   

Número de nós em cada nível:
n_persons	index	time        	lvl0  	lvl1  	lvl2  	lvl3  	lvl4  	lvl5  	lvl6  	lvl7  	lvl8  	lvl9  	lvl10 	lvl11 	lvl12 	lvl13 	lvl14 	lvl15 	lvl16 	lvl17 	lvl18 	lvl19 	lvl20 	lvl21 	lvl22 	lvl23 	lvl24 	lvl25 	lvl26 	lvl27 	lvl28 	lvl29 	lvl30 	lvl31 	lvl32 	lvl33 	lvl34 	lvl35 	lvl36 	lvl37 	lvl38 	lvl39 	lvl40 	lvl41 	lvl42 
100000   	0    	3.999400e-03	1     	2     	4     	8     	16    	32    	64    	118   	222   	403   	695   	1135  	1727  	2507  	3400  	4382  	5413  	6435  	7362  	7892  	8012  	7805  	7490  	6712  	5832  	4925  	4039  	3355  	2716  	2083  	1615  	1242  	858   	605   	388   	236   	134   	78    	35    	14    	5     	2     	1     
100000   	1    	4.073400e-03	1     	2     	4     	8     	16    	32    	64    	128   	240   	442   	755   	1212  	1859  	2691  	3610  	4632  	5704  	6637  	7432  	8054  	8343  	8328  	7954  	7253  	6330  	5197  	4040  	2982  	2166  	1499  	967   	591   	358   	210   	136   	73    	31    	12    	5     	2     	nan   	nan   	nan   
100000   	2    	4.370600e-03	1     	2     	4     	8     	16    	30    	59    	110   	197   	322   	506   	776   	1174  	1705  	2382  	3259  	4232  	5276  	6464  	7421  	8246  	8678  	8672  	8200  	7580  	6488  	5319  	4024  	2963  	2050  	1460  	954   	602   	370   	233   	109   	61    	28    	15    	4     	nan   	nan   	nan   
100000   	3    	5.020700e-03	1     	2     	4     	8     	16    	31    	58    	111   	204   	365   	629   	1034  	1624  	2341  	3248  	4326  	5493  	6562  	7468  	8104  	8404  	8388  	7927  	7282  	6396  	5251  	4124  	3138  	2413  	1718  	1231  	837   	551   	328   	191   	108   	45    	20    	9     	4     	4     	2     	nan   

