Criação das árvores ordenadas:
n_persons	index	time        
100000   	0    	5.874510e-02
100000   	1    	6.395640e-02
100000   	2    	5.771020e-02
100000   	3    	6.929120e-02

Procura de nós nas árvores:
n_persons	index	time        
100000   	0    	1.090514e-01
100000   	1    	8.587200e-02
100000   	2    	6.598860e-02
100000   	3    	6.220390e-02

Maior profundidade das árvores:
n_persons	index	time        	depth
100000   	0    	5.845800e-03	41   
100000   	1    	5.689200e-03	42   
100000   	2    	6.892000e-03	40   
100000   	3    	6.368800e-03	40   

Número de nós em cada nível:
n_persons	index	time        	lvl0  	lvl1  	lvl2  	lvl3  	lvl4  	lvl5  	lvl6  	lvl7  	lvl8  	lvl9  	lvl10 	lvl11 	lvl12 	lvl13 	lvl14 	lvl15 	lvl16 	lvl17 	lvl18 	lvl19 	lvl20 	lvl21 	lvl22 	lvl23 	lvl24 	lvl25 	lvl26 	lvl27 	lvl28 	lvl29 	lvl30 	lvl31 	lvl32 	lvl33 	lvl34 	lvl35 	lvl36 	lvl37 	lvl38 	lvl39 	lvl40 	lvl41 	lvl42 
100000   	0    	5.079800e-03	1     	2     	4     	8     	16    	32    	64    	119   	218   	380   	619   	997   	1535  	2300  	3318  	4521  	5811  	7047  	8150  	8907  	9192  	8872  	8164  	7267  	6121  	4914  	3666  	2673  	1824  	1247  	801   	498   	287   	170   	106   	73    	34    	20    	13    	6     	2     	1     	nan   
100000   	1    	4.794600e-03	1     	2     	4     	8     	16    	32    	63    	121   	223   	396   	662   	1087  	1666  	2413  	3317  	4314  	5318  	6109  	6915  	7568  	7797  	7889  	7641  	7036  	6326  	5506  	4574  	3703  	2925  	2105  	1538  	1044  	650   	436   	264   	140   	80    	46    	27    	21    	9     	7     	1     
100000   	2    	5.786000e-03	1     	2     	4     	8     	16    	31    	62    	116   	218   	400   	699   	1155  	1812  	2679  	3587  	4666  	5968  	7079  	8042  	8631  	8727  	8446  	7786  	6970  	5992  	4832  	3734  	2710  	1966  	1390  	904   	590   	369   	186   	106   	58    	32    	15    	6     	3     	2     	nan   	nan   
100000   	3    	5.274000e-03	1     	2     	4     	8     	16    	31    	59    	113   	201   	362   	640   	1029  	1631  	2423  	3435  	4522  	5708  	6716  	7718  	8406  	8718  	8525  	8000  	7097  	6075  	4933  	3930  	3037  	2201  	1585  	1105  	716   	442   	276   	175   	85    	45    	22    	6     	1     	1     	nan   	nan   

