Criação das árvores ordenadas:
n_persons	index	time        
100000   	0    	1.675612e-01
100000   	1    	1.539544e-01
100000   	2    	1.105844e-01
100000   	3    	1.953756e-01

Procura de nós nas árvores:
n_persons	index	time        
100000   	0    	9.631290e-02
100000   	1    	8.152550e-02
100000   	2    	7.528430e-02
100000   	3    	8.432630e-02

Maior profundidade das árvores:
n_persons	index	time        	depth
100000   	0    	5.126500e-03	38   
100000   	1    	5.444600e-03	36   
100000   	2    	5.940200e-03	38   
100000   	3    	5.687000e-03	38   

Número de nós em cada nível:
n_persons	index	time        	lvl0  	lvl1  	lvl2  	lvl3  	lvl4  	lvl5  	lvl6  	lvl7  	lvl8  	lvl9  	lvl10 	lvl11 	lvl12 	lvl13 	lvl14 	lvl15 	lvl16 	lvl17 	lvl18 	lvl19 	lvl20 	lvl21 	lvl22 	lvl23 	lvl24 	lvl25 	lvl26 	lvl27 	lvl28 	lvl29 	lvl30 	lvl31 	lvl32 	lvl33 	lvl34 	lvl35 	lvl36 	lvl37 	lvl38 
100000   	0    	5.111300e-03	1     	2     	4     	8     	16    	32    	61    	112   	206   	355   	578   	891   	1366  	2054  	2906  	3834  	4937  	6019  	6994  	7791  	8377  	8488  	8287  	7687  	6917  	5807  	4720  	3792  	2888  	2032  	1277  	775   	407   	188   	93    	58    	25    	12    	3     
100000   	1    	4.349800e-03	1     	2     	4     	8     	16    	32    	64    	127   	236   	437   	769   	1233  	1857  	2616  	3565  	4690  	5835  	6954  	8042  	8769  	9199  	8982  	8256  	7223  	6033  	4846  	3608  	2512  	1681  	1031  	652   	362   	211   	102   	33    	10    	2     	nan   	nan   
100000   	2    	5.117700e-03	1     	2     	4     	8     	16    	32    	60    	114   	213   	371   	651   	1090  	1757  	2671  	3840  	5202  	6667  	7884  	8726  	9177  	9257  	8850  	7877  	6683  	5477  	4192  	3097  	2187  	1480  	958   	594   	384   	233   	125   	63    	31    	16    	9     	1     
100000   	3    	5.865200e-03	1     	2     	4     	8     	16    	31    	60    	116   	219   	406   	712   	1172  	1812  	2711  	3747  	4972  	6165  	7260  	8268  	8801  	9004  	8675  	7912  	6858  	5781  	4588  	3469  	2505  	1702  	1157  	774   	515   	278   	146   	80    	51    	13    	7     	2     

