Criação das árvores ordenadas:
n_persons	index	time        
100000   	0    	5.188180e-02
100000   	1    	6.189380e-02
100000   	2    	5.428420e-02
100000   	3    	4.775380e-02

Procura de nós nas árvores:
n_persons	index	time        
100000   	0    	5.095940e-02
100000   	1    	5.931880e-02
100000   	2    	5.392100e-02
100000   	3    	4.848280e-02

Maior profundidade das árvores:
n_persons	index	time        	depth
100000   	0    	4.190400e-03	39   
100000   	1    	4.183100e-03	40   
100000   	2    	5.037000e-03	37   
100000   	3    	4.677400e-03	40   

Número de nós em cada nível:
n_persons	index	time        	lvl0  	lvl1  	lvl2  	lvl3  	lvl4  	lvl5  	lvl6  	lvl7  	lvl8  	lvl9  	lvl10 	lvl11 	lvl12 	lvl13 	lvl14 	lvl15 	lvl16 	lvl17 	lvl18 	lvl19 	lvl20 	lvl21 	lvl22 	lvl23 	lvl24 	lvl25 	lvl26 	lvl27 	lvl28 	lvl29 	lvl30 	lvl31 	lvl32 	lvl33 	lvl34 	lvl35 	lvl36 	lvl37 	lvl38 	lvl39 	lvl40 
100000   	0    	3.848900e-03	1     	2     	4     	8     	16    	32    	64    	125   	228   	403   	690   	1138  	1826  	2719  	3762  	4903  	6070  	7233  	8195  	8695  	8779  	8334  	7665  	6683  	5632  	4510  	3535  	2640  	1957  	1338  	914   	621   	453   	317   	225   	144   	79    	40    	15    	5     	nan   
100000   	1    	4.256400e-03	1     	2     	4     	8     	16    	32    	64    	127   	236   	431   	782   	1317  	2116  	3159  	4290  	5579  	6683  	7631  	8213  	8352  	8006  	7408  	6491  	5657  	4804  	4051  	3339  	2810  	2257  	1733  	1350  	1007  	712   	519   	359   	223   	120   	69    	30    	9     	3     
100000   	2    	4.984600e-03	1     	2     	4     	8     	16    	32    	63    	123   	238   	438   	743   	1218  	1902  	2781  	3890  	5252  	6580  	7899  	8946  	9501  	9617  	9123  	8136  	6748  	5364  	3966  	2871  	1910  	1184  	698   	366   	189   	99    	48    	22    	14    	6     	2     	nan   	nan   	nan   
100000   	3    	4.619000e-03	1     	2     	4     	8     	16    	32    	64    	122   	233   	427   	720   	1181  	1831  	2775  	3845  	5034  	6338  	7477  	8226  	8543  	8567  	8250  	7638  	6725  	5697  	4547  	3552  	2725  	1943  	1373  	882   	553   	292   	159   	96    	62    	29    	18    	8     	3     	2     

