Criação das árvores ordenadas:
n_persons	index	time        
100000   	0    	5.242050e-02
100000   	1    	6.289230e-02
100000   	2    	5.453340e-02
100000   	3    	5.117150e-02

Procura de nós nas árvores:
n_persons	index	time        
100000   	0    	5.392910e-02
100000   	1    	6.107100e-02
100000   	2    	5.703380e-02
100000   	3    	4.779610e-02

Maior profundidade das árvores:
n_persons	index	time        	depth
100000   	0    	4.615800e-03	39   
100000   	1    	4.358000e-03	42   
100000   	2    	4.714800e-03	38   
100000   	3    	5.306300e-03	41   

Número de nós em cada nível:
n_persons	index	time        	lvl0  	lvl1  	lvl2  	lvl3  	lvl4  	lvl5  	lvl6  	lvl7  	lvl8  	lvl9  	lvl10 	lvl11 	lvl12 	lvl13 	lvl14 	lvl15 	lvl16 	lvl17 	lvl18 	lvl19 	lvl20 	lvl21 	lvl22 	lvl23 	lvl24 	lvl25 	lvl26 	lvl27 	lvl28 	lvl29 	lvl30 	lvl31 	lvl32 	lvl33 	lvl34 	lvl35 	lvl36 	lvl37 	lvl38 	lvl39 	lvl40 	lvl41 	lvl42 
100000   	0    	4.002800e-03	1     	2     	4     	8     	16    	32    	62    	117   	215   	392   	652   	1061  	1657  	2430  	3324  	4423  	5683  	6878  	7974  	8700  	9040  	8777  	8080  	7189  	6088  	4892  	3753  	2761  	1989  	1416  	915   	588   	358   	226   	131   	81    	50    	23    	7     	5     	nan   	nan   	nan   
100000   	1    	3.760600e-03	1     	2     	4     	8     	16    	32    	63    	123   	219   	382   	655   	1033  	1614  	2340  	3224  	4172  	5209  	6164  	6868  	7538  	7985  	8105  	7773  	7152  	6244  	5451  	4508  	3653  	2817  	2092  	1545  	1093  	759   	467   	269   	178   	106   	59    	37    	22    	9     	5     	4     
100000   	2    	4.304200e-03	1     	2     	4     	8     	15    	29    	53    	92    	170   	290   	503   	804   	1255  	1830  	2597  	3529  	4582  	5608  	6615  	7430  	8134  	8486  	8385  	7914  	7226  	6398  	5234  	4110  	3056  	2170  	1428  	918   	519   	296   	173   	79    	36    	15    	6     	nan   	nan   	nan   	nan   
100000   	3    	4.402400e-03	1     	2     	4     	8     	16    	32    	62    	123   	230   	408   	729   	1217  	1943  	2904  	4125  	5509  	6956  	8156  	9139  	9672  	9628  	9051  	7897  	6563  	5034  	3739  	2576  	1695  	1049  	664   	370   	222   	127   	75    	35    	15    	5     	5     	4     	4     	3     	3     	nan   

