Criação das árvores ordenadas:
n_persons	index	time        
100000   	0    	5.376540e-02
100000   	1    	6.547720e-02
100000   	2    	5.668850e-02
100000   	3    	4.996290e-02

Procura de nós nas árvores:
n_persons	index	time        
100000   	0    	5.760680e-02
100000   	1    	6.584720e-02
100000   	2    	6.199250e-02
100000   	3    	5.325230e-02

Maior profundidade das árvores:
n_persons	index	time        	depth
100000   	0    	4.639700e-03	38   
100000   	1    	4.508200e-03	39   
100000   	2    	4.887100e-03	38   
100000   	3    	5.268200e-03	41   

Número de nós em cada nível:
n_persons	index	time        	lvl0  	lvl1  	lvl2  	lvl3  	lvl4  	lvl5  	lvl6  	lvl7  	lvl8  	lvl9  	lvl10 	lvl11 	lvl12 	lvl13 	lvl14 	lvl15 	lvl16 	lvl17 	lvl18 	lvl19 	lvl20 	lvl21 	lvl22 	lvl23 	lvl24 	lvl25 	lvl26 	lvl27 	lvl28 	lvl29 	lvl30 	lvl31 	lvl32 	lvl33 	lvl34 	lvl35 	lvl36 	lvl37 	lvl38 	lvl39 	lvl40 	lvl41 
100000   	0    	4.149600e-03	1     	2     	4     	8     	16    	32    	64    	123   	229   	417   	729   	1182  	1750  	2516  	3419  	4511  	5695  	6921  	7932  	8507  	8892  	8667  	8170  	7316  	6204  	5049  	3991  	2899  	1926  	1227  	745   	406   	222   	119   	65    	26    	12    	5     	1     	nan   	nan   	nan   
100000   	1    	4.027100e-03	1     	2     	4     	8     	16    	32    	62    	116   	211   	374   	619   	1008  	1546  	2207  	3033  	3973  	5150  	6253  	7324  	8174  	8703  	8814  	8518  	7838  	6862  	5686  	4327  	3182  	2153  	1397  	926   	576   	341   	227   	153   	95    	51    	30    	7     	1     	nan   	nan   
100000   	2    	4.481900e-03	1     	2     	4     	8     	16    	32    	64    	126   	241   	449   	810   	1366  	2211  	3280  	4576  	5909  	7110  	8074  	8770  	8948  	8643  	8040  	7158  	6058  	5039  	3955  	3066  	2170  	1516  	1011  	638   	364   	193   	84    	39    	19    	8     	1     	1     	nan   	nan   	nan   
100000   	3    	4.441400e-03	1     	2     	4     	8     	16    	32    	63    	121   	230   	416   	739   	1180  	1795  	2611  	3563  	4631  	5708  	6671  	7543  	8192  	8516  	8394  	7951  	7100  	6165  	5063  	4008  	3019  	2155  	1503  	989   	636   	400   	228   	156   	86    	51    	28    	15    	6     	4     	1     

