Criação das árvores ordenadas:
n_persons	index	time        
100000   	0    	6.157960e-02
100000   	1    	6.739320e-02
100000   	2    	6.112420e-02
100000   	3    	5.335730e-02

Procura de nós nas árvores:
n_persons	index	time        
100000   	0    	6.046020e-02
100000   	1    	6.925350e-02
100000   	2    	6.605260e-02
100000   	3    	5.538720e-02

Maior profundidade das árvores:
n_persons	index	time        	depth
100000   	0    	4.881400e-03	39   
100000   	1    	5.392900e-03	37   
100000   	2    	5.104100e-03	38   
100000   	3    	5.002300e-03	38   

Número de nós em cada nível:
n_persons	index	time        	lvl0  	lvl1  	lvl2  	lvl3  	lvl4  	lvl5  	lvl6  	lvl7  	lvl8  	lvl9  	lvl10 	lvl11 	lvl12 	lvl13 	lvl14 	lvl15 	lvl16 	lvl17 	lvl18 	lvl19 	lvl20 	lvl21 	lvl22 	lvl23 	lvl24 	lvl25 	lvl26 	lvl27 	lvl28 	lvl29 	lvl30 	lvl31 	lvl32 	lvl33 	lvl34 	lvl35 	lvl36 	lvl37 	lvl38 	lvl39 
100000   	0    	4.362700e-03	1     	2     	4     	8     	16    	32    	64    	126   	238   	436   	769   	1243  	1922  	2852  	4031  	5404  	6801  	8072  	8990  	9324  	9145  	8622  	7554  	6357  	5054  	3927  	2919  	2147  	1438  	953   	618   	418   	237   	130   	77    	39    	16    	7     	4     	3     
100000   	1    	4.073300e-03	1     	2     	4     	8     	16    	32    	61    	119   	223   	411   	710   	1161  	1781  	2640  	3704  	4997  	6228  	7345  	8325  	8979  	8969  	8546  	7900  	6904  	5746  	4445  	3361  	2501  	1825  	1200  	795   	492   	272   	142   	79    	44    	25    	7     	nan   	nan   
100000   	2    	4.430500e-03	1     	2     	4     	8     	16    	32    	64    	125   	243   	454   	796   	1333  	2123  	3192  	4553  	6018  	7444  	8636  	9401  	9603  	9103  	8209  	7151  	5767  	4501  	3408  	2414  	1748  	1264  	850   	602   	391   	266   	145   	70    	32    	20    	9     	2     	nan   
100000   	3    	4.678500e-03	1     	2     	4     	8     	16    	32    	62    	120   	227   	423   	739   	1197  	1852  	2731  	3696  	4813  	5871  	6810  	7659  	8275  	8464  	8432  	7822  	7016  	6062  	5051  	3911  	2945  	2082  	1414  	961   	588   	353   	195   	89    	44    	23    	8     	2     	nan   

