Criação das árvores ordenadas:
n_persons	index	time        
100000   	0    	5.856910e-02
100000   	1    	9.595960e-02
100000   	2    	8.637590e-02
100000   	3    	5.158400e-02

Procura de nós nas árvores:
n_persons	index	time        
100000   	0    	5.413620e-02
100000   	1    	6.581380e-02
100000   	2    	5.872190e-02
100000   	3    	4.841790e-02

Maior profundidade das árvores:
n_persons	index	time        	depth
100000   	0    	4.478500e-03	38   
100000   	1    	4.371500e-03	39   
100000   	2    	6.932900e-03	40   
100000   	3    	5.370600e-03	40   

Número de nós em cada nível:
n_persons	index	time        	lvl0  	lvl1  	lvl2  	lvl3  	lvl4  	lvl5  	lvl6  	lvl7  	lvl8  	lvl9  	lvl10 	lvl11 	lvl12 	lvl13 	lvl14 	lvl15 	lvl16 	lvl17 	lvl18 	lvl19 	lvl20 	lvl21 	lvl22 	lvl23 	lvl24 	lvl25 	lvl26 	lvl27 	lvl28 	lvl29 	lvl30 	lvl31 	lvl32 	lvl33 	lvl34 	lvl35 	lvl36 	lvl37 	lvl38 	lvl39 	lvl40 
100000   	0    	3.966900e-03	1     	2     	4     	8     	16    	32    	64    	123   	241   	452   	808   	1370  	2141  	3159  	4403  	5626  	6969  	8047  	8718  	9200  	9109  	8571  	7677  	6436  	5125  	3864  	2817  	1918  	1256  	774   	472   	280   	147   	78    	48    	27    	13    	3     	1     	nan   	nan   
100000   	1    	4.115700e-03	1     	2     	4     	8     	16    	30    	60    	115   	215   	368   	638   	1037  	1621  	2395  	3281  	4319  	5513  	6724  	7847  	8637  	8980  	8824  	8336  	7464  	6362  	5150  	3955  	2820  	1912  	1276  	833   	511   	328   	182   	105   	71    	34    	17    	7     	2     	nan   
100000   	2    	4.397400e-03	1     	2     	4     	8     	16    	32    	62    	117   	213   	375   	644   	1064  	1658  	2498  	3554  	4761  	6044  	7191  	8166  	8647  	8887  	8500  	7916  	7047  	5921  	4725  	3630  	2678  	1920  	1344  	890   	589   	358   	240   	138   	82    	48    	21    	5     	3     	1     
100000   	3    	4.473700e-03	1     	2     	4     	8     	16    	31    	60    	115   	210   	375   	660   	1114  	1767  	2692  	3859  	5137  	6522  	7827  	8857  	9429  	9509  	8845  	7916  	6742  	5367  	4165  	3000  	2156  	1407  	856   	548   	343   	217   	114   	57    	32    	15    	12    	7     	4     	2     

