Criação das árvores ordenadas:
n_persons	index	time        
100000   	0    	5.177120e-02
100000   	1    	6.313260e-02
100000   	2    	6.286830e-02
100000   	3    	4.980410e-02

Procura de nós nas árvores:
n_persons	index	time        
100000   	0    	5.582660e-02
100000   	1    	6.457860e-02
100000   	2    	5.866460e-02
100000   	3    	4.987410e-02

Maior profundidade das árvores:
n_persons	index	time        	depth
100000   	0    	4.537900e-03	37   
100000   	1    	4.549000e-03	39   
100000   	2    	5.122500e-03	37   
100000   	3    	5.151100e-03	37   

Número de nós em cada nível:
n_persons	index	time        	lvl0  	lvl1  	lvl2  	lvl3  	lvl4  	lvl5  	lvl6  	lvl7  	lvl8  	lvl9  	lvl10 	lvl11 	lvl12 	lvl13 	lvl14 	lvl15 	lvl16 	lvl17 	lvl18 	lvl19 	lvl20 	lvl21 	lvl22 	lvl23 	lvl24 	lvl25 	lvl26 	lvl27 	lvl28 	lvl29 	lvl30 	lvl31 	lvl32 	lvl33 	lvl34 	lvl35 	lvl36 	lvl37 	lvl38 	lvl39 
100000   	0    	3.807300e-03	1     	2     	4     	8     	16    	31    	60    	113   	213   	396   	710   	1207  	1924  	2879  	4061  	5306  	6521  	7499  	8242  	8545  	8476  	8107  	7449  	6630  	5725  	4747  	3720  	2701  	1870  	1211  	754   	434   	243   	123   	48    	17    	6     	1     	nan   	nan   
100000   	1    	4.317300e-03	1     	2     	4     	8     	16    	31    	61    	116   	213   	370   	631   	1004  	1524  	2258  	3062  	4012  	5066  	6018  	6980  	7771  	8351  	8633  	8450  	7820  	7016  	5881  	4567  	3440  	2499  	1707  	1076  	640   	351   	193   	99    	59    	37    	22    	9     	2     
100000   	2    	4.289800e-03	1     	2     	4     	8     	16    	32    	64    	127   	249   	451   	773   	1272  	1948  	2825  	3885  	5013  	6157  	7218  	8047  	8561  	8740  	8573  	7967  	7036  	5872  	4710  	3506  	2546  	1770  	1106  	672   	402   	216   	125   	65    	27    	10    	4     	nan   	nan   
100000   	3    	4.466600e-03	1     	2     	4     	8     	16    	30    	58    	106   	181   	313   	527   	851   	1406  	2187  	3255  	4473  	5957  	7434  	8724  	9537  	9779  	9502  	8654  	7491  	6073  	4581  	3316  	2199  	1427  	877   	497   	280   	136   	62    	36    	14    	4     	2     	nan   	nan   

