Criação das árvores ordenadas:
n_persons	index	time        
100000   	0    	5.466050e-02
100000   	1    	6.551130e-02
100000   	2    	5.454340e-02
100000   	3    	5.192310e-02

Procura de nós nas árvores:
n_persons	index	time        
100000   	0    	5.807500e-02
100000   	1    	1.203121e-01
100000   	2    	7.530830e-02
100000   	3    	6.646410e-02

Maior profundidade das árvores:
n_persons	index	time        	depth
100000   	0    	5.399900e-03	37   
100000   	1    	5.347400e-03	36   
100000   	2    	5.279600e-03	38   
100000   	3    	5.522200e-03	41   

Número de nós em cada nível:
n_persons	index	time        	lvl0  	lvl1  	lvl2  	lvl3  	lvl4  	lvl5  	lvl6  	lvl7  	lvl8  	lvl9  	lvl10 	lvl11 	lvl12 	lvl13 	lvl14 	lvl15 	lvl16 	lvl17 	lvl18 	lvl19 	lvl20 	lvl21 	lvl22 	lvl23 	lvl24 	lvl25 	lvl26 	lvl27 	lvl28 	lvl29 	lvl30 	lvl31 	lvl32 	lvl33 	lvl34 	lvl35 	lvl36 	lvl37 	lvl38 	lvl39 	lvl40 	lvl41 
100000   	0    	4.001200e-03	1     	2     	4     	8     	16    	32    	63    	123   	232   	441   	800   	1379  	2215  	3320  	4671  	6157  	7542  	8654  	9239  	9374  	9024  	8195  	7168  	6031  	4712  	3522  	2552  	1716  	1111  	704   	438   	264   	153   	80    	32    	12    	9     	4     	nan   	nan   	nan   	nan   
100000   	1    	3.889900e-03	1     	2     	4     	8     	16    	32    	62    	121   	229   	413   	735   	1263  	1991  	3007  	4281  	5730  	7074  	8292  	9200  	9415  	9339  	8795  	7849  	6464  	5139  	3823  	2666  	1785  	1088  	587   	299   	154   	69    	39    	18    	7     	3     	nan   	nan   	nan   	nan   	nan   
100000   	2    	4.463900e-03	1     	2     	4     	8     	16    	31    	59    	112   	206   	374   	656   	1075  	1678  	2570  	3715  	5068  	6530  	7766  	8795  	9313  	9454  	9089  	8147  	6842  	5467  	4164  	3079  	2144  	1414  	940   	576   	336   	187   	91    	44    	31    	11    	4     	1     	nan   	nan   	nan   
100000   	3    	4.700400e-03	1     	2     	4     	8     	16    	32    	64    	122   	229   	406   	655   	1034  	1557  	2300  	3259  	4324  	5518  	6776  	7769  	8404  	8727  	8668  	8089  	7367  	6389  	5282  	4190  	3110  	2154  	1480  	873   	508   	290   	186   	89    	54    	28    	18    	9     	5     	2     	2     

