Criação das árvores ordenadas:
n_persons	index	time        
100000   	0    	5.210450e-02
100000   	1    	6.752390e-02
100000   	2    	5.542310e-02
100000   	3    	4.846370e-02

Procura de nós nas árvores:
n_persons	index	time        
100000   	0    	5.361160e-02
100000   	1    	6.428440e-02
100000   	2    	5.891740e-02
100000   	3    	5.033190e-02

Maior profundidade das árvores:
n_persons	index	time        	depth
100000   	0    	4.415200e-03	38   
100000   	1    	4.251800e-03	39   
100000   	2    	5.301000e-03	42   
100000   	3    	5.313400e-03	42   

Número de nós em cada nível:
n_persons	index	time        	lvl0  	lvl1  	lvl2  	lvl3  	lvl4  	lvl5  	lvl6  	lvl7  	lvl8  	lvl9  	lvl10 	lvl11 	lvl12 	lvl13 	lvl14 	lvl15 	lvl16 	lvl17 	lvl18 	lvl19 	lvl20 	lvl21 	lvl22 	lvl23 	lvl24 	lvl25 	lvl26 	lvl27 	lvl28 	lvl29 	lvl30 	lvl31 	lvl32 	lvl33 	lvl34 	lvl35 	lvl36 	lvl37 	lvl38 	lvl39 	lvl40 	lvl41 	lvl42 
100000   	0    	4.193300e-03	1     	2     	4     	8     	16    	32    	61    	117   	220   	405   	703   	1188  	1903  	2877  	4061  	5410  	6590  	7773  	8533  	8939  	8933  	8490  	7719  	6653  	5515  	4338  	3269  	2313  	1576  	1001  	606   	340   	203   	109   	54    	26    	8     	3     	1     	nan   	nan   	nan   	nan   
100000   	1    	4.033400e-03	1     	2     	4     	8     	16    	32    	63    	122   	230   	411   	689   	1115  	1765  	2694  	3839  	5067  	6329  	7440  	8209  	8674  	8679  	8391  	7793  	6991  	5956  	4830  	3657  	2524  	1764  	1105  	689   	412   	247   	118   	65    	42    	22    	3     	1     	1     	nan   	nan   	nan   
100000   	2    	4.670500e-03	1     	2     	4     	8     	16    	31    	59    	111   	197   	320   	547   	856   	1303  	1939  	2793  	3826  	5072  	6351  	7551  	8364  	8812  	8787  	8448  	7537  	6588  	5432  	4280  	3278  	2436  	1730  	1239  	772   	514   	343   	195   	114   	61    	35    	21    	18    	6     	2     	1     
100000   	3    	4.446000e-03	1     	2     	4     	8     	16    	32    	63    	120   	227   	398   	662   	1082  	1684  	2501  	3515  	4701  	5842  	7089  	7966  	8454  	8721  	8544  	7909  	7026  	5965  	4834  	3793  	2832  	2089  	1462  	951   	615   	381   	240   	138   	64    	28    	20    	10    	6     	2     	2     	1     

