Criação das árvores ordenadas:
n_persons	index	time        
100000   	0    	5.330820e-02
100000   	1    	6.165340e-02
100000   	2    	5.419510e-02
100000   	3    	8.093750e-02

Procura de nós nas árvores:
n_persons	index	time        
100000   	0    	8.101020e-02
100000   	1    	7.068100e-02
100000   	2    	5.810750e-02
100000   	3    	4.936090e-02

Maior profundidade das árvores:
n_persons	index	time        	depth
100000   	0    	4.335900e-03	42   
100000   	1    	4.781500e-03	37   
100000   	2    	4.997300e-03	37   
100000   	3    	5.054100e-03	40   

Número de nós em cada nível:
n_persons	index	time        	lvl0  	lvl1  	lvl2  	lvl3  	lvl4  	lvl5  	lvl6  	lvl7  	lvl8  	lvl9  	lvl10 	lvl11 	lvl12 	lvl13 	lvl14 	lvl15 	lvl16 	lvl17 	lvl18 	lvl19 	lvl20 	lvl21 	lvl22 	lvl23 	lvl24 	lvl25 	lvl26 	lvl27 	lvl28 	lvl29 	lvl30 	lvl31 	lvl32 	lvl33 	lvl34 	lvl35 	lvl36 	lvl37 	lvl38 	lvl39 	lvl40 	lvl41 	lvl42 
100000   	0    	3.933200e-03	1     	2     	4     	8     	16    	32    	64    	126   	234   	428   	711   	1135  	1776  	2584  	3498  	4489  	5476  	6261  	6942  	7478  	7810  	7736  	7459  	7030  	6303  	5461  	4549  	3646  	2758  	2006  	1401  	976   	654   	421   	241   	130   	68    	40    	23    	11    	7     	4     	1     
100000   	1    	4.556800e-03	1     	2     	4     	8     	16    	32    	64    	125   	234   	432   	776   	1308  	2126  	3242  	4532  	6064  	7525  	8672  	9458  	9780  	9418  	8491  	7178  	5744  	4454  	3343  	2437  	1710  	1101  	724   	472   	273   	137   	61    	33    	19    	3     	1     	nan   	nan   	nan   	nan   	nan   
100000   	2    	4.564300e-03	1     	2     	4     	8     	16    	32    	64    	128   	250   	466   	824   	1402  	2213  	3279  	4644  	6023  	7467  	8706  	9387  	9696  	9335  	8385  	7266  	5863  	4539  	3338  	2301  	1597  	1093  	722   	452   	252   	130   	59    	36    	16    	3     	1     	nan   	nan   	nan   	nan   	nan   
100000   	3    	4.650100e-03	1     	2     	4     	8     	16    	32    	63    	123   	227   	414   	714   	1164  	1768  	2572  	3522  	4665  	5876  	6921  	7948  	8641  	8946  	8932  	8391  	7424  	6298  	4887  	3578  	2604  	1736  	1109  	658   	386   	205   	95    	42    	17    	6     	2     	1     	1     	1     	nan   	nan   

