Criação das árvores ordenadas:
n_persons	index	time        
100000   	0    	5.272840e-02
100000   	1    	6.594390e-02
100000   	2    	5.785450e-02
100000   	3    	5.000700e-02

Procura de nós nas árvores:
n_persons	index	time        
100000   	0    	5.889410e-02
100000   	1    	6.387200e-02
100000   	2    	6.021260e-02
100000   	3    	5.164000e-02

Maior profundidade das árvores:
n_persons	index	time        	depth
100000   	0    	4.574800e-03	40   
100000   	1    	5.028500e-03	42   
100000   	2    	5.046700e-03	40   
100000   	3    	5.422600e-03	39   

Número de nós em cada nível:
n_persons	index	time        	lvl0  	lvl1  	lvl2  	lvl3  	lvl4  	lvl5  	lvl6  	lvl7  	lvl8  	lvl9  	lvl10 	lvl11 	lvl12 	lvl13 	lvl14 	lvl15 	lvl16 	lvl17 	lvl18 	lvl19 	lvl20 	lvl21 	lvl22 	lvl23 	lvl24 	lvl25 	lvl26 	lvl27 	lvl28 	lvl29 	lvl30 	lvl31 	lvl32 	lvl33 	lvl34 	lvl35 	lvl36 	lvl37 	lvl38 	lvl39 	lvl40 	lvl41 	lvl42 
100000   	0    	4.301100e-03	1     	2     	4     	8     	16    	32    	60    	109   	206   	331   	560   	880   	1305  	1919  	2661  	3543  	4604  	5781  	6888  	7872  	8445  	8625  	8352  	7863  	6938  	5912  	4892  	3820  	2751  	1993  	1326  	885   	580   	359   	211   	122   	78    	42    	18    	5     	1     	nan   	nan   
100000   	1    	3.946000e-03	1     	2     	4     	8     	16    	32    	60    	114   	210   	375   	637   	993   	1520  	2254  	3098  	4125  	5221  	6275  	7270  	8007  	8346  	8138  	7785  	7126  	6205  	5318  	4402  	3424  	2643  	2019  	1429  	1028  	696   	473   	288   	183   	111   	70    	40    	26    	16    	7     	5     
100000   	2    	4.631700e-03	1     	2     	4     	8     	16    	32    	63    	124   	232   	418   	731   	1228  	1934  	2921  	4054  	5384  	6617  	7627  	8555  	8873  	9034  	8579  	7655  	6456  	5421  	4279  	3218  	2372  	1618  	1070  	662   	373   	196   	118   	62    	35    	11    	9     	6     	1     	1     	nan   	nan   
100000   	3    	4.918600e-03	1     	2     	4     	8     	16    	32    	63    	119   	218   	376   	635   	1019  	1511  	2226  	3085  	4155  	5277  	6388  	7379  	8073  	8503  	8766  	8285  	7593  	6625  	5616  	4409  	3180  	2320  	1528  	1074  	673   	390   	225   	117   	59    	29    	12    	8     	1     	nan   	nan   	nan   

