Criação das árvores ordenadas:
n_persons	index	time        
100000   	0    	5.039630e-02
100000   	1    	6.152720e-02
100000   	2    	5.919960e-02
100000   	3    	4.661630e-02

Procura de nós nas árvores:
n_persons	index	time        
100000   	0    	5.281780e-02
100000   	1    	5.947710e-02
100000   	2    	5.533100e-02
100000   	3    	4.911200e-02

Maior profundidade das árvores:
n_persons	index	time        	depth
100000   	0    	4.415200e-03	36   
100000   	1    	4.540000e-03	40   
100000   	2    	4.875000e-03	37   
100000   	3    	4.731300e-03	37   

Número de nós em cada nível:
n_persons	index	time        	lvl0  	lvl1  	lvl2  	lvl3  	lvl4  	lvl5  	lvl6  	lvl7  	lvl8  	lvl9  	lvl10 	lvl11 	lvl12 	lvl13 	lvl14 	lvl15 	lvl16 	lvl17 	lvl18 	lvl19 	lvl20 	lvl21 	lvl22 	lvl23 	lvl24 	lvl25 	lvl26 	lvl27 	lvl28 	lvl29 	lvl30 	lvl31 	lvl32 	lvl33 	lvl34 	lvl35 	lvl36 	lvl37 	lvl38 	lvl39 	lvl40 
100000   	0    	4.206700e-03	1     	2     	4     	8     	16    	32    	64    	127   	240   	448   	777   	1309  	2031  	2994  	4203  	5505  	6787  	7883  	8636  	9162  	9097  	8585  	7807  	6571  	5318  	4095  	2982  	1987  	1317  	840   	515   	320   	191   	90    	44    	9     	3     	nan   	nan   	nan   	nan   
100000   	1    	3.971100e-03	1     	2     	4     	8     	16    	32    	64    	125   	226   	405   	681   	1120  	1715  	2499  	3336  	4441  	5587  	6656  	7646  	8373  	8912  	8847  	8285  	7295  	6117  	5013  	3936  	2975  	2050  	1368  	906   	606   	363   	201   	98    	37    	23    	14    	11    	4     	2     
100000   	2    	4.409100e-03	1     	2     	4     	8     	16    	31    	62    	116   	209   	366   	617   	988   	1485  	2154  	2936  	3839  	4821  	5754  	6767  	7535  	8165  	8534  	8389  	7955  	7042  	5961  	4714  	3700  	2726  	1927  	1263  	831   	535   	286   	154   	74    	27    	6     	nan   	nan   	nan   
100000   	3    	4.479200e-03	1     	2     	4     	8     	16    	32    	64    	127   	244   	444   	786   	1299  	1989  	2859  	3890  	5097  	6392  	7481  	8186  	8637  	8605  	8271  	7634  	6865  	5762  	4617  	3530  	2638  	1807  	1153  	718   	400   	229   	119   	59    	24    	8     	3     	nan   	nan   	nan   

