Criação das árvores ordenadas:
n_persons	index	time        
100000   	0    	5.078620e-02
100000   	1    	5.990680e-02
100000   	2    	5.396100e-02
100000   	3    	4.657440e-02

Procura de nós nas árvores:
n_persons	index	time        
100000   	0    	5.404310e-02
100000   	1    	6.209480e-02
100000   	2    	5.588770e-02
100000   	3    	4.949850e-02

Maior profundidade das árvores:
n_persons	index	time        	depth
100000   	0    	4.404100e-03	42   
100000   	1    	4.661400e-03	39   
100000   	2    	4.861200e-03	39   
100000   	3    	4.772500e-03	36   

Número de nós em cada nível:
n_persons	index	time        	lvl0  	lvl1  	lvl2  	lvl3  	lvl4  	lvl5  	lvl6  	lvl7  	lvl8  	lvl9  	lvl10 	lvl11 	lvl12 	lvl13 	lvl14 	lvl15 	lvl16 	lvl17 	lvl18 	lvl19 	lvl20 	lvl21 	lvl22 	lvl23 	lvl24 	lvl25 	lvl26 	lvl27 	lvl28 	lvl29 	lvl30 	lvl31 	lvl32 	lvl33 	lvl34 	lvl35 	lvl36 	lvl37 	lvl38 	lvl39 	lvl40 	lvl41 	lvl42 
100000   	0    	3.937100e-03	1     	2     	4     	8     	16    	32    	64    	127   	236   	424   	722   	1164  	1722  	2506  	3396  	4408  	5550  	6619  	7587  	8347  	8764  	8776  	8322  	7445  	6358  	5078  	3903  	2899  	1978  	1304  	858   	548   	344   	213   	111   	76    	45    	18    	9     	8     	3     	3     	2     
100000   	1    	3.790900e-03	1     	2     	4     	8     	16    	32    	63    	118   	224   	418   	740   	1195  	1881  	2804  	3967  	5266  	6621  	7761  	8564  	8905  	8816  	8299  	7463  	6512  	5500  	4403  	3411  	2517  	1754  	1159  	718   	395   	213   	128   	61    	39    	16    	4     	1     	1     	nan   	nan   	nan   
100000   	2    	5.014000e-03	1     	2     	4     	8     	16    	31    	61    	119   	225   	412   	737   	1234  	1911  	2863  	3949  	5192  	6509  	7672  	8590  	9145  	9145  	8600  	7811  	6768  	5510  	4365  	3167  	2293  	1499  	934   	523   	314   	189   	95    	45    	32    	19    	5     	4     	1     	nan   	nan   	nan   
100000   	3    	4.435100e-03	1     	2     	4     	8     	16    	32    	64    	127   	242   	442   	783   	1284  	2008  	2918  	4087  	5577  	6982  	8191  	9185  	9618  	9503  	8902  	7844  	6512  	5097  	3816  	2661  	1715  	1051  	595   	347   	190   	110   	56    	22    	7     	1     	nan   	nan   	nan   	nan   	nan   	nan   

