Criação das árvores ordenadas:
n_persons	index	time        
100000   	0    	8.146040e-02
100000   	1    	8.842770e-02
100000   	2    	6.893270e-02
100000   	3    	5.747860e-02

Procura de nós nas árvores:
n_persons	index	time        
100000   	0    	7.833000e-02
100000   	1    	9.041280e-02
100000   	2    	8.992110e-02
100000   	3    	7.336880e-02

Maior profundidade das árvores:
n_persons	index	time        	depth
100000   	0    	8.026400e-03	43   
100000   	1    	5.828300e-03	39   
100000   	2    	6.484400e-03	43   
100000   	3    	7.861000e-03	40   

Número de nós em cada nível:
n_persons	index	time        	lvl0  	lvl1  	lvl2  	lvl3  	lvl4  	lvl5  	lvl6  	lvl7  	lvl8  	lvl9  	lvl10 	lvl11 	lvl12 	lvl13 	lvl14 	lvl15 	lvl16 	lvl17 	lvl18 	lvl19 	lvl20 	lvl21 	lvl22 	lvl23 	lvl24 	lvl25 	lvl26 	lvl27 	lvl28 	lvl29 	lvl30 	lvl31 	lvl32 	lvl33 	lvl34 	lvl35 	lvl36 	lvl37 	lvl38 	lvl39 	lvl40 	lvl41 	lvl42 	lvl43 
100000   	0    	4.794600e-03	1     	2     	4     	8     	16    	31    	59    	107   	193   	332   	558   	854   	1291  	1854  	2512  	3263  	3995  	4641  	5257  	5813  	6229  	6560  	6725  	6764  	6633  	6218  	5584  	4945  	4290  	3546  	2993  	2367  	1933  	1515  	1136  	747   	463   	277   	159   	81    	24    	11    	7     	2     
100000   	1    	5.030700e-03	1     	2     	4     	8     	16    	32    	64    	121   	226   	423   	754   	1255  	1953  	2906  	4021  	5079  	6012  	6906  	7585  	7959  	8055  	7887  	7489  	6830  	5959  	4950  	4017  	3039  	2176  	1503  	1027  	714   	448   	282   	148   	70    	43    	23    	10    	3     	nan   	nan   	nan   	nan   
100000   	2    	6.884100e-03	1     	2     	4     	8     	16    	32    	63    	118   	220   	403   	689   	1092  	1670  	2377  	3214  	4179  	5201  	6235  	7143  	7719  	8004  	7980  	7529  	6890  	6190  	5357  	4400  	3527  	2780  	2136  	1545  	1079  	752   	557   	365   	237   	134   	77    	39    	20    	7     	4     	4     	1     
100000   	3    	6.174500e-03	1     	2     	4     	8     	16    	32    	60    	109   	209   	374   	681   	1160  	1849  	2774  	3863  	5059  	6197  	7223  	8001  	8244  	8380  	8206  	7494  	6730  	5764  	4777  	3731  	2897  	2130  	1479  	997   	648   	412   	231   	124   	70    	29    	16    	11    	6     	2     	nan   	nan   	nan   

