Criação das árvores ordenadas:
n_persons	index	time        
100000   	0    	5.104800e-02
100000   	1    	6.291390e-02
100000   	2    	5.414270e-02
100000   	3    	4.816270e-02

Procura de nós nas árvores:
n_persons	index	time        
100000   	0    	5.406370e-02
100000   	1    	6.215180e-02
100000   	2    	5.837070e-02
100000   	3    	6.810170e-02

Maior profundidade das árvores:
n_persons	index	time        	depth
100000   	0    	8.390800e-03	37   
100000   	1    	7.046500e-03	37   
100000   	2    	8.810500e-03	38   
100000   	3    	7.934500e-03	42   

Número de nós em cada nível:
n_persons	index	time        	lvl0  	lvl1  	lvl2  	lvl3  	lvl4  	lvl5  	lvl6  	lvl7  	lvl8  	lvl9  	lvl10 	lvl11 	lvl12 	lvl13 	lvl14 	lvl15 	lvl16 	lvl17 	lvl18 	lvl19 	lvl20 	lvl21 	lvl22 	lvl23 	lvl24 	lvl25 	lvl26 	lvl27 	lvl28 	lvl29 	lvl30 	lvl31 	lvl32 	lvl33 	lvl34 	lvl35 	lvl36 	lvl37 	lvl38 	lvl39 	lvl40 	lvl41 	lvl42 
100000   	0    	7.365900e-03	1     	2     	4     	8     	16    	32    	64    	123   	238   	435   	772   	1238  	1921  	2859  	4094  	5424  	6872  	8241  	9126  	9508  	9324  	8785  	7814  	6660  	5260  	3948  	2853  	1803  	1142  	661   	374   	209   	98    	51    	29    	8     	2     	1     	nan   	nan   	nan   	nan   	nan   
100000   	1    	7.237500e-03	1     	2     	4     	8     	16    	32    	64    	123   	234   	423   	725   	1179  	1851  	2730  	3842  	5065  	6321  	7645  	8637  	9121  	9200  	8820  	8024  	6995  	5666  	4318  	3241  	2301  	1520  	881   	490   	266   	132   	55    	37    	21    	6     	4     	nan   	nan   	nan   	nan   	nan   
100000   	2    	5.547200e-03	1     	2     	4     	8     	16    	32    	63    	118   	213   	385   	660   	1120  	1811  	2730  	3907  	5242  	6644  	7847  	8686  	9118  	9032  	8613  	7700  	6509  	5337  	4279  	3216  	2339  	1625  	1119  	727   	439   	244   	122   	54    	21    	10    	6     	1     	nan   	nan   	nan   	nan   
100000   	3    	5.551100e-03	1     	2     	4     	8     	16    	32    	64    	126   	245   	458   	811   	1327  	2063  	3026  	4186  	5477  	6842  	7890  	8612  	8813  	8581  	7893  	7007  	5942  	5045  	4096  	3172  	2434  	1796  	1312  	969   	637   	411   	263   	169   	120   	66    	40    	21    	11    	6     	4     	2     

