Criação das árvores ordenadas:
n_persons	index	time        
100000   	0    	5.209460e-02
100000   	1    	6.501650e-02
100000   	2    	5.476490e-02
100000   	3    	4.707790e-02

Procura de nós nas árvores:
n_persons	index	time        
100000   	0    	5.533280e-02
100000   	1    	6.348180e-02
100000   	2    	1.091935e-01
100000   	3    	7.151330e-02

Maior profundidade das árvores:
n_persons	index	time        	depth
100000   	0    	4.689900e-03	37   
100000   	1    	4.707800e-03	40   
100000   	2    	5.006000e-03	41   
100000   	3    	5.179500e-03	41   

Número de nós em cada nível:
n_persons	index	time        	lvl0  	lvl1  	lvl2  	lvl3  	lvl4  	lvl5  	lvl6  	lvl7  	lvl8  	lvl9  	lvl10 	lvl11 	lvl12 	lvl13 	lvl14 	lvl15 	lvl16 	lvl17 	lvl18 	lvl19 	lvl20 	lvl21 	lvl22 	lvl23 	lvl24 	lvl25 	lvl26 	lvl27 	lvl28 	lvl29 	lvl30 	lvl31 	lvl32 	lvl33 	lvl34 	lvl35 	lvl36 	lvl37 	lvl38 	lvl39 	lvl40 	lvl41 
100000   	0    	4.360500e-03	1     	2     	4     	8     	16    	32    	64    	125   	230   	395   	636   	1024  	1547  	2319  	3310  	4448  	5659  	6756  	7713  	8405  	8654  	8600  	8238  	7399  	6437  	5275  	4085  	2990  	2107  	1412  	927   	558   	302   	158   	89    	49    	21    	5     	nan   	nan   	nan   	nan   
100000   	1    	4.006800e-03	1     	2     	4     	8     	16    	32    	63    	122   	235   	433   	757   	1267  	1978  	2931  	4078  	5362  	6585  	7687  	8548  	8895  	8915  	8399  	7475  	6363  	5229  	4147  	3163  	2422  	1768  	1203  	786   	500   	288   	155   	80    	47    	25    	15    	10    	4     	2     	nan   
100000   	2    	4.407900e-03	1     	2     	4     	8     	16    	32    	64    	123   	225   	411   	708   	1169  	1795  	2693  	3762  	4967  	6229  	7405  	8360  	8891  	8997  	8717  	7906  	6885  	5720  	4522  	3337  	2391  	1659  	1107  	702   	457   	300   	174   	105   	71    	37    	21    	13    	9     	3     	2     
100000   	3    	4.545100e-03	1     	2     	4     	8     	16    	32    	61    	111   	202   	353   	594   	978   	1520  	2282  	3243  	4364  	5449  	6510  	7437  	8201  	8480  	8239  	7929  	7272  	6295  	5346  	4270  	3294  	2425  	1684  	1188  	793   	543   	371   	256   	144   	55    	26    	13    	6     	2     	1     

