Criação das árvores ordenadas:
n_persons	index	time        
100000   	0    	6.335010e-02
100000   	1    	6.420450e-02
100000   	2    	5.565330e-02
100000   	3    	4.766010e-02

Procura de nós nas árvores:
n_persons	index	time        
100000   	0    	5.230480e-02
100000   	1    	7.871400e-02
100000   	2    	8.060990e-02
100000   	3    	1.525781e-01

Maior profundidade das árvores:
n_persons	index	time        	depth
100000   	0    	1.492530e-02	42   
100000   	1    	1.716830e-02	38   
100000   	2    	5.788200e-03	38   
100000   	3    	1.384500e-02	38   

Número de nós em cada nível:
n_persons	index	time        	lvl0  	lvl1  	lvl2  	lvl3  	lvl4  	lvl5  	lvl6  	lvl7  	lvl8  	lvl9  	lvl10 	lvl11 	lvl12 	lvl13 	lvl14 	lvl15 	lvl16 	lvl17 	lvl18 	lvl19 	lvl20 	lvl21 	lvl22 	lvl23 	lvl24 	lvl25 	lvl26 	lvl27 	lvl28 	lvl29 	lvl30 	lvl31 	lvl32 	lvl33 	lvl34 	lvl35 	lvl36 	lvl37 	lvl38 	lvl39 	lvl40 	lvl41 	lvl42 
100000   	0    	6.347400e-03	1     	2     	4     	8     	16    	32    	64    	125   	229   	402   	674   	1069  	1651  	2385  	3325  	4431  	5590  	6703  	7614  	8242  	8560  	8557  	7947  	7116  	6087  	4922  	3850  	2925  	2226  	1626  	1165  	793   	553   	371   	267   	187   	131   	76    	40    	25    	7     	1     	1     
100000   	1    	4.943300e-03	1     	2     	4     	8     	16    	32    	64    	121   	226   	396   	652   	1062  	1625  	2422  	3335  	4401  	5510  	6699  	7844  	8645  	9074  	9013  	8388  	7476  	6366  	5093  	3913  	2852  	1877  	1179  	749   	440   	241   	152   	75    	32    	11    	3     	1     	nan   	nan   	nan   	nan   
100000   	2    	5.364700e-03	1     	2     	4     	8     	16    	32    	61    	117   	214   	379   	638   	1020  	1560  	2367  	3290  	4405  	5468  	6610  	7518  	8185  	8581  	8541  	8295  	7464  	6465  	5281  	4212  	3137  	2255  	1509  	974   	607   	369   	204   	118   	60    	23    	7     	3     	nan   	nan   	nan   	nan   
100000   	3    	5.563600e-03	1     	2     	4     	8     	16    	31    	56    	105   	195   	348   	586   	973   	1507  	2259  	3227  	4266  	5347  	6446  	7511  	8319  	8676  	8775  	8304  	7661  	6592  	5377  	4154  	3117  	2187  	1485  	985   	630   	381   	224   	130   	69    	33    	11    	2     	nan   	nan   	nan   	nan   

