Criação das árvores ordenadas:
n_persons	index	time        
100000   	0    	6.880290e-02
100000   	1    	6.568170e-02
100000   	2    	5.638220e-02
100000   	3    	5.219730e-02

Procura de nós nas árvores:
n_persons	index	time        
100000   	0    	5.551000e-02
100000   	1    	5.987360e-02
100000   	2    	6.493600e-02
100000   	3    	6.196310e-02

Maior profundidade das árvores:
n_persons	index	time        	depth
100000   	0    	5.800800e-03	43   
100000   	1    	5.407400e-03	44   
100000   	2    	7.049200e-03	42   
100000   	3    	7.035100e-03	47   

Número de nós em cada nível:
n_persons	index	time        	lvl0  	lvl1  	lvl2  	lvl3  	lvl4  	lvl5  	lvl6  	lvl7  	lvl8  	lvl9  	lvl10 	lvl11 	lvl12 	lvl13 	lvl14 	lvl15 	lvl16 	lvl17 	lvl18 	lvl19 	lvl20 	lvl21 	lvl22 	lvl23 	lvl24 	lvl25 	lvl26 	lvl27 	lvl28 	lvl29 	lvl30 	lvl31 	lvl32 	lvl33 	lvl34 	lvl35 	lvl36 	lvl37 	lvl38 	lvl39 	lvl40 	lvl41 	lvl42 	lvl43 	lvl44 	lvl45 	lvl46 	lvl47 
100000   	0    	4.094000e-03	1     	2     	4     	8     	16    	31    	59    	113   	206   	349   	582   	905   	1404  	2061  	2925  	4022  	5298  	6455  	7435  	8155  	8491  	8467  	8009  	7430  	6373  	5419  	4287  	3419  	2540  	1826  	1311  	872   	543   	357   	229   	152   	95    	62    	38    	24    	14    	7     	3     	1     	nan   	nan   	nan   	nan   
100000   	1    	4.278700e-03	1     	2     	4     	8     	16    	32    	62    	113   	198   	335   	534   	811   	1185  	1650  	2236  	2873  	3601  	4328  	5133  	5900  	6532  	7182  	7572  	7641  	7483  	7025  	6334  	5548  	4518  	3540  	2629  	1831  	1207  	785   	485   	309   	170   	99    	45    	18    	13    	5     	4     	2     	1     	nan   	nan   	nan   
100000   	2    	5.194900e-03	1     	2     	4     	8     	16    	32    	63    	120   	217   	381   	610   	930   	1404  	2052  	2902  	3883  	4990  	6169  	7241  	7972  	8547  	8704  	8492  	7697  	6711  	5566  	4475  	3442  	2482  	1703  	1099  	758   	510   	319   	210   	116   	75    	46    	30    	13    	5     	2     	1     	nan   	nan   	nan   	nan   	nan   
100000   	3    	5.109700e-03	1     	2     	4     	8     	16    	32    	62    	117   	216   	379   	611   	932   	1341  	1907  	2505  	3206  	4075  	4953  	5853  	6592  	7177  	7523  	7732  	7511  	7070  	6354  	5496  	4461  	3587  	2766  	2103  	1604  	1239  	890   	594   	412   	245   	157   	101   	60    	45    	32    	16    	6     	2     	1     	2     	2     

