Criação das árvores ordenadas:
n_persons	index	time        
100000   	0    	5.173810e-02
100000   	1    	6.155940e-02
100000   	2    	5.539920e-02
100000   	3    	4.739660e-02

Procura de nós nas árvores:
n_persons	index	time        
100000   	0    	5.292530e-02
100000   	1    	6.546990e-02
100000   	2    	5.948890e-02
100000   	3    	5.398290e-02

Maior profundidade das árvores:
n_persons	index	time        	depth
100000   	0    	4.855700e-03	41   
100000   	1    	4.613100e-03	43   
100000   	2    	4.868000e-03	37   
100000   	3    	5.667100e-03	40   

Número de nós em cada nível:
n_persons	index	time        	lvl0  	lvl1  	lvl2  	lvl3  	lvl4  	lvl5  	lvl6  	lvl7  	lvl8  	lvl9  	lvl10 	lvl11 	lvl12 	lvl13 	lvl14 	lvl15 	lvl16 	lvl17 	lvl18 	lvl19 	lvl20 	lvl21 	lvl22 	lvl23 	lvl24 	lvl25 	lvl26 	lvl27 	lvl28 	lvl29 	lvl30 	lvl31 	lvl32 	lvl33 	lvl34 	lvl35 	lvl36 	lvl37 	lvl38 	lvl39 	lvl40 	lvl41 	lvl42 	lvl43 
100000   	0    	4.049400e-03	1     	2     	4     	8     	16    	32    	59    	107   	198   	333   	529   	781   	1112  	1555  	2087  	2864  	3875  	5056  	6275  	7444  	8288  	8648  	8706  	8244  	7484  	6660  	5586  	4319  	3264  	2374  	1553  	984   	613   	371   	244   	151   	86    	42    	27    	11    	6     	1     	nan   	nan   
100000   	1    	3.868700e-03	1     	2     	4     	8     	16    	31    	62    	122   	237   	438   	767   	1245  	1915  	2658  	3498  	4365  	5303  	6124  	6927  	7587  	8043  	8154  	7897  	7448  	6665  	5548  	4376  	3352  	2441  	1679  	1178  	775   	478   	288   	161   	87    	49    	30    	20    	14    	3     	2     	1     	1     
100000   	2    	5.166400e-03	1     	2     	4     	8     	16    	31    	60    	119   	217   	377   	655   	1081  	1646  	2492  	3552  	4792  	6103  	7383  	8535  	9294  	9460  	9102  	8218  	6948  	5777  	4548  	3420  	2337  	1608  	976   	559   	320   	167   	97    	48    	29    	13    	5     	nan   	nan   	nan   	nan   	nan   	nan   
100000   	3    	4.615100e-03	1     	2     	4     	8     	16    	32    	63    	125   	239   	438   	753   	1229  	1884  	2715  	3800  	4936  	6150  	7323  	8109  	8572  	8722  	8371  	7667  	6821  	5804  	4729  	3669  	2737  	1866  	1261  	830   	470   	277   	160   	89    	65    	38    	17    	6     	1     	1     	nan   	nan   	nan   

