Criação das árvores ordenadas:
n_persons	index	time        
100000   	0    	5.183800e-02
100000   	1    	6.206230e-02
100000   	2    	5.667260e-02
100000   	3    	5.404290e-02

Procura de nós nas árvores:
n_persons	index	time        
100000   	0    	5.445510e-02
100000   	1    	6.654840e-02
100000   	2    	5.827530e-02
100000   	3    	5.044440e-02

Maior profundidade das árvores:
n_persons	index	time        	depth
100000   	0    	4.546600e-03	37   
100000   	1    	4.415200e-03	42   
100000   	2    	4.975900e-03	41   
100000   	3    	5.145300e-03	37   

Número de nós em cada nível:
n_persons	index	time        	lvl0  	lvl1  	lvl2  	lvl3  	lvl4  	lvl5  	lvl6  	lvl7  	lvl8  	lvl9  	lvl10 	lvl11 	lvl12 	lvl13 	lvl14 	lvl15 	lvl16 	lvl17 	lvl18 	lvl19 	lvl20 	lvl21 	lvl22 	lvl23 	lvl24 	lvl25 	lvl26 	lvl27 	lvl28 	lvl29 	lvl30 	lvl31 	lvl32 	lvl33 	lvl34 	lvl35 	lvl36 	lvl37 	lvl38 	lvl39 	lvl40 	lvl41 	lvl42 
100000   	0    	3.984000e-03	1     	2     	4     	8     	16    	32    	63    	120   	220   	400   	704   	1152  	1802  	2676  	3807  	5182  	6581  	7899  	8799  	9265  	9164  	8711  	7972  	6819  	5589  	4322  	3138  	2215  	1415  	841   	500   	278   	144   	81    	40    	26    	11    	1     	nan   	nan   	nan   	nan   	nan   
100000   	1    	3.833900e-03	1     	2     	4     	8     	16    	32    	64    	124   	238   	430   	741   	1173  	1831  	2684  	3687  	4810  	6015  	7015  	7863  	8307  	8404  	8113  	7627  	6959  	6046  	5016  	4016  	2982  	2064  	1378  	936   	585   	363   	210   	123   	62    	30    	17    	9     	7     	3     	3     	2     
100000   	2    	4.207400e-03	1     	2     	4     	8     	16    	32    	59    	113   	209   	374   	618   	968   	1386  	1958  	2659  	3536  	4520  	5537  	6583  	7408  	7909  	8283  	8162  	7667  	7012  	6124  	5030  	4082  	3119  	2363  	1602  	1066  	668   	410   	244   	134   	69    	30    	18    	11    	5     	1     	nan   
100000   	3    	4.559100e-03	1     	2     	4     	8     	16    	32    	63    	124   	238   	437   	771   	1274  	2008  	3014  	4171  	5440  	6782  	7848  	8771  	9224  	8861  	8356  	7435  	6293  	5273  	4067  	3079  	2227  	1523  	1052  	676   	402   	240   	139   	76    	43    	23    	7     	nan   	nan   	nan   	nan   	nan   

