Criação das árvores ordenadas:
n_persons	index	time        
100000   	0    	5.877790e-02
100000   	1    	7.493660e-02
100000   	2    	7.192870e-02
100000   	3    	5.475950e-02

Procura de nós nas árvores:
n_persons	index	time        
100000   	0    	6.223250e-02
100000   	1    	7.161910e-02
100000   	2    	7.285180e-02
100000   	3    	6.342480e-02

Maior profundidade das árvores:
n_persons	index	time        	depth
100000   	0    	5.948900e-03	42   
100000   	1    	7.131500e-03	38   
100000   	2    	6.826100e-03	43   
100000   	3    	7.828000e-03	39   

Número de nós em cada nível:
n_persons	index	time        	lvl0  	lvl1  	lvl2  	lvl3  	lvl4  	lvl5  	lvl6  	lvl7  	lvl8  	lvl9  	lvl10 	lvl11 	lvl12 	lvl13 	lvl14 	lvl15 	lvl16 	lvl17 	lvl18 	lvl19 	lvl20 	lvl21 	lvl22 	lvl23 	lvl24 	lvl25 	lvl26 	lvl27 	lvl28 	lvl29 	lvl30 	lvl31 	lvl32 	lvl33 	lvl34 	lvl35 	lvl36 	lvl37 	lvl38 	lvl39 	lvl40 	lvl41 	lvl42 	lvl43 
100000   	0    	5.297200e-03	1     	2     	4     	8     	16    	32    	60    	113   	204   	357   	620   	1020  	1564  	2233  	3172  	4221  	5446  	6679  	7749  	8387  	8818  	8783  	8180  	7242  	6215  	5168  	3945  	2993  	2199  	1546  	1036  	713   	465   	316   	204   	136   	76    	42    	19    	11    	3     	1     	1     	nan   
100000   	1    	4.727800e-03	1     	2     	4     	8     	16    	32    	64    	128   	248   	448   	785   	1324  	2134  	3171  	4471  	5891  	7283  	8409  	9162  	9491  	9213  	8355  	7265  	5961  	4778  	3664  	2693  	1868  	1297  	788   	485   	275   	144   	86    	41    	9     	3     	2     	1     	nan   	nan   	nan   	nan   	nan   
100000   	2    	6.244500e-03	1     	2     	4     	8     	16    	32    	64    	123   	227   	406   	714   	1256  	1984  	2984  	4126  	5356  	6507  	7617  	8278  	8679  	8571  	8036  	7264  	6382  	5351  	4380  	3406  	2615  	2005  	1385  	940   	562   	322   	182   	98    	50    	32    	17    	7     	5     	3     	1     	1     	1     
100000   	3    	4.823900e-03	1     	2     	4     	8     	16    	32    	64    	127   	247   	460   	810   	1353  	2129  	3150  	4397  	5747  	7065  	8274  	9286  	9581  	9410  	8720  	7408  	6010  	4709  	3554  	2505  	1707  	1200  	837   	527   	300   	175   	93    	46    	25    	13    	4     	3     	1     	nan   	nan   	nan   	nan   

