Criação das árvores ordenadas:
n_persons	index	time        
100000   	0    	5.322160e-02
100000   	1    	6.563000e-02
100000   	2    	5.503450e-02
100000   	3    	4.920080e-02

Procura de nós nas árvores:
n_persons	index	time        
100000   	0    	5.433830e-02
100000   	1    	6.637110e-02
100000   	2    	6.348190e-02
100000   	3    	5.365320e-02

Maior profundidade das árvores:
n_persons	index	time        	depth
100000   	0    	4.595700e-03	46   
100000   	1    	4.602200e-03	40   
100000   	2    	5.365200e-03	41   
100000   	3    	5.415800e-03	41   

Número de nós em cada nível:
n_persons	index	time        	lvl0  	lvl1  	lvl2  	lvl3  	lvl4  	lvl5  	lvl6  	lvl7  	lvl8  	lvl9  	lvl10 	lvl11 	lvl12 	lvl13 	lvl14 	lvl15 	lvl16 	lvl17 	lvl18 	lvl19 	lvl20 	lvl21 	lvl22 	lvl23 	lvl24 	lvl25 	lvl26 	lvl27 	lvl28 	lvl29 	lvl30 	lvl31 	lvl32 	lvl33 	lvl34 	lvl35 	lvl36 	lvl37 	lvl38 	lvl39 	lvl40 	lvl41 	lvl42 	lvl43 	lvl44 	lvl45 	lvl46 
100000   	0    	4.030100e-03	1     	2     	4     	8     	16    	32    	63    	122   	232   	415   	708   	1111  	1659  	2310  	2924  	3602  	4153  	4689  	5105  	5561  	5789  	5798  	5746  	5690  	5360  	5150  	4831  	4406  	4038  	3659  	3249  	2869  	2461  	2091  	1687  	1341  	1022  	728   	508   	359   	235   	145   	67    	35    	14    	4     	1     
100000   	1    	4.036900e-03	1     	2     	4     	8     	16    	31    	60    	118   	225   	424   	766   	1326  	2164  	3324  	4732  	6181  	7648  	8818  	9573  	9647  	9261  	8462  	7137  	5775  	4489  	3296  	2338  	1552  	982   	640   	390   	245   	164   	97    	51    	28    	15    	5     	3     	1     	1     	nan   	nan   	nan   	nan   	nan   	nan   
100000   	2    	4.758300e-03	1     	2     	4     	8     	16    	32    	61    	115   	209   	369   	630   	1008  	1535  	2250  	3081  	4079  	5118  	6291  	7363  	8067  	8468  	8555  	8142  	7315  	6313  	5273  	4310  	3348  	2573  	1899  	1345  	915   	589   	355   	183   	91    	48    	22    	7     	6     	3     	1     	nan   	nan   	nan   	nan   	nan   
100000   	3    	4.871600e-03	1     	2     	4     	8     	16    	32    	63    	123   	237   	430   	766   	1266  	1964  	2850  	3808  	4772  	5772  	6546  	7150  	7486  	7524  	7445  	7015  	6388  	5709  	4994  	4261  	3537  	2899  	2266  	1650  	1158  	790   	464   	282   	153   	86    	46    	26    	7     	2     	2     	nan   	nan   	nan   	nan   	nan   

