Criação das árvores ordenadas:
n_persons	index	time        
100000   	0    	5.267540e-02
100000   	1    	6.548620e-02
100000   	2    	5.855780e-02
100000   	3    	4.998080e-02

Procura de nós nas árvores:
n_persons	index	time        
100000   	0    	5.964950e-02
100000   	1    	7.122920e-02
100000   	2    	6.144220e-02
100000   	3    	5.123200e-02

Maior profundidade das árvores:
n_persons	index	time        	depth
100000   	0    	4.486600e-03	40   
100000   	1    	4.500100e-03	39   
100000   	2    	5.166500e-03	40   
100000   	3    	5.158600e-03	40   

Número de nós em cada nível:
n_persons	index	time        	lvl0  	lvl1  	lvl2  	lvl3  	lvl4  	lvl5  	lvl6  	lvl7  	lvl8  	lvl9  	lvl10 	lvl11 	lvl12 	lvl13 	lvl14 	lvl15 	lvl16 	lvl17 	lvl18 	lvl19 	lvl20 	lvl21 	lvl22 	lvl23 	lvl24 	lvl25 	lvl26 	lvl27 	lvl28 	lvl29 	lvl30 	lvl31 	lvl32 	lvl33 	lvl34 	lvl35 	lvl36 	lvl37 	lvl38 	lvl39 	lvl40 
100000   	0    	4.164700e-03	1     	2     	4     	8     	16    	30    	60    	111   	208   	372   	663   	1104  	1703  	2441  	3366  	4277  	5250  	6216  	7054  	7703  	8207  	8217  	8045  	7567  	6647  	5555  	4415  	3332  	2472  	1764  	1239  	789   	483   	316   	172   	99    	52    	27    	10    	2     	1     
100000   	1    	4.231200e-03	1     	2     	4     	8     	16    	32    	63    	126   	240   	446   	766   	1256  	1965  	2834  	3886  	5138  	6358  	7529  	8417  	9011  	8988  	8643  	7851  	6764  	5528  	4361  	3265  	2321  	1592  	1031  	649   	387   	236   	124   	66    	39    	33    	14    	6     	4     	nan   
100000   	2    	4.560700e-03	1     	2     	4     	8     	16    	31    	60    	118   	223   	410   	733   	1246  	2023  	3050  	4329  	5744  	7112  	8347  	9152  	9383  	9012  	8481  	7457  	6294  	4996  	3686  	2680  	1891  	1320  	835   	528   	328   	209   	127   	79    	42    	20    	12    	6     	3     	2     
100000   	3    	4.604100e-03	1     	2     	4     	8     	16    	32    	61    	115   	210   	371   	625   	1027  	1696  	2572  	3683  	4928  	6177  	7342  	8381  	8843  	8815  	8601  	7955  	6926  	5852  	4672  	3631  	2643  	1841  	1188  	739   	445   	262   	166   	86    	44    	22    	11    	4     	1     	2     

