Criação das árvores ordenadas:
n_persons	index	time        
100000   	0    	5.175590e-02
100000   	1    	6.352830e-02
100000   	2    	5.603030e-02
100000   	3    	4.730260e-02

Procura de nós nas árvores:
n_persons	index	time        
100000   	0    	6.705940e-02
100000   	1    	6.800210e-02
100000   	2    	5.636010e-02
100000   	3    	4.874310e-02

Maior profundidade das árvores:
n_persons	index	time        	depth
100000   	0    	4.512400e-03	38   
100000   	1    	4.282700e-03	37   
100000   	2    	4.762700e-03	40   
100000   	3    	4.783900e-03	39   

Número de nós em cada nível:
n_persons	index	time        	lvl0  	lvl1  	lvl2  	lvl3  	lvl4  	lvl5  	lvl6  	lvl7  	lvl8  	lvl9  	lvl10 	lvl11 	lvl12 	lvl13 	lvl14 	lvl15 	lvl16 	lvl17 	lvl18 	lvl19 	lvl20 	lvl21 	lvl22 	lvl23 	lvl24 	lvl25 	lvl26 	lvl27 	lvl28 	lvl29 	lvl30 	lvl31 	lvl32 	lvl33 	lvl34 	lvl35 	lvl36 	lvl37 	lvl38 	lvl39 	lvl40 
100000   	0    	4.672600e-03	1     	2     	4     	8     	16    	31    	61    	116   	211   	379   	647   	1068  	1677  	2513  	3591  	4883  	6089  	7127  	8063  	8494  	8720  	8393  	7597  	6701  	5725  	4826  	3868  	2978  	2217  	1550  	1044  	663   	360   	207   	81    	54    	25    	7     	3     	nan   	nan   
100000   	1    	3.968400e-03	1     	2     	4     	8     	16    	32    	63    	119   	217   	395   	682   	1117  	1722  	2566  	3640  	4831  	6111  	7232  	8033  	8716  	8981  	8790  	8023  	7031  	5868  	4635  	3554  	2618  	1875  	1283  	814   	490   	279   	140   	72    	26    	8     	6     	nan   	nan   	nan   
100000   	2    	4.498800e-03	1     	2     	4     	8     	16    	32    	64    	121   	229   	417   	722   	1182  	1829  	2606  	3560  	4640  	5782  	6879  	7782  	8391  	8692  	8444  	7924  	7162  	6058  	5038  	3917  	2949  	2075  	1387  	912   	516   	312   	166   	89    	48    	20    	13    	6     	4     	1     
100000   	3    	5.215000e-03	1     	2     	4     	8     	16    	32    	60    	119   	230   	419   	737   	1193  	1849  	2615  	3549  	4577  	5551  	6482  	7140  	7767  	8103  	8052  	7746  	7170  	6366  	5310  	4278  	3309  	2459  	1768  	1221  	793   	508   	290   	148   	72    	34    	13    	6     	3     	nan   

