Criação das árvores ordenadas:
n_persons	index	time        
100000   	0    	5.397320e-02
100000   	1    	6.730750e-02
100000   	2    	5.816440e-02
100000   	3    	4.753560e-02

Procura de nós nas árvores:
n_persons	index	time        
100000   	0    	6.442180e-02
100000   	1    	8.022390e-02
100000   	2    	6.114980e-02
100000   	3    	6.018040e-02

Maior profundidade das árvores:
n_persons	index	time        	depth
100000   	0    	5.381400e-03	41   
100000   	1    	5.480000e-03	44   
100000   	2    	5.388300e-03	42   
100000   	3    	5.594200e-03	40   

Número de nós em cada nível:
n_persons	index	time        	lvl0  	lvl1  	lvl2  	lvl3  	lvl4  	lvl5  	lvl6  	lvl7  	lvl8  	lvl9  	lvl10 	lvl11 	lvl12 	lvl13 	lvl14 	lvl15 	lvl16 	lvl17 	lvl18 	lvl19 	lvl20 	lvl21 	lvl22 	lvl23 	lvl24 	lvl25 	lvl26 	lvl27 	lvl28 	lvl29 	lvl30 	lvl31 	lvl32 	lvl33 	lvl34 	lvl35 	lvl36 	lvl37 	lvl38 	lvl39 	lvl40 	lvl41 	lvl42 	lvl43 	lvl44 
100000   	0    	4.254500e-03	1     	2     	4     	8     	16    	32    	62    	122   	226   	411   	716   	1180  	1877  	2747  	3696  	4682  	5615  	6508  	7331  	7916  	8167  	7907  	7429  	6673  	5820  	4991  	4134  	3332  	2635  	1957  	1411  	960   	612   	352   	212   	127   	70    	32    	16    	8     	2     	1     	nan   	nan   	nan   
100000   	1    	3.919800e-03	1     	2     	4     	8     	16    	32    	63    	121   	236   	415   	709   	1148  	1779  	2564  	3516  	4611  	5744  	6871  	7748  	8400  	8614  	8572  	7980  	6944  	5973  	4884  	3924  	3019  	2178  	1498  	972   	588   	353   	212   	133   	69    	40    	23    	16    	8     	3     	2     	4     	2     	1     
100000   	2    	4.784100e-03	1     	2     	4     	8     	16    	32    	64    	125   	229   	393   	670   	1045  	1537  	2187  	2988  	3862  	4820  	5718  	6676  	7238  	7696  	7789  	7613  	7215  	6567  	5706  	4992  	4069  	3259  	2546  	1780  	1214  	799   	496   	286   	170   	93    	45    	23    	16    	5     	4     	2     	nan   	nan   
100000   	3    	4.948400e-03	1     	2     	4     	8     	16    	32    	62    	117   	225   	413   	715   	1181  	1864  	2796  	3971  	5256  	6537  	7756  	8645  	9083  	9064  	8445  	7565  	6383  	5215  	4064  	3046  	2234  	1627  	1191  	883   	615   	404   	254   	154   	88    	47    	21    	9     	5     	2     	nan   	nan   	nan   	nan   

