Criação das árvores ordenadas:
n_persons	index	time        
100000   	0    	6.097380e-02
100000   	1    	6.895690e-02
100000   	2    	5.442160e-02
100000   	3    	4.876420e-02

Procura de nós nas árvores:
n_persons	index	time        
100000   	0    	5.441990e-02
100000   	1    	6.584830e-02
100000   	2    	6.399110e-02
100000   	3    	5.897900e-02

Maior profundidade das árvores:
n_persons	index	time        	depth
100000   	0    	4.471500e-03	40   
100000   	1    	4.455200e-03	39   
100000   	2    	5.376000e-03	36   
100000   	3    	5.269200e-03	40   

Número de nós em cada nível:
n_persons	index	time        	lvl0  	lvl1  	lvl2  	lvl3  	lvl4  	lvl5  	lvl6  	lvl7  	lvl8  	lvl9  	lvl10 	lvl11 	lvl12 	lvl13 	lvl14 	lvl15 	lvl16 	lvl17 	lvl18 	lvl19 	lvl20 	lvl21 	lvl22 	lvl23 	lvl24 	lvl25 	lvl26 	lvl27 	lvl28 	lvl29 	lvl30 	lvl31 	lvl32 	lvl33 	lvl34 	lvl35 	lvl36 	lvl37 	lvl38 	lvl39 	lvl40 
100000   	0    	4.017200e-03	1     	2     	4     	8     	16    	32    	64    	124   	228   	414   	693   	1125  	1703  	2499  	3412  	4481  	5639  	6737  	7635  	8061  	8364  	8160  	7495  	6746  	5967  	5156  	4216  	3342  	2557  	1814  	1237  	844   	524   	320   	173   	108   	51    	26    	15    	5     	2     
100000   	1    	4.296700e-03	1     	2     	4     	8     	16    	31    	61    	112   	202   	351   	581   	925   	1447  	2192  	3121  	4293  	5498  	6764  	7922  	8767  	9096  	8939  	8381  	7446  	6203  	4874  	3683  	2705  	2001  	1401  	1042  	718   	482   	331   	197   	101   	56    	36    	9     	1     	nan   
100000   	2    	5.505900e-03	1     	2     	4     	8     	16    	32    	64    	122   	231   	430   	777   	1295  	2015  	2974  	4109  	5278  	6609  	7732  	8609  	9092  	9048  	8542  	7751  	6657  	5385  	4250  	3195  	2254  	1484  	936   	532   	283   	153   	81    	34    	12    	3     	nan   	nan   	nan   	nan   
100000   	3    	4.587800e-03	1     	2     	4     	8     	16    	32    	63    	120   	227   	401   	680   	1102  	1749  	2571  	3543  	4704  	5830  	6952  	7827  	8265  	8262  	8036  	7443  	6648  	5623  	4806  	3931  	3116  	2423  	1834  	1328  	906   	611   	417   	249   	137   	74    	35    	16    	5     	3     

