Criação das árvores ordenadas:
n_persons	index	time        
100000   	0    	5.179930e-02
100000   	1    	6.315310e-02
100000   	2    	5.477630e-02
100000   	3    	5.181250e-02

Procura de nós nas árvores:
n_persons	index	time        
100000   	0    	5.363390e-02
100000   	1    	6.115450e-02
100000   	2    	5.951790e-02
100000   	3    	5.236580e-02

Maior profundidade das árvores:
n_persons	index	time        	depth
100000   	0    	4.596200e-03	42   
100000   	1    	6.327500e-03	39   
100000   	2    	5.083300e-03	41   
100000   	3    	4.887000e-03	39   

Número de nós em cada nível:
n_persons	index	time        	lvl0  	lvl1  	lvl2  	lvl3  	lvl4  	lvl5  	lvl6  	lvl7  	lvl8  	lvl9  	lvl10 	lvl11 	lvl12 	lvl13 	lvl14 	lvl15 	lvl16 	lvl17 	lvl18 	lvl19 	lvl20 	lvl21 	lvl22 	lvl23 	lvl24 	lvl25 	lvl26 	lvl27 	lvl28 	lvl29 	lvl30 	lvl31 	lvl32 	lvl33 	lvl34 	lvl35 	lvl36 	lvl37 	lvl38 	lvl39 	lvl40 	lvl41 	lvl42 
100000   	0    	3.840800e-03	1     	2     	4     	8     	16    	32    	62    	118   	229   	424   	726   	1207  	1894  	2774  	3761  	4731  	5619  	6462  	6979  	7294  	7514  	7491  	7254  	6842  	6205  	5332  	4553  	3616  	2794  	1996  	1368  	960   	643   	451   	270   	153   	97    	63    	23    	14    	11    	5     	2     
100000   	1    	4.236200e-03	1     	2     	4     	8     	16    	32    	63    	118   	216   	390   	641   	1035  	1598  	2269  	3076  	4089  	5080  	6072  	7066  	7770  	8311  	8252  	7852  	7298  	6436  	5528  	4520  	3556  	2726  	1999  	1404  	980   	650   	400   	239   	153   	87    	44    	15    	4     	nan   	nan   	nan   
100000   	2    	4.550800e-03	1     	2     	4     	8     	16    	32    	64    	122   	229   	427   	735   	1225  	1910  	2828  	3838  	5021  	6233  	7213  	8049  	8441  	8558  	8315  	7810  	7003  	6014  	4799  	3570  	2551  	1802  	1221  	813   	498   	288   	161   	86    	44    	20    	17    	12    	8     	7     	5     	nan   
100000   	3    	4.528700e-03	1     	2     	4     	8     	14    	28    	53    	98    	174   	299   	520   	862   	1330  	2014  	2930  	4051  	5343  	6452  	7448  	8186  	8386  	8229  	7837  	7307  	6452  	5497  	4568  	3735  	2795  	1980  	1337  	868   	535   	305   	179   	104   	42    	16    	9     	2     	nan   	nan   	nan   

