Criação das árvores ordenadas:
n_persons	index	time        
100000   	0    	5.634320e-02
100000   	1    	6.930900e-02
100000   	2    	7.024660e-02
100000   	3    	1.096381e-01

Procura de nós nas árvores:
n_persons	index	time        
100000   	0    	6.570730e-02
100000   	1    	7.101510e-02
100000   	2    	7.709980e-02
100000   	3    	5.820830e-02

Maior profundidade das árvores:
n_persons	index	time        	depth
100000   	0    	4.658900e-03	40   
100000   	1    	4.528900e-03	39   
100000   	2    	5.218900e-03	38   
100000   	3    	5.254300e-03	40   

Número de nós em cada nível:
n_persons	index	time        	lvl0  	lvl1  	lvl2  	lvl3  	lvl4  	lvl5  	lvl6  	lvl7  	lvl8  	lvl9  	lvl10 	lvl11 	lvl12 	lvl13 	lvl14 	lvl15 	lvl16 	lvl17 	lvl18 	lvl19 	lvl20 	lvl21 	lvl22 	lvl23 	lvl24 	lvl25 	lvl26 	lvl27 	lvl28 	lvl29 	lvl30 	lvl31 	lvl32 	lvl33 	lvl34 	lvl35 	lvl36 	lvl37 	lvl38 	lvl39 	lvl40 
100000   	0    	4.079400e-03	1     	2     	4     	8     	16    	32    	62    	120   	228   	400   	692   	1103  	1754  	2511  	3423  	4460  	5558  	6670  	7586  	8238  	8336  	8388  	8023  	7356  	6460  	5215  	4087  	3101  	2267  	1537  	1024  	621   	350   	185   	100   	47    	18    	10    	4     	2     	1     
100000   	1    	4.142700e-03	1     	2     	4     	8     	16    	32    	63    	124   	245   	472   	840   	1428  	2274  	3369  	4661  	5994  	7233  	8301  	9103  	9301  	8931  	8195  	7181  	6055  	4790  	3676  	2723  	1912  	1217  	782   	469   	281   	149   	73    	42    	25    	13    	6     	5     	4     	nan   
100000   	2    	4.563500e-03	1     	2     	4     	8     	16    	32    	62    	123   	236   	432   	750   	1253  	1997  	2976  	4187  	5405  	6677  	7704  	8565  	8891  	8888  	8371  	7712  	6610  	5312  	4144  	3146  	2255  	1581  	1024  	635   	396   	257   	160   	94    	53    	28    	9     	4     	nan   	nan   
100000   	3    	5.185400e-03	1     	2     	4     	8     	16    	32    	63    	119   	224   	408   	701   	1153  	1840  	2724  	3750  	4904  	5984  	7046  	7833  	8347  	8396  	8041  	7512  	6797  	5784  	4799  	3894  	3008  	2362  	1663  	1073  	673   	400   	235   	120   	48    	22    	9     	2     	2     	1     

