Criação das árvores ordenadas:
n_persons	index	time        
100000   	0    	5.224920e-02
100000   	1    	6.178570e-02
100000   	2    	5.378570e-02
100000   	3    	4.906490e-02

Procura de nós nas árvores:
n_persons	index	time        
100000   	0    	5.578360e-02
100000   	1    	5.930280e-02
100000   	2    	5.487250e-02
100000   	3    	5.012970e-02

Maior profundidade das árvores:
n_persons	index	time        	depth
100000   	0    	4.370400e-03	40   
100000   	1    	4.952600e-03	41   
100000   	2    	5.078400e-03	37   
100000   	3    	5.212400e-03	43   

Número de nós em cada nível:
n_persons	index	time        	lvl0  	lvl1  	lvl2  	lvl3  	lvl4  	lvl5  	lvl6  	lvl7  	lvl8  	lvl9  	lvl10 	lvl11 	lvl12 	lvl13 	lvl14 	lvl15 	lvl16 	lvl17 	lvl18 	lvl19 	lvl20 	lvl21 	lvl22 	lvl23 	lvl24 	lvl25 	lvl26 	lvl27 	lvl28 	lvl29 	lvl30 	lvl31 	lvl32 	lvl33 	lvl34 	lvl35 	lvl36 	lvl37 	lvl38 	lvl39 	lvl40 	lvl41 	lvl42 	lvl43 
100000   	0    	4.340900e-03	1     	2     	4     	8     	16    	32    	62    	112   	197   	343   	589   	952   	1498  	2241  	3202  	4401  	5591  	6799  	7969  	8777  	9130  	8989  	8545  	7497  	6330  	4972  	3845  	2633  	1877  	1254  	798   	498   	327   	207   	132   	80    	44    	29    	10    	6     	1     	nan   	nan   	nan   
100000   	1    	4.060000e-03	1     	2     	4     	8     	16    	30    	59    	111   	210   	360   	595   	937   	1384  	1988  	2767  	3707  	4800  	6083  	7159  	8081  	8780  	8818  	8487  	7854  	6734  	5693  	4461  	3369  	2435  	1686  	1201  	845   	553   	369   	216   	107   	49    	21    	11    	6     	2     	1     	nan   	nan   
100000   	2    	4.391000e-03	1     	2     	4     	8     	16    	30    	59    	114   	206   	361   	604   	992   	1554  	2339  	3326  	4441  	5689  	6877  	7971  	8730  	9061  	9059  	8478  	7454  	6283  	4990  	3700  	2649  	1868  	1206  	811   	518   	285   	165   	83    	44    	17    	5     	nan   	nan   	nan   	nan   	nan   	nan   
100000   	3    	4.350500e-03	1     	2     	4     	8     	16    	31    	56    	97    	175   	290   	474   	773   	1251  	1938  	2884  	4101  	5304  	6557  	7590  	8194  	8503  	8289  	7712  	6930  	6164  	5267  	4281  	3424  	2658  	2056  	1585  	1144  	816   	559   	360   	224   	137   	71    	32    	13    	11    	9     	6     	3     

