Criação das árvores ordenadas:
n_persons	index	time        
100000   	0    	5.545370e-02
100000   	1    	7.107210e-02
100000   	2    	6.686530e-02
100000   	3    	4.720990e-02

Procura de nós nas árvores:
n_persons	index	time        
100000   	0    	7.242860e-02
100000   	1    	6.390860e-02
100000   	2    	5.666990e-02
100000   	3    	5.522610e-02

Maior profundidade das árvores:
n_persons	index	time        	depth
100000   	0    	4.583800e-03	47   
100000   	1    	5.115300e-03	39   
100000   	2    	6.335800e-03	40   
100000   	3    	6.116600e-03	40   

Número de nós em cada nível:
n_persons	index	time        	lvl0  	lvl1  	lvl2  	lvl3  	lvl4  	lvl5  	lvl6  	lvl7  	lvl8  	lvl9  	lvl10 	lvl11 	lvl12 	lvl13 	lvl14 	lvl15 	lvl16 	lvl17 	lvl18 	lvl19 	lvl20 	lvl21 	lvl22 	lvl23 	lvl24 	lvl25 	lvl26 	lvl27 	lvl28 	lvl29 	lvl30 	lvl31 	lvl32 	lvl33 	lvl34 	lvl35 	lvl36 	lvl37 	lvl38 	lvl39 	lvl40 	lvl41 	lvl42 	lvl43 	lvl44 	lvl45 	lvl46 	lvl47 
100000   	0    	4.589100e-03	1     	2     	4     	8     	16    	29    	55    	99    	169   	283   	447   	648   	935   	1366  	1912  	2558  	3307  	4159  	5052  	5832  	6529  	7119  	7367  	7293  	6926  	6200  	5318  	4495  	3900  	3388  	2885  	2480  	2069  	1776  	1409  	1076  	859   	655   	486   	351   	237   	154   	81    	40    	17    	5     	2     	1     
100000   	1    	4.036800e-03	1     	2     	4     	8     	16    	32    	62    	118   	226   	418   	732   	1207  	1929  	2863  	3899  	5075  	6188  	7275  	7994  	8343  	8372  	8158  	7630  	6800  	5775  	4654  	3707  	2799  	2034  	1388  	904   	562   	347   	216   	147   	66    	31    	14    	3     	1     	nan   	nan   	nan   	nan   	nan   	nan   	nan   	nan   
100000   	2    	4.321800e-03	1     	2     	4     	8     	16    	30    	56    	96    	178   	314   	562   	942   	1494  	2209  	3136  	4190  	5208  	6311  	7238  	7958  	8273  	8088  	7788  	7216  	6466  	5511  	4501  	3524  	2662  	1959  	1471  	970   	627   	443   	245   	156   	88    	38    	14    	5     	2     	nan   	nan   	nan   	nan   	nan   	nan   	nan   
100000   	3    	6.776200e-03	1     	2     	4     	8     	16    	32    	64    	128   	247   	454   	787   	1290  	2043  	3015  	4043  	5048  	6139  	6973  	7519  	7752  	7759  	7416  	6917  	6284  	5562  	4832  	3925  	3100  	2409  	1844  	1458  	1031  	727   	489   	311   	165   	103   	57    	33    	11    	2     	nan   	nan   	nan   	nan   	nan   	nan   	nan   

