Criação das árvores ordenadas:
n_persons	index	time        
100000   	0    	5.127050e-02
100000   	1    	6.041520e-02
100000   	2    	5.551110e-02
100000   	3    	4.559370e-02

Procura de nós nas árvores:
n_persons	index	time        
100000   	0    	5.335720e-02
100000   	1    	6.882950e-02
100000   	2    	6.016380e-02
100000   	3    	1.031163e-01

Maior profundidade das árvores:
n_persons	index	time        	depth
100000   	0    	5.261700e-03	39   
100000   	1    	5.463400e-03	37   
100000   	2    	7.462100e-03	40   
100000   	3    	5.642700e-03	37   

Número de nós em cada nível:
n_persons	index	time        	lvl0  	lvl1  	lvl2  	lvl3  	lvl4  	lvl5  	lvl6  	lvl7  	lvl8  	lvl9  	lvl10 	lvl11 	lvl12 	lvl13 	lvl14 	lvl15 	lvl16 	lvl17 	lvl18 	lvl19 	lvl20 	lvl21 	lvl22 	lvl23 	lvl24 	lvl25 	lvl26 	lvl27 	lvl28 	lvl29 	lvl30 	lvl31 	lvl32 	lvl33 	lvl34 	lvl35 	lvl36 	lvl37 	lvl38 	lvl39 	lvl40 
100000   	0    	4.568100e-03	1     	2     	4     	8     	16    	32    	62    	121   	231   	409   	712   	1173  	1838  	2718  	3795  	5055  	6368  	7672  	8559  	9029  	9128  	8717  	7941  	6790  	5643  	4396  	3298  	2340  	1585  	999   	616   	357   	204   	107   	40    	18    	8     	5     	2     	1     	nan   
100000   	1    	5.618900e-03	1     	2     	4     	8     	16    	32    	64    	128   	243   	459   	837   	1431  	2349  	3541  	4990  	6629  	8204  	9267  	9763  	9670  	9093  	8148  	6814  	5402  	4216  	3192  	2189  	1408  	816   	516   	281   	146   	75    	45    	12    	5     	3     	1     	nan   	nan   	nan   
100000   	2    	5.105800e-03	1     	2     	4     	8     	16    	32    	64    	127   	239   	431   	737   	1173  	1804  	2655  	3617  	4718  	5852  	6774  	7551  	8100  	8319  	8008  	7486  	6768  	5772  	4819  	3964  	3139  	2419  	1831  	1327  	883   	571   	355   	219   	118   	57    	28    	7     	4     	1     
100000   	3    	5.219000e-03	1     	2     	4     	8     	16    	32    	62    	118   	228   	428   	776   	1334  	2072  	3121  	4250  	5561  	6787  	7911  	8779  	9148  	9113  	8672  	7779  	6526  	5236  	3942  	2801  	1899  	1364  	867   	526   	323   	164   	72    	48    	18    	10    	2     	nan   	nan   	nan   

