Criação das árvores ordenadas:
n_persons	index	time        
100000   	0    	5.533590e-02
100000   	1    	6.495850e-02
100000   	2    	1.222637e-01
100000   	3    	7.066690e-02

Procura de nós nas árvores:
n_persons	index	time        
100000   	0    	6.254310e-02
100000   	1    	7.742230e-02
100000   	2    	6.132180e-02
100000   	3    	5.442050e-02

Maior profundidade das árvores:
n_persons	index	time        	depth
100000   	0    	4.499000e-03	43   
100000   	1    	4.477900e-03	40   
100000   	2    	5.160200e-03	39   
100000   	3    	5.007300e-03	41   

Número de nós em cada nível:
n_persons	index	time        	lvl0  	lvl1  	lvl2  	lvl3  	lvl4  	lvl5  	lvl6  	lvl7  	lvl8  	lvl9  	lvl10 	lvl11 	lvl12 	lvl13 	lvl14 	lvl15 	lvl16 	lvl17 	lvl18 	lvl19 	lvl20 	lvl21 	lvl22 	lvl23 	lvl24 	lvl25 	lvl26 	lvl27 	lvl28 	lvl29 	lvl30 	lvl31 	lvl32 	lvl33 	lvl34 	lvl35 	lvl36 	lvl37 	lvl38 	lvl39 	lvl40 	lvl41 	lvl42 	lvl43 
100000   	0    	4.050300e-03	1     	2     	4     	8     	16    	32    	62    	118   	222   	395   	643   	1047  	1576  	2277  	3123  	4081  	5058  	5924  	6722  	7233  	7450  	7447  	7231  	6777  	6218  	5576  	4871  	4123  	3317  	2527  	1935  	1456  	1007  	675   	384   	203   	128   	66    	29    	13    	9     	9     	3     	2     
100000   	1    	4.038900e-03	1     	2     	4     	8     	16    	32    	61    	108   	202   	359   	616   	1053  	1693  	2564  	3627  	4843  	6015  	7054  	7880  	8274  	8378  	8098  	7448  	6696  	5681  	4762  	3847  	3024  	2430  	1845  	1309  	895   	580   	323   	156   	64    	29    	13    	6     	3     	1     	nan   	nan   	nan   
100000   	2    	5.752700e-03	1     	2     	4     	8     	16    	32    	64    	125   	226   	396   	651   	1059  	1646  	2325  	3180  	4150  	5233  	6300  	7132  	8010  	8404  	8545  	8323  	7545  	6457  	5485  	4391  	3310  	2401  	1650  	1083  	703   	471   	287   	181   	99    	59    	35    	7     	4     	nan   	nan   	nan   	nan   
100000   	3    	4.551200e-03	1     	2     	4     	8     	16    	32    	62    	120   	235   	444   	805   	1373  	2176  	3229  	4448  	5726  	6901  	7808  	8311  	8577  	8377  	7852  	7118  	6086  	4906  	3972  	3136  	2414  	1810  	1336  	989   	707   	473   	284   	145   	63    	27    	14    	7     	4     	1     	1     	nan   	nan   

