Criação das árvores ordenadas:
n_persons	index	time        
100000   	0    	5.159750e-02
100000   	1    	6.152790e-02
100000   	2    	5.435570e-02
100000   	3    	4.549660e-02

Procura de nós nas árvores:
n_persons	index	time        
100000   	0    	5.934850e-02
100000   	1    	6.864760e-02
100000   	2    	5.941630e-02
100000   	3    	5.394130e-02

Maior profundidade das árvores:
n_persons	index	time        	depth
100000   	0    	4.311800e-03	39   
100000   	1    	4.197500e-03	37   
100000   	2    	5.453000e-03	40   
100000   	3    	4.848000e-03	37   

Número de nós em cada nível:
n_persons	index	time        	lvl0  	lvl1  	lvl2  	lvl3  	lvl4  	lvl5  	lvl6  	lvl7  	lvl8  	lvl9  	lvl10 	lvl11 	lvl12 	lvl13 	lvl14 	lvl15 	lvl16 	lvl17 	lvl18 	lvl19 	lvl20 	lvl21 	lvl22 	lvl23 	lvl24 	lvl25 	lvl26 	lvl27 	lvl28 	lvl29 	lvl30 	lvl31 	lvl32 	lvl33 	lvl34 	lvl35 	lvl36 	lvl37 	lvl38 	lvl39 	lvl40 
100000   	0    	3.919700e-03	1     	2     	4     	8     	16    	31    	62    	117   	215   	370   	616   	1013  	1581  	2363  	3341  	4469  	5625  	6608  	7368  	7840  	8070  	7978  	7787  	7215  	6368  	5378  	4465  	3384  	2488  	1807  	1267  	833   	567   	341   	198   	109   	55    	24    	12    	4     	nan   
100000   	1    	3.927100e-03	1     	2     	4     	8     	16    	32    	64    	124   	237   	450   	789   	1343  	2149  	3167  	4378  	5824  	7263  	8408  	9184  	9525  	9286  	8606  	7646  	6147  	4655  	3421  	2443  	1743  	1162  	754   	480   	293   	178   	109   	65    	30    	9     	5     	nan   	nan   	nan   
100000   	2    	4.617100e-03	1     	2     	4     	8     	16    	32    	64    	125   	236   	439   	790   	1355  	2208  	3257  	4584  	5985  	7248  	8208  	8743  	8925  	8602  	7908  	6852  	5895  	4885  	3929  	2989  	2165  	1524  	1045  	714   	495   	315   	203   	117   	77    	29    	12    	8     	4     	2     
100000   	3    	4.408400e-03	1     	2     	4     	8     	16    	32    	64    	123   	235   	414   	731   	1214  	1916  	2906  	4096  	5335  	6584  	7611  	8406  	8774  	8835  	8452  	7802  	6819  	5579  	4405  	3313  	2382  	1595  	1019  	641   	351   	168   	92    	43    	21    	10    	1     	nan   	nan   	nan   

