Criação das árvores ordenadas:
n_persons	index	time        
100000   	0    	1.037176e-01
100000   	1    	8.042570e-02
100000   	2    	6.093770e-02
100000   	3    	7.143780e-02

Procura de nós nas árvores:
n_persons	index	time        
100000   	0    	8.649900e-02
100000   	1    	9.481350e-02
100000   	2    	7.286370e-02
100000   	3    	6.863310e-02

Maior profundidade das árvores:
n_persons	index	time        	depth
100000   	0    	5.499800e-03	39   
100000   	1    	5.599100e-03	40   
100000   	2    	5.913900e-03	39   
100000   	3    	5.922400e-03	43   

Número de nós em cada nível:
n_persons	index	time        	lvl0  	lvl1  	lvl2  	lvl3  	lvl4  	lvl5  	lvl6  	lvl7  	lvl8  	lvl9  	lvl10 	lvl11 	lvl12 	lvl13 	lvl14 	lvl15 	lvl16 	lvl17 	lvl18 	lvl19 	lvl20 	lvl21 	lvl22 	lvl23 	lvl24 	lvl25 	lvl26 	lvl27 	lvl28 	lvl29 	lvl30 	lvl31 	lvl32 	lvl33 	lvl34 	lvl35 	lvl36 	lvl37 	lvl38 	lvl39 	lvl40 	lvl41 	lvl42 	lvl43 
100000   	0    	4.718100e-03	1     	2     	4     	8     	16    	32    	62    	119   	230   	427   	726   	1172  	1768  	2554  	3552  	4630  	5787  	6932  	7846  	8409  	8548  	8222  	7698  	6946  	5858  	4754  	3649  	2875  	2163  	1614  	1204  	821   	557   	354   	216   	130   	64    	34    	12    	4     	nan   	nan   	nan   	nan   
100000   	1    	4.718900e-03	1     	2     	4     	8     	16    	32    	63    	118   	214   	387   	676   	1107  	1748  	2651  	3753  	4980  	6120  	7153  	7975  	8508  	8548  	8180  	7624  	6676  	5789  	4765  	3741  	2862  	2141  	1518  	1013  	660   	375   	241   	154   	88    	49    	35    	16    	7     	2     	nan   	nan   	nan   
100000   	2    	5.383800e-03	1     	2     	4     	8     	16    	32    	64    	125   	239   	434   	768   	1286  	2023  	2948  	4056  	5345  	6608  	7746  	8506  	8873  	8757  	8245  	7530  	6595  	5454  	4238  	3233  	2314  	1593  	1099  	755   	474   	289   	164   	88    	48    	22    	10    	7     	1     	nan   	nan   	nan   	nan   
100000   	3    	5.849700e-03	1     	2     	4     	8     	15    	30    	60    	117   	216   	395   	691   	1115  	1749  	2602  	3650  	4916  	6057  	7255  	8182  	8755  	8933  	8576  	7764  	6788  	5701  	4479  	3412  	2584  	1839  	1287  	891   	645   	462   	323   	200   	118   	72    	41    	22    	20    	13    	7     	2     	1     

