Criação das árvores ordenadas:
n_persons	index	time        
100000   	0    	5.156530e-02
100000   	1    	6.583300e-02
100000   	2    	5.571870e-02
100000   	3    	5.201570e-02

Procura de nós nas árvores:
n_persons	index	time        
100000   	0    	5.168540e-02
100000   	1    	5.906680e-02
100000   	2    	5.688540e-02
100000   	3    	4.882710e-02

Maior profundidade das árvores:
n_persons	index	time        	depth
100000   	0    	4.451600e-03	42   
100000   	1    	4.642000e-03	38   
100000   	2    	5.057900e-03	40   
100000   	3    	5.120000e-03	39   

Número de nós em cada nível:
n_persons	index	time        	lvl0  	lvl1  	lvl2  	lvl3  	lvl4  	lvl5  	lvl6  	lvl7  	lvl8  	lvl9  	lvl10 	lvl11 	lvl12 	lvl13 	lvl14 	lvl15 	lvl16 	lvl17 	lvl18 	lvl19 	lvl20 	lvl21 	lvl22 	lvl23 	lvl24 	lvl25 	lvl26 	lvl27 	lvl28 	lvl29 	lvl30 	lvl31 	lvl32 	lvl33 	lvl34 	lvl35 	lvl36 	lvl37 	lvl38 	lvl39 	lvl40 	lvl41 	lvl42 
100000   	0    	3.930000e-03	1     	2     	4     	8     	16    	32    	64    	121   	224   	389   	672   	1119  	1661  	2494  	3446  	4571  	5671  	6625  	7425  	7979  	8074  	7949  	7531  	6670  	5821  	5050  	4131  	3252  	2559  	1936  	1405  	1036  	742   	524   	345   	208   	110   	56    	34    	19    	14    	8     	2     
100000   	1    	4.503200e-03	1     	2     	4     	8     	16    	32    	61    	119   	222   	393   	679   	1095  	1721  	2568  	3661  	5002  	6307  	7594  	8423  	8991  	9103  	8686  	8065  	7073  	5833  	4554  	3244  	2301  	1626  	1087  	677   	420   	216   	113   	56    	27    	14    	5     	1     	nan   	nan   	nan   	nan   
100000   	2    	4.610500e-03	1     	2     	4     	8     	16    	32    	59    	105   	175   	293   	495   	840   	1345  	2121  	3132  	4303  	5610  	6948  	8128  	8788  	8970  	8765  	8085  	7190  	6076  	5020  	3909  	2992  	2150  	1523  	1073  	737   	472   	273   	174   	103   	38    	24    	12    	8     	1     	nan   	nan   
100000   	3    	4.834300e-03	1     	2     	4     	8     	16    	32    	64    	121   	219   	398   	671   	1089  	1707  	2533  	3611  	4868  	6201  	7465  	8547  	9248  	9310  	8832  	7905  	6827  	5475  	4252  	3139  	2287  	1687  	1205  	839   	567   	344   	222   	161   	89    	38    	10    	5     	1     	nan   	nan   	nan   

