Criação das árvores ordenadas:
n_persons	index	time        
100000   	0    	5.327060e-02
100000   	1    	6.339850e-02
100000   	2    	5.359440e-02
100000   	3    	4.641580e-02

Procura de nós nas árvores:
n_persons	index	time        
100000   	0    	5.386590e-02
100000   	1    	6.502870e-02
100000   	2    	5.636440e-02
100000   	3    	4.955300e-02

Maior profundidade das árvores:
n_persons	index	time        	depth
100000   	0    	4.365100e-03	40   
100000   	1    	4.636400e-03	38   
100000   	2    	5.033200e-03	35   
100000   	3    	4.859200e-03	43   

Número de nós em cada nível:
n_persons	index	time        	lvl0  	lvl1  	lvl2  	lvl3  	lvl4  	lvl5  	lvl6  	lvl7  	lvl8  	lvl9  	lvl10 	lvl11 	lvl12 	lvl13 	lvl14 	lvl15 	lvl16 	lvl17 	lvl18 	lvl19 	lvl20 	lvl21 	lvl22 	lvl23 	lvl24 	lvl25 	lvl26 	lvl27 	lvl28 	lvl29 	lvl30 	lvl31 	lvl32 	lvl33 	lvl34 	lvl35 	lvl36 	lvl37 	lvl38 	lvl39 	lvl40 	lvl41 	lvl42 	lvl43 
100000   	0    	4.040600e-03	1     	2     	4     	8     	16    	31    	57    	97    	181   	320   	544   	878   	1376  	2067  	2949  	4112  	5384  	6484  	7528  	8183  	8483  	8499  	8158  	7488  	6651  	5476  	4364  	3353  	2505  	1761  	1170  	718   	509   	277   	168   	107   	54    	21    	9     	6     	1     	nan   	nan   	nan   
100000   	1    	4.175900e-03	1     	2     	4     	8     	16    	32    	64    	125   	240   	451   	815   	1380  	2175  	3221  	4499  	5803  	7100  	8186  	8838  	8995  	8597  	8015  	7094  	6114  	5037  	4090  	3106  	2214  	1482  	970   	588   	344   	188   	108   	60    	24    	7     	3     	4     	nan   	nan   	nan   	nan   	nan   
100000   	2    	4.431000e-03	1     	2     	4     	8     	16    	32    	63    	124   	243   	449   	772   	1308  	2084  	3095  	4301  	5604  	6981  	8329  	9085  	9431  	9470  	8769  	7708  	6476  	5108  	3764  	2669  	1714  	1048  	646   	374   	195   	84    	28    	11    	4     	nan   	nan   	nan   	nan   	nan   	nan   	nan   	nan   
100000   	3    	4.572800e-03	1     	2     	4     	8     	16    	32    	63    	120   	233   	436   	768   	1309  	2090  	3050  	4206  	5515  	6829  	7919  	8679  	9081  	8817  	8249  	7265  	6085  	4904  	3855  	2978  	2323  	1724  	1241  	846   	548   	344   	206   	123   	64    	33    	17    	7     	2     	2     	3     	2     	1     

