Criação das árvores ordenadas:
n_persons	index	time        
100000   	0    	6.225460e-02
100000   	1    	8.502960e-02
100000   	2    	5.460200e-02
100000   	3    	4.674760e-02

Procura de nós nas árvores:
n_persons	index	time        
100000   	0    	5.451480e-02
100000   	1    	6.322440e-02
100000   	2    	6.192160e-02
100000   	3    	4.921290e-02

Maior profundidade das árvores:
n_persons	index	time        	depth
100000   	0    	4.275100e-03	46   
100000   	1    	4.179500e-03	40   
100000   	2    	4.733300e-03	41   
100000   	3    	5.106600e-03	40   

Número de nós em cada nível:
n_persons	index	time        	lvl0  	lvl1  	lvl2  	lvl3  	lvl4  	lvl5  	lvl6  	lvl7  	lvl8  	lvl9  	lvl10 	lvl11 	lvl12 	lvl13 	lvl14 	lvl15 	lvl16 	lvl17 	lvl18 	lvl19 	lvl20 	lvl21 	lvl22 	lvl23 	lvl24 	lvl25 	lvl26 	lvl27 	lvl28 	lvl29 	lvl30 	lvl31 	lvl32 	lvl33 	lvl34 	lvl35 	lvl36 	lvl37 	lvl38 	lvl39 	lvl40 	lvl41 	lvl42 	lvl43 	lvl44 	lvl45 	lvl46 
100000   	0    	3.877800e-03	1     	2     	4     	8     	16    	32    	64    	128   	247   	455   	784   	1298  	1985  	2806  	3801  	4918  	5906  	6857  	7598  	7955  	7969  	7714  	7168  	6403  	5499  	4660  	3877  	3186  	2459  	1897  	1423  	1012  	663   	423   	265   	185   	125   	77    	42    	28    	21    	13    	8     	12    	4     	1     	1     
100000   	1    	3.760000e-03	1     	2     	4     	8     	16    	31    	62    	117   	215   	385   	654   	1068  	1608  	2329  	3179  	4127  	5133  	6152  	7168  	7981  	8474  	8474  	8065  	7490  	6616  	5485  	4353  	3392  	2519  	1760  	1151  	738   	499   	312   	202   	120   	63    	29    	10    	6     	2     	nan   	nan   	nan   	nan   	nan   	nan   
100000   	2    	4.183300e-03	1     	2     	4     	8     	16    	32    	59    	107   	185   	312   	514   	833   	1296  	1993  	2936  	4151  	5491  	6882  	8033  	8826  	9092  	8939  	8418  	7540  	6334  	5171  	3916  	2872  	2132  	1454  	963   	604   	355   	234   	134   	82    	40    	19    	8     	6     	5     	1     	nan   	nan   	nan   	nan   	nan   
100000   	3    	5.455200e-03	1     	2     	4     	8     	16    	32    	63    	114   	200   	341   	571   	934   	1480  	2163  	3134  	4385  	5692  	7004  	8182  	8975  	9293  	9168  	8415  	7353  	6105  	4799  	3622  	2641  	1929  	1343  	880   	505   	306   	173   	84    	39    	17    	11    	6     	6     	4     	nan   	nan   	nan   	nan   	nan   	nan   

