Criação das árvores ordenadas:
n_persons	index	time        
100000   	0    	8.361320e-02
100000   	1    	9.444930e-02
100000   	2    	7.400490e-02
100000   	3    	5.496570e-02

Procura de nós nas árvores:
n_persons	index	time        
100000   	0    	6.678230e-02
100000   	1    	9.131680e-02
100000   	2    	6.740440e-02
100000   	3    	6.236740e-02

Maior profundidade das árvores:
n_persons	index	time        	depth
100000   	0    	4.902000e-03	41   
100000   	1    	5.262100e-03	38   
100000   	2    	6.290100e-03	41   
100000   	3    	5.636200e-03	39   

Número de nós em cada nível:
n_persons	index	time        	lvl0  	lvl1  	lvl2  	lvl3  	lvl4  	lvl5  	lvl6  	lvl7  	lvl8  	lvl9  	lvl10 	lvl11 	lvl12 	lvl13 	lvl14 	lvl15 	lvl16 	lvl17 	lvl18 	lvl19 	lvl20 	lvl21 	lvl22 	lvl23 	lvl24 	lvl25 	lvl26 	lvl27 	lvl28 	lvl29 	lvl30 	lvl31 	lvl32 	lvl33 	lvl34 	lvl35 	lvl36 	lvl37 	lvl38 	lvl39 	lvl40 	lvl41 
100000   	0    	4.355100e-03	1     	2     	4     	8     	16    	32    	64    	128   	242   	450   	773   	1251  	1900  	2732  	3715  	4720  	5772  	6711  	7547  	7961  	8002  	7599  	7140  	6502  	5559  	4761  	3955  	3189  	2616  	2032  	1521  	1124  	757   	485   	304   	195   	107   	67    	30    	18    	6     	2     
100000   	1    	4.989100e-03	1     	2     	4     	8     	16    	32    	62    	119   	221   	396   	695   	1143  	1804  	2754  	3936  	5341  	6774  	7903  	8725  	9273  	9141  	8559  	7494  	6447  	5322  	4250  	3232  	2287  	1549  	1012  	673   	388   	232   	108   	53    	21    	11    	8     	4     	nan   	nan   	nan   
100000   	2    	5.487700e-03	1     	2     	4     	8     	16    	32    	59    	114   	215   	397   	685   	1081  	1642  	2297  	3087  	3963  	4907  	5921  	6852  	7677  	8172  	8438  	8198  	7732  	6874  	5716  	4699  	3537  	2603  	1775  	1236  	802   	520   	318   	201   	100   	64    	27    	17    	8     	2     	1     
100000   	3    	5.348100e-03	1     	2     	4     	8     	16    	32    	64    	125   	236   	414   	679   	1096  	1657  	2393  	3251  	4246  	5264  	6064  	6822  	7466  	7713  	7676  	7430  	6906  	6373  	5539  	4742  	3892  	3109  	2334  	1714  	1163  	735   	433   	234   	111   	39    	11    	4     	2     	nan   	nan   

