Criação das árvores ordenadas:
n_persons	index	time        
100000   	0    	1.143871e-01
100000   	1    	8.846150e-02
100000   	2    	5.930450e-02
100000   	3    	5.149990e-02

Procura de nós nas árvores:
n_persons	index	time        
100000   	0    	5.668400e-02
100000   	1    	6.285140e-02
100000   	2    	6.252550e-02
100000   	3    	5.215870e-02

Maior profundidade das árvores:
n_persons	index	time        	depth
100000   	0    	4.693200e-03	37   
100000   	1    	4.503700e-03	39   
100000   	2    	4.843300e-03	37   
100000   	3    	5.086200e-03	41   

Número de nós em cada nível:
n_persons	index	time        	lvl0  	lvl1  	lvl2  	lvl3  	lvl4  	lvl5  	lvl6  	lvl7  	lvl8  	lvl9  	lvl10 	lvl11 	lvl12 	lvl13 	lvl14 	lvl15 	lvl16 	lvl17 	lvl18 	lvl19 	lvl20 	lvl21 	lvl22 	lvl23 	lvl24 	lvl25 	lvl26 	lvl27 	lvl28 	lvl29 	lvl30 	lvl31 	lvl32 	lvl33 	lvl34 	lvl35 	lvl36 	lvl37 	lvl38 	lvl39 	lvl40 	lvl41 
100000   	0    	4.002000e-03	1     	2     	4     	8     	16    	32    	64    	124   	242   	453   	803   	1344  	2103  	3150  	4471  	5956  	7415  	8700  	9371  	9721  	9238  	8576  	7355  	6084  	4810  	3555  	2493  	1626  	1025  	556   	332   	198   	83    	46    	25    	10    	6     	2     	nan   	nan   	nan   	nan   
100000   	1    	3.947400e-03	1     	2     	4     	8     	16    	32    	64    	125   	234   	423   	731   	1172  	1882  	2790  	3945  	5195  	6446  	7641  	8541  	8969  	9148  	8802  	7986  	6859  	5602  	4307  	3095  	2133  	1411  	896   	599   	353   	243   	154   	92    	50    	26    	13    	8     	2     	nan   	nan   
100000   	2    	4.595500e-03	1     	2     	4     	8     	16    	32    	61    	111   	211   	373   	628   	998   	1599  	2406  	3375  	4497  	5749  	6935  	8152  	9034  	9312  	9148  	8490  	7391  	6256  	4952  	3658  	2566  	1735  	1041  	605   	343   	166   	85    	41    	16    	2     	1     	nan   	nan   	nan   	nan   
100000   	3    	4.463100e-03	1     	2     	4     	8     	16    	32    	63    	123   	229   	414   	698   	1132  	1770  	2629  	3765  	5098  	6471  	7715  	8709  	9191  	9159  	8812  	7992  	6958  	5594  	4318  	3163  	2280  	1532  	959   	551   	308   	159   	72    	34    	16    	11    	4     	3     	2     	2     	1     

