Criação das árvores ordenadas:
n_persons	index	time        
100000   	0    	5.782070e-02
100000   	1    	6.356910e-02
100000   	2    	5.581380e-02
100000   	3    	4.879190e-02

Procura de nós nas árvores:
n_persons	index	time        
100000   	0    	5.488640e-02
100000   	1    	6.915800e-02
100000   	2    	6.111210e-02
100000   	3    	5.240520e-02

Maior profundidade das árvores:
n_persons	index	time        	depth
100000   	0    	4.656900e-03	41   
100000   	1    	4.415600e-03	40   
100000   	2    	4.960500e-03	40   
100000   	3    	5.477600e-03	41   

Número de nós em cada nível:
n_persons	index	time        	lvl0  	lvl1  	lvl2  	lvl3  	lvl4  	lvl5  	lvl6  	lvl7  	lvl8  	lvl9  	lvl10 	lvl11 	lvl12 	lvl13 	lvl14 	lvl15 	lvl16 	lvl17 	lvl18 	lvl19 	lvl20 	lvl21 	lvl22 	lvl23 	lvl24 	lvl25 	lvl26 	lvl27 	lvl28 	lvl29 	lvl30 	lvl31 	lvl32 	lvl33 	lvl34 	lvl35 	lvl36 	lvl37 	lvl38 	lvl39 	lvl40 	lvl41 
100000   	0    	4.121300e-03	1     	2     	4     	8     	16    	32    	64    	127   	232   	414   	688   	1132  	1717  	2528  	3601  	4823  	6122  	7420  	8436  	8987  	9145  	8662  	7856  	6903  	5626  	4466  	3387  	2463  	1734  	1178  	776   	542   	348   	212   	128   	93    	51    	36    	20    	13    	5     	2     
100000   	1    	3.844000e-03	1     	2     	4     	8     	16    	32    	63    	120   	233   	437   	783   	1351  	2156  	3210  	4475  	5830  	7123  	8230  	9031  	9213  	8934  	8274  	7162  	5968  	4790  	3636  	2754  	1999  	1422  	971   	641   	394   	267   	169   	107   	80    	50    	34    	21    	8     	1     	nan   
100000   	2    	4.802800e-03	1     	2     	4     	8     	16    	32    	64    	127   	247   	460   	791   	1293  	2017  	2915  	4004  	5243  	6464  	7397  	8142  	8435  	8500  	7933  	7196  	6403  	5507  	4446  	3545  	2692  	1986  	1401  	961   	649   	435   	261   	172   	117   	74    	36    	17    	5     	2     	nan   
100000   	3    	5.825300e-03	1     	2     	4     	8     	16    	32    	64    	122   	227   	398   	676   	1111  	1764  	2638  	3723  	5010  	6236  	7398  	8187  	8680  	8827  	8453  	7519  	6542  	5421  	4291  	3375  	2541  	1890  	1404  	1065  	770   	572   	416   	271   	156   	93    	45    	28    	14    	8     	2     

