Criação das árvores ordenadas:
n_persons	index	time        
100000   	0    	5.941870e-02
100000   	1    	7.136420e-02
100000   	2    	5.923430e-02
100000   	3    	4.988680e-02

Procura de nós nas árvores:
n_persons	index	time        
100000   	0    	5.287440e-02
100000   	1    	5.975400e-02
100000   	2    	5.618540e-02
100000   	3    	4.878070e-02

Maior profundidade das árvores:
n_persons	index	time        	depth
100000   	0    	4.380100e-03	40   
100000   	1    	5.014300e-03	40   
100000   	2    	4.939600e-03	41   
100000   	3    	5.129600e-03	43   

Número de nós em cada nível:
n_persons	index	time        	lvl0  	lvl1  	lvl2  	lvl3  	lvl4  	lvl5  	lvl6  	lvl7  	lvl8  	lvl9  	lvl10 	lvl11 	lvl12 	lvl13 	lvl14 	lvl15 	lvl16 	lvl17 	lvl18 	lvl19 	lvl20 	lvl21 	lvl22 	lvl23 	lvl24 	lvl25 	lvl26 	lvl27 	lvl28 	lvl29 	lvl30 	lvl31 	lvl32 	lvl33 	lvl34 	lvl35 	lvl36 	lvl37 	lvl38 	lvl39 	lvl40 	lvl41 	lvl42 	lvl43 
100000   	0    	4.213700e-03	1     	2     	4     	8     	16    	32    	63    	120   	221   	394   	700   	1147  	1777  	2563  	3455  	4436  	5541  	6600  	7452  	8099  	8317  	8320  	7987  	7279  	6322  	5289  	4256  	3201  	2318  	1615  	1050  	624   	366   	208   	108   	59    	27    	12    	5     	5     	1     	nan   	nan   	nan   
100000   	1    	4.009200e-03	1     	2     	4     	8     	16    	32    	63    	119   	219   	375   	604   	975   	1508  	2258  	3221  	4350  	5672  	6907  	7953  	8707  	9128  	8913  	8305  	7422  	6289  	5102  	3828  	2743  	1871  	1254  	844   	550   	316   	186   	112   	69    	39    	17    	12    	5     	1     	nan   	nan   	nan   
100000   	2    	4.601800e-03	1     	2     	4     	8     	16    	32    	64    	125   	241   	447   	791   	1332  	2118  	3032  	4145  	5469  	6848  	8009  	8762  	9063  	8833  	8361  	7346  	6281  	5149  	4014  	3069  	2271  	1615  	1067  	633   	369   	198   	123   	70    	45    	26    	12    	3     	2     	2     	2     	nan   	nan   
100000   	3    	5.794600e-03	1     	2     	4     	8     	16    	32    	62    	117   	216   	359   	601   	998   	1538  	2269  	3116  	4149  	5218  	6327  	7302  	8000  	8403  	8432  	8117  	7469  	6546  	5417  	4307  	3265  	2438  	1680  	1192  	823   	584   	400   	252   	154   	86    	50    	22    	14    	7     	4     	2     	1     

