Criação das árvores ordenadas:
n_persons	index	time        
100000   	0    	8.082630e-02
100000   	1    	1.003230e-01
100000   	2    	9.273280e-02
100000   	3    	9.777140e-02

Procura de nós nas árvores:
n_persons	index	time        
100000   	0    	1.419752e-01
100000   	1    	9.738850e-02
100000   	2    	8.764340e-02
100000   	3    	7.868160e-02

Maior profundidade das árvores:
n_persons	index	time        	depth
100000   	0    	5.555800e-03	39   
100000   	1    	5.650400e-03	43   
100000   	2    	6.232600e-03	41   
100000   	3    	5.935900e-03	39   

Número de nós em cada nível:
n_persons	index	time        	lvl0  	lvl1  	lvl2  	lvl3  	lvl4  	lvl5  	lvl6  	lvl7  	lvl8  	lvl9  	lvl10 	lvl11 	lvl12 	lvl13 	lvl14 	lvl15 	lvl16 	lvl17 	lvl18 	lvl19 	lvl20 	lvl21 	lvl22 	lvl23 	lvl24 	lvl25 	lvl26 	lvl27 	lvl28 	lvl29 	lvl30 	lvl31 	lvl32 	lvl33 	lvl34 	lvl35 	lvl36 	lvl37 	lvl38 	lvl39 	lvl40 	lvl41 	lvl42 	lvl43 
100000   	0    	4.765900e-03	1     	2     	4     	8     	16    	32    	64    	120   	227   	406   	701   	1143  	1802  	2588  	3546  	4614  	5728  	6834  	7669  	8298  	8604  	8604  	8155  	7303  	6205  	4943  	3868  	2874  	2001  	1340  	906   	567   	335   	214   	133   	71    	41    	23    	6     	4     	nan   	nan   	nan   	nan   
100000   	1    	5.299600e-03	1     	2     	4     	8     	16    	32    	60    	108   	190   	325   	524   	825   	1269  	1861  	2599  	3439  	4295  	5216  	6133  	6988  	7614  	8005  	8196  	7991  	7372  	6603  	5554  	4436  	3353  	2356  	1604  	1121  	758   	435   	263   	183   	112   	56    	37    	20    	16    	10    	6     	4     
100000   	2    	4.803800e-03	1     	2     	4     	8     	16    	31    	61    	116   	209   	344   	558   	879   	1320  	1858  	2540  	3383  	4222  	5062  	5757  	6352  	6882  	7257  	7409  	7309  	7018  	6410  	5734  	4897  	4080  	3258  	2437  	1709  	1158  	734   	476   	247   	130   	73    	31    	15    	11    	2     	nan   	nan   
100000   	3    	4.536700e-03	1     	2     	4     	8     	16    	32    	63    	122   	229   	412   	709   	1153  	1755  	2521  	3435  	4504  	5572  	6630  	7517  	8257  	8607  	8640  	8253  	7560  	6438  	5311  	4129  	2936  	2014  	1354  	823   	465   	259   	139   	68    	29    	19    	10    	3     	1     	nan   	nan   	nan   	nan   

