Criação das árvores ordenadas:
n_persons	index	time        
100000   	0    	5.602620e-02
100000   	1    	6.802200e-02
100000   	2    	7.131710e-02
100000   	3    	5.017910e-02

Procura de nós nas árvores:
n_persons	index	time        
100000   	0    	5.254240e-02
100000   	1    	6.388510e-02
100000   	2    	6.128620e-02
100000   	3    	5.300780e-02

Maior profundidade das árvores:
n_persons	index	time        	depth
100000   	0    	4.342700e-03	39   
100000   	1    	4.410800e-03	39   
100000   	2    	4.952900e-03	42   
100000   	3    	4.946600e-03	44   

Número de nós em cada nível:
n_persons	index	time        	lvl0  	lvl1  	lvl2  	lvl3  	lvl4  	lvl5  	lvl6  	lvl7  	lvl8  	lvl9  	lvl10 	lvl11 	lvl12 	lvl13 	lvl14 	lvl15 	lvl16 	lvl17 	lvl18 	lvl19 	lvl20 	lvl21 	lvl22 	lvl23 	lvl24 	lvl25 	lvl26 	lvl27 	lvl28 	lvl29 	lvl30 	lvl31 	lvl32 	lvl33 	lvl34 	lvl35 	lvl36 	lvl37 	lvl38 	lvl39 	lvl40 	lvl41 	lvl42 	lvl43 	lvl44 
100000   	0    	3.838500e-03	1     	2     	4     	8     	16    	32    	58    	111   	201   	336   	568   	905   	1380  	2050  	2898  	3876  	5003  	6207  	7374  	8391  	8948  	9199  	8732  	7916  	6870  	5620  	4333  	3132  	2156  	1489  	974   	609   	329   	154   	72    	22    	12    	6     	5     	1     	nan   	nan   	nan   	nan   	nan   
100000   	1    	3.772300e-03	1     	2     	4     	8     	16    	32    	64    	119   	224   	400   	701   	1171  	1825  	2757  	3900  	5120  	6279  	7324  	8248  	8800  	8986  	8610  	7886  	6795  	5667  	4515  	3411  	2512  	1722  	1156  	761   	444   	260   	135   	70    	34    	20    	13    	7     	1     	nan   	nan   	nan   	nan   	nan   
100000   	2    	4.888900e-03	1     	2     	4     	8     	16    	32    	63    	121   	227   	415   	748   	1248  	1956  	2878  	3895  	5062  	6198  	7076  	7832  	8179  	8238  	8040  	7496  	6718  	5878  	4832  	3741  	2750  	1998  	1413  	982   	661   	462   	314   	200   	130   	87    	52    	26    	13    	5     	2     	1     	nan   	nan   
100000   	3    	4.375800e-03	1     	2     	4     	8     	16    	32    	58    	105   	181   	296   	473   	698   	1037  	1506  	2157  	2964  	3852  	4844  	5759  	6719  	7557  	8232  	8462  	8294  	7591  	6825  	5712  	4650  	3545  	2597  	1879  	1317  	890   	633   	456   	273   	168   	96    	57    	27    	16    	5     	3     	2     	1     

