Criação das árvores ordenadas:
n_persons	index	time        
100000   	0    	7.784390e-02
100000   	1    	6.631970e-02
100000   	2    	5.753310e-02
100000   	3    	7.701650e-02

Procura de nós nas árvores:
n_persons	index	time        
100000   	0    	8.879830e-02
100000   	1    	6.556790e-02
100000   	2    	5.722140e-02
100000   	3    	5.943270e-02

Maior profundidade das árvores:
n_persons	index	time        	depth
100000   	0    	5.178600e-03	39   
100000   	1    	5.097700e-03	41   
100000   	2    	5.961100e-03	40   
100000   	3    	5.512100e-03	37   

Número de nós em cada nível:
n_persons	index	time        	lvl0  	lvl1  	lvl2  	lvl3  	lvl4  	lvl5  	lvl6  	lvl7  	lvl8  	lvl9  	lvl10 	lvl11 	lvl12 	lvl13 	lvl14 	lvl15 	lvl16 	lvl17 	lvl18 	lvl19 	lvl20 	lvl21 	lvl22 	lvl23 	lvl24 	lvl25 	lvl26 	lvl27 	lvl28 	lvl29 	lvl30 	lvl31 	lvl32 	lvl33 	lvl34 	lvl35 	lvl36 	lvl37 	lvl38 	lvl39 	lvl40 	lvl41 
100000   	0    	4.496500e-03	1     	2     	4     	8     	16    	32    	64    	122   	230   	424   	734   	1161  	1751  	2601  	3572  	4735  	5897  	6942  	7737  	8340  	8695  	8592  	8039  	7159  	5973  	4839  	3820  	2852  	2115  	1404  	897   	568   	333   	179   	84    	38    	23    	10    	4     	3     	nan   	nan   
100000   	1    	4.874400e-03	1     	2     	4     	8     	16    	32    	64    	125   	226   	414   	738   	1221  	1876  	2683  	3604  	4583  	5560  	6525  	7268  	7759  	7892  	7853  	7460  	6928  	6205  	5368  	4354  	3413  	2547  	1830  	1281  	848   	555   	325   	186   	113   	65    	36    	18    	9     	4     	1     
100000   	2    	8.528900e-03	1     	2     	4     	8     	16    	32    	60    	116   	221   	407   	704   	1187  	1873  	2786  	3914  	5160  	6468  	7555  	8405  	8671  	8577  	8123  	7312  	6370  	5445  	4462  	3524  	2636  	1881  	1295  	892   	602   	451   	304   	229   	141   	83    	46    	22    	11    	4     	nan   
100000   	3    	5.653800e-03	1     	2     	4     	8     	16    	32    	64    	128   	241   	434   	758   	1227  	1915  	2749  	3881  	5255  	6679  	7836  	8850  	9397  	9432  	8922  	7899  	6725  	5341  	4074  	2953  	2010  	1284  	814   	507   	288   	163   	66    	25    	12    	7     	1     	nan   	nan   	nan   	nan   

