Criação das árvores ordenadas:
n_persons	index	time        
100000   	0    	5.244970e-02
100000   	1    	6.118050e-02
100000   	2    	5.362060e-02
100000   	3    	4.747610e-02

Procura de nós nas árvores:
n_persons	index	time        
100000   	0    	5.179520e-02
100000   	1    	6.135310e-02
100000   	2    	9.843850e-02
100000   	3    	7.841410e-02

Maior profundidade das árvores:
n_persons	index	time        	depth
100000   	0    	5.019900e-03	36   
100000   	1    	4.769300e-03	39   
100000   	2    	5.359400e-03	35   
100000   	3    	5.186200e-03	42   

Número de nós em cada nível:
n_persons	index	time        	lvl0  	lvl1  	lvl2  	lvl3  	lvl4  	lvl5  	lvl6  	lvl7  	lvl8  	lvl9  	lvl10 	lvl11 	lvl12 	lvl13 	lvl14 	lvl15 	lvl16 	lvl17 	lvl18 	lvl19 	lvl20 	lvl21 	lvl22 	lvl23 	lvl24 	lvl25 	lvl26 	lvl27 	lvl28 	lvl29 	lvl30 	lvl31 	lvl32 	lvl33 	lvl34 	lvl35 	lvl36 	lvl37 	lvl38 	lvl39 	lvl40 	lvl41 	lvl42 
100000   	0    	4.101900e-03	1     	2     	4     	8     	16    	32    	64    	128   	242   	441   	785   	1315  	2095  	3107  	4464  	5962  	7381  	8705  	9677  	10066 	9860  	8963  	7565  	5961  	4500  	3220  	2206  	1396  	880   	495   	252   	108   	54    	24    	11    	7     	3     	nan   	nan   	nan   	nan   	nan   	nan   
100000   	1    	4.124800e-03	1     	2     	4     	8     	16    	32    	64    	122   	234   	435   	750   	1215  	1860  	2677  	3735  	4923  	6155  	7227  	8142  	8581  	8630  	8303  	7677  	6860  	5700  	4559  	3531  	2651  	1946  	1393  	980   	644   	397   	244   	149   	82    	43    	19    	7     	2     	nan   	nan   	nan   
100000   	2    	4.365500e-03	1     	2     	4     	8     	16    	31    	61    	121   	222   	413   	726   	1184  	1829  	2746  	3845  	5239  	6703  	8005  	8991  	9511  	9500  	8971  	7928  	6553  	5307  	4044  	3001  	2077  	1311  	795   	429   	228   	128   	55    	13    	2     	nan   	nan   	nan   	nan   	nan   	nan   	nan   
100000   	3    	5.046600e-03	1     	2     	4     	8     	16    	32    	63    	122   	221   	387   	630   	983   	1450  	2054  	2820  	3651  	4610  	5605  	6643  	7564  	8214  	8658  	8565  	7945  	7027  	5993  	4828  	3733  	2715  	1904  	1310  	853   	559   	342   	221   	126   	63    	32    	17    	11    	12    	4     	2     

