Criação das árvores ordenadas:
n_persons	index	time        
100000   	0    	7.487840e-02
100000   	1    	8.570740e-02
100000   	2    	6.529410e-02
100000   	3    	5.780400e-02

Procura de nós nas árvores:
n_persons	index	time        
100000   	0    	7.250600e-02
100000   	1    	1.056273e-01
100000   	2    	1.375759e-01
100000   	3    	7.426000e-02

Maior profundidade das árvores:
n_persons	index	time        	depth
100000   	0    	4.442900e-03	38   
100000   	1    	5.421300e-03	39   
100000   	2    	5.161300e-03	41   
100000   	3    	5.026300e-03	41   

Número de nós em cada nível:
n_persons	index	time        	lvl0  	lvl1  	lvl2  	lvl3  	lvl4  	lvl5  	lvl6  	lvl7  	lvl8  	lvl9  	lvl10 	lvl11 	lvl12 	lvl13 	lvl14 	lvl15 	lvl16 	lvl17 	lvl18 	lvl19 	lvl20 	lvl21 	lvl22 	lvl23 	lvl24 	lvl25 	lvl26 	lvl27 	lvl28 	lvl29 	lvl30 	lvl31 	lvl32 	lvl33 	lvl34 	lvl35 	lvl36 	lvl37 	lvl38 	lvl39 	lvl40 	lvl41 
100000   	0    	4.301200e-03	1     	2     	4     	8     	16    	32    	64    	127   	244   	452   	776   	1281  	1965  	2864  	3907  	5058  	6173  	6932  	7425  	7632  	7480  	7133  	6664  	6141  	5536  	5040  	4312  	3626  	2920  	2194  	1575  	1037  	636   	360   	194   	104   	56    	23    	6     	nan   	nan   	nan   
100000   	1    	5.599900e-03	1     	2     	4     	8     	16    	32    	64    	121   	235   	427   	731   	1203  	1877  	2742  	3811  	4965  	6035  	7093  	7775  	8110  	8070  	7754  	7179  	6446  	5600  	4750  	3914  	3065  	2358  	1886  	1405  	952   	618   	348   	201   	104   	58    	28    	8     	4     	nan   	nan   
100000   	2    	4.737300e-03	1     	2     	4     	8     	16    	32    	64    	126   	240   	425   	737   	1211  	1894  	2830  	3907  	5229  	6654  	7952  	8983  	9723  	9671  	9094  	7921  	6538  	5134  	3790  	2685  	1860  	1195  	727   	481   	339   	222   	143   	82    	41    	18    	10    	4     	3     	2     	2     
100000   	3    	4.744200e-03	1     	2     	4     	8     	16    	32    	63    	122   	227   	403   	700   	1167  	1800  	2664  	3740  	5034  	6187  	7222  	7960  	8401  	8538  	8240  	7666  	6851  	5839  	4815  	3754  	2854  	2015  	1440  	957   	606   	340   	175   	86    	36    	16    	9     	5     	3     	1     	1     

