Criação das árvores ordenadas:
n_persons	index	time        
100000   	0    	5.199470e-02
100000   	1    	9.419870e-02
100000   	2    	9.032930e-02
100000   	3    	5.194740e-02

Procura de nós nas árvores:
n_persons	index	time        
100000   	0    	5.377050e-02
100000   	1    	6.139350e-02
100000   	2    	5.530260e-02
100000   	3    	4.811530e-02

Maior profundidade das árvores:
n_persons	index	time        	depth
100000   	0    	4.809500e-03	38   
100000   	1    	4.580900e-03	41   
100000   	2    	5.375400e-03	39   
100000   	3    	5.232300e-03	41   

Número de nós em cada nível:
n_persons	index	time        	lvl0  	lvl1  	lvl2  	lvl3  	lvl4  	lvl5  	lvl6  	lvl7  	lvl8  	lvl9  	lvl10 	lvl11 	lvl12 	lvl13 	lvl14 	lvl15 	lvl16 	lvl17 	lvl18 	lvl19 	lvl20 	lvl21 	lvl22 	lvl23 	lvl24 	lvl25 	lvl26 	lvl27 	lvl28 	lvl29 	lvl30 	lvl31 	lvl32 	lvl33 	lvl34 	lvl35 	lvl36 	lvl37 	lvl38 	lvl39 	lvl40 	lvl41 
100000   	0    	4.242300e-03	1     	2     	4     	8     	16    	32    	62    	115   	217   	389   	670   	1094  	1731  	2574  	3680  	4842  	6089  	7139  	8055  	8732  	8955  	8764  	8070  	7172  	5950  	4748  	3634  	2596  	1840  	1178  	722   	440   	243   	111   	58    	39    	17    	9     	2     	nan   	nan   	nan   
100000   	1    	4.318600e-03	1     	2     	4     	8     	16    	31    	60    	105   	190   	337   	587   	951   	1487  	2252  	3268  	4513  	5814  	7121  	8171  	8772  	9058  	8804  	8119  	7178  	6093  	4925  	3787  	2840  	1956  	1318  	855   	539   	351   	200   	122   	70    	37    	23    	19    	8     	5     	3     
100000   	2    	5.145100e-03	1     	2     	4     	8     	16    	31    	62    	123   	219   	388   	666   	1133  	1748  	2560  	3520  	4590  	5539  	6429  	7235  	7845  	8223  	8223  	7925  	7268  	6384  	5408  	4323  	3303  	2439  	1683  	1092  	664   	399   	236   	142   	84    	42    	27    	12    	4     	nan   	nan   
100000   	3    	4.976600e-03	1     	2     	4     	8     	16    	31    	60    	116   	207   	365   	622   	1010  	1538  	2284  	3145  	4153  	5204  	6214  	7133  	7893  	8349  	8458  	8202  	7591  	6801  	5701  	4544  	3290  	2378  	1605  	1087  	747   	509   	336   	190   	123   	52    	17    	6     	5     	2     	1     

