Criação das árvores ordenadas:
n_persons	index	time        
100000   	0    	5.059600e-02
100000   	1    	6.401540e-02
100000   	2    	6.681820e-02
100000   	3    	4.768590e-02

Procura de nós nas árvores:
n_persons	index	time        
100000   	0    	5.576400e-02
100000   	1    	7.004580e-02
100000   	2    	5.697900e-02
100000   	3    	5.200430e-02

Maior profundidade das árvores:
n_persons	index	time        	depth
100000   	0    	4.334300e-03	38   
100000   	1    	4.304900e-03	37   
100000   	2    	5.053100e-03	37   
100000   	3    	4.951400e-03	39   

Número de nós em cada nível:
n_persons	index	time        	lvl0  	lvl1  	lvl2  	lvl3  	lvl4  	lvl5  	lvl6  	lvl7  	lvl8  	lvl9  	lvl10 	lvl11 	lvl12 	lvl13 	lvl14 	lvl15 	lvl16 	lvl17 	lvl18 	lvl19 	lvl20 	lvl21 	lvl22 	lvl23 	lvl24 	lvl25 	lvl26 	lvl27 	lvl28 	lvl29 	lvl30 	lvl31 	lvl32 	lvl33 	lvl34 	lvl35 	lvl36 	lvl37 	lvl38 	lvl39 
100000   	0    	3.703800e-03	1     	2     	4     	8     	16    	32    	64    	125   	231   	431   	749   	1230  	1925  	2924  	4139  	5407  	6675  	7805  	8834  	9266  	9170  	8637  	7623  	6423  	5171  	3961  	2977  	2152  	1535  	989   	639   	390   	219   	125   	75    	26    	8     	10    	2     	nan   
100000   	1    	3.805700e-03	1     	2     	4     	8     	16    	32    	63    	114   	203   	356   	603   	1004  	1588  	2335  	3200  	4180  	5187  	6212  	7128  	7846  	8158  	8092  	7815  	7298  	6543  	5616  	4651  	3685  	2772  	1989  	1366  	859   	526   	285   	153   	73    	27    	10    	nan   	nan   
100000   	2    	4.493500e-03	1     	2     	4     	8     	16    	32    	62    	122   	232   	417   	686   	1098  	1665  	2432  	3383  	4465  	5697  	6761  	7671  	8232  	8566  	8526  	8120  	7436  	6462  	5350  	4172  	3077  	2163  	1389  	828   	491   	248   	109   	47    	22    	7     	1     	nan   	nan   
100000   	3    	4.479300e-03	1     	2     	4     	8     	16    	32    	64    	118   	213   	369   	635   	1028  	1594  	2412  	3441  	4541  	5777  	6996  	8078  	8829  	9271  	9013  	8390  	7256  	6019  	4663  	3599  	2642  	1851  	1211  	774   	514   	306   	191   	72    	34    	24    	10    	1     	1     

