Criação das árvores ordenadas:
n_persons	index	time        
100000   	0    	5.333750e-02
100000   	1    	6.448990e-02
100000   	2    	5.581510e-02
100000   	3    	5.290080e-02

Procura de nós nas árvores:
n_persons	index	time        
100000   	0    	5.270860e-02
100000   	1    	6.074440e-02
100000   	2    	9.045170e-02
100000   	3    	6.774540e-02

Maior profundidade das árvores:
n_persons	index	time        	depth
100000   	0    	4.481100e-03	39   
100000   	1    	4.661600e-03	38   
100000   	2    	5.663300e-03	36   
100000   	3    	4.967200e-03	38   

Número de nós em cada nível:
n_persons	index	time        	lvl0  	lvl1  	lvl2  	lvl3  	lvl4  	lvl5  	lvl6  	lvl7  	lvl8  	lvl9  	lvl10 	lvl11 	lvl12 	lvl13 	lvl14 	lvl15 	lvl16 	lvl17 	lvl18 	lvl19 	lvl20 	lvl21 	lvl22 	lvl23 	lvl24 	lvl25 	lvl26 	lvl27 	lvl28 	lvl29 	lvl30 	lvl31 	lvl32 	lvl33 	lvl34 	lvl35 	lvl36 	lvl37 	lvl38 	lvl39 
100000   	0    	4.181500e-03	1     	2     	4     	8     	16    	32    	64    	123   	233   	417   	727   	1172  	1830  	2722  	3799  	4986  	6126  	7229  	7905  	8250  	8216  	7860  	7295  	6531  	5606  	4774  	3928  	3101  	2332  	1723  	1175  	780   	471   	259   	153   	82    	44    	16    	6     	2     
100000   	1    	4.143600e-03	1     	2     	4     	8     	16    	32    	63    	120   	222   	398   	684   	1117  	1778  	2636  	3721  	4889  	6227  	7408  	8280  	8914  	8916  	8531  	7790  	6818  	5670  	4509  	3459  	2573  	1917  	1286  	869   	514   	313   	161   	82    	44    	19    	7     	2     	nan   
100000   	2    	4.844500e-03	1     	2     	4     	8     	16    	32    	64    	122   	229   	414   	705   	1164  	1806  	2697  	3764  	4997  	6342  	7607  	8442  	9019  	9041  	8683  	7937  	6885  	5643  	4515  	3479  	2489  	1705  	1031  	585   	308   	154   	62    	31    	12    	5     	nan   	nan   	nan   
100000   	3    	4.543900e-03	1     	2     	4     	8     	16    	32    	63    	125   	230   	414   	732   	1202  	1878  	2774  	3856  	5067  	6425  	7647  	8588  	9059  	9162  	8711  	7790  	6657  	5459  	4266  	3203  	2375  	1629  	1054  	671   	426   	199   	130   	77    	38    	18    	8     	4     	nan   

