Criação das árvores ordenadas:
n_persons	index	time        
100000   	0    	5.663650e-02
100000   	1    	6.228670e-02
100000   	2    	5.517960e-02
100000   	3    	4.984210e-02

Procura de nós nas árvores:
n_persons	index	time        
100000   	0    	5.675130e-02
100000   	1    	6.730720e-02
100000   	2    	5.680480e-02
100000   	3    	5.155820e-02

Maior profundidade das árvores:
n_persons	index	time        	depth
100000   	0    	4.500200e-03	40   
100000   	1    	4.386800e-03	39   
100000   	2    	5.014200e-03	39   
100000   	3    	5.267000e-03	42   

Número de nós em cada nível:
n_persons	index	time        	lvl0  	lvl1  	lvl2  	lvl3  	lvl4  	lvl5  	lvl6  	lvl7  	lvl8  	lvl9  	lvl10 	lvl11 	lvl12 	lvl13 	lvl14 	lvl15 	lvl16 	lvl17 	lvl18 	lvl19 	lvl20 	lvl21 	lvl22 	lvl23 	lvl24 	lvl25 	lvl26 	lvl27 	lvl28 	lvl29 	lvl30 	lvl31 	lvl32 	lvl33 	lvl34 	lvl35 	lvl36 	lvl37 	lvl38 	lvl39 	lvl40 	lvl41 	lvl42 
100000   	0    	3.995900e-03	1     	2     	4     	8     	16    	29    	54    	94    	154   	246   	399   	634   	989   	1495  	2091  	2796  	3685  	4799  	5911  	6963  	7819  	8411  	8631  	8357  	7816  	6977  	5852  	4584  	3537  	2632  	1869  	1262  	787   	495   	297   	164   	73    	33    	19    	12    	3     	nan   	nan   
100000   	1    	3.785300e-03	1     	2     	4     	8     	16    	32    	64    	125   	231   	423   	718   	1196  	1835  	2720  	3746  	4855  	6045  	7176  	8085  	8704  	8925  	8619  	7869  	6765  	5563  	4508  	3442  	2590  	1933  	1330  	921   	571   	381   	252   	147   	86    	60    	37    	13    	2     	nan   	nan   	nan   
100000   	2    	4.348200e-03	1     	2     	4     	8     	15    	30    	60    	113   	216   	390   	701   	1168  	1848  	2794  	3921  	5081  	6285  	7552  	8483  	9079  	9201  	8795  	8170  	7020  	5752  	4381  	3160  	2223  	1428  	880   	538   	309   	174   	97    	59    	35    	17    	8     	1     	1     	nan   	nan   	nan   
100000   	3    	4.808300e-03	1     	2     	4     	8     	16    	32    	64    	122   	223   	399   	706   	1175  	1856  	2736  	3780  	5035  	6248  	7478  	8421  	8946  	9159  	8696  	7877  	6748  	5615  	4348  	3289  	2340  	1670  	1144  	707   	443   	279   	161   	117   	68    	38    	25    	14    	6     	1     	2     	1     

