Criação das árvores ordenadas:
n_persons	index	time        
100000   	0    	1.041876e-01
100000   	1    	7.679360e-02
100000   	2    	5.540700e-02
100000   	3    	4.890990e-02

Procura de nós nas árvores:
n_persons	index	time        
100000   	0    	5.474460e-02
100000   	1    	6.828090e-02
100000   	2    	5.922890e-02
100000   	3    	5.697380e-02

Maior profundidade das árvores:
n_persons	index	time        	depth
100000   	0    	4.420000e-03	41   
100000   	1    	4.424100e-03	40   
100000   	2    	4.976700e-03	39   
100000   	3    	5.612900e-03	40   

Número de nós em cada nível:
n_persons	index	time        	lvl0  	lvl1  	lvl2  	lvl3  	lvl4  	lvl5  	lvl6  	lvl7  	lvl8  	lvl9  	lvl10 	lvl11 	lvl12 	lvl13 	lvl14 	lvl15 	lvl16 	lvl17 	lvl18 	lvl19 	lvl20 	lvl21 	lvl22 	lvl23 	lvl24 	lvl25 	lvl26 	lvl27 	lvl28 	lvl29 	lvl30 	lvl31 	lvl32 	lvl33 	lvl34 	lvl35 	lvl36 	lvl37 	lvl38 	lvl39 	lvl40 	lvl41 
100000   	0    	3.924100e-03	1     	2     	4     	8     	16    	32    	64    	127   	243   	462   	795   	1293  	1985  	2807  	3784  	4848  	5827  	6572  	7285  	7627  	7602  	7347  	6847  	6156  	5407  	4670  	3944  	3331  	2700  	2142  	1698  	1328  	1021  	757   	537   	325   	184   	100   	69    	33    	13    	7     
100000   	1    	3.840500e-03	1     	2     	4     	8     	16    	30    	60    	115   	206   	369   	628   	1044  	1648  	2500  	3564  	4779  	6165  	7210  	8181  	8740  	8868  	8495  	7868  	7021  	5913  	4798  	3670  	2780  	1926  	1314  	871   	535   	316   	182   	87    	51    	17    	13    	3     	1     	1     	nan   
100000   	2    	4.621200e-03	1     	2     	4     	8     	16    	31    	59    	117   	217   	394   	686   	1131  	1806  	2733  	3950  	5314  	6843  	8239  	9248  	9708  	9490  	8754  	7731  	6424  	5106  	3885  	2772  	1921  	1315  	835   	553   	327   	166   	101   	58    	26    	14    	9     	3     	3     	nan   	nan   
100000   	3    	4.480100e-03	1     	2     	4     	8     	15    	30    	54    	98    	182   	328   	584   	979   	1577  	2321  	3276  	4362  	5536  	6495  	7379  	7785  	7913  	7760  	7390  	6862  	6179  	5315  	4388  	3558  	2773  	2134  	1617  	1176  	779   	472   	295   	173   	108   	52    	30    	8     	2     	nan   

