Criação das árvores ordenadas:
n_persons	index	time        
100000   	0    	5.289610e-02
100000   	1    	6.333170e-02
100000   	2    	5.344500e-02
100000   	3    	5.012170e-02

Procura de nós nas árvores:
n_persons	index	time        
100000   	0    	5.582770e-02
100000   	1    	6.192700e-02
100000   	2    	5.798040e-02
100000   	3    	5.622650e-02

Maior profundidade das árvores:
n_persons	index	time        	depth
100000   	0    	4.570400e-03	43   
100000   	1    	4.416600e-03	39   
100000   	2    	4.771200e-03	38   
100000   	3    	4.798600e-03	38   

Número de nós em cada nível:
n_persons	index	time        	lvl0  	lvl1  	lvl2  	lvl3  	lvl4  	lvl5  	lvl6  	lvl7  	lvl8  	lvl9  	lvl10 	lvl11 	lvl12 	lvl13 	lvl14 	lvl15 	lvl16 	lvl17 	lvl18 	lvl19 	lvl20 	lvl21 	lvl22 	lvl23 	lvl24 	lvl25 	lvl26 	lvl27 	lvl28 	lvl29 	lvl30 	lvl31 	lvl32 	lvl33 	lvl34 	lvl35 	lvl36 	lvl37 	lvl38 	lvl39 	lvl40 	lvl41 	lvl42 	lvl43 
100000   	0    	4.473400e-03	1     	2     	4     	8     	16    	32    	64    	118   	221   	398   	676   	1093  	1659  	2360  	3148  	3998  	4829  	5716  	6489  	7032  	7574  	7735  	7593  	7151  	6560  	5645  	4730  	3822  	3152  	2419  	1834  	1322  	929   	638   	402   	268   	160   	81    	66    	33    	11    	6     	3     	2     
100000   	1    	3.967600e-03	1     	2     	4     	8     	16    	32    	62    	118   	212   	383   	661   	1065  	1640  	2471  	3548  	4737  	6055  	7347  	8334  	9016  	9014  	8568  	7741  	6750  	5618  	4456  	3517  	2629  	1963  	1390  	993   	652   	416   	266   	162   	77    	45    	21    	6     	4     	nan   	nan   	nan   	nan   
100000   	2    	4.343100e-03	1     	2     	4     	8     	16    	31    	62    	121   	233   	438   	792   	1330  	2090  	3076  	4186  	5424  	6652  	7683  	8579  	8923  	8886  	8391  	7516  	6338  	5244  	4154  	3136  	2294  	1662  	1141  	719   	428   	221   	104   	57    	34    	18    	5     	1     	nan   	nan   	nan   	nan   	nan   
100000   	3    	4.635700e-03	1     	2     	4     	8     	16    	31    	61    	108   	205   	361   	588   	916   	1338  	1910  	2605  	3534  	4545  	5584  	6588  	7493  	8178  	8545  	8535  	8062  	7253  	6224  	5059  	3912  	2922  	2070  	1384  	879   	497   	275   	149   	78    	44    	26    	10    	nan   	nan   	nan   	nan   	nan   

