Criação das árvores ordenadas:
n_persons	index	time        
100000   	0    	5.018320e-02
100000   	1    	6.290770e-02
100000   	2    	5.640960e-02
100000   	3    	4.693630e-02

Procura de nós nas árvores:
n_persons	index	time        
100000   	0    	5.048770e-02
100000   	1    	6.101300e-02
100000   	2    	5.902900e-02
100000   	3    	4.809010e-02

Maior profundidade das árvores:
n_persons	index	time        	depth
100000   	0    	4.314000e-03	39   
100000   	1    	4.510100e-03	39   
100000   	2    	4.975600e-03	38   
100000   	3    	4.976100e-03	38   

Número de nós em cada nível:
n_persons	index	time        	lvl0  	lvl1  	lvl2  	lvl3  	lvl4  	lvl5  	lvl6  	lvl7  	lvl8  	lvl9  	lvl10 	lvl11 	lvl12 	lvl13 	lvl14 	lvl15 	lvl16 	lvl17 	lvl18 	lvl19 	lvl20 	lvl21 	lvl22 	lvl23 	lvl24 	lvl25 	lvl26 	lvl27 	lvl28 	lvl29 	lvl30 	lvl31 	lvl32 	lvl33 	lvl34 	lvl35 	lvl36 	lvl37 	lvl38 	lvl39 
100000   	0    	3.866900e-03	1     	2     	4     	8     	16    	32    	64    	124   	235   	429   	770   	1280  	2003  	2993  	4246  	5660  	7092  	8406  	9430  	9825  	9524  	8867  	7644  	6244  	4787  	3503  	2464  	1635  	1058  	641   	389   	248   	168   	99    	55    	31    	11    	5     	4     	3     
100000   	1    	3.687900e-03	1     	2     	4     	8     	16    	31    	57    	106   	199   	357   	604   	1002  	1572  	2360  	3340  	4560  	5899  	7228  	8298  	9118  	9294  	8946  	8232  	7095  	5845  	4637  	3587  	2507  	1800  	1252  	866   	550   	307   	168   	91    	32    	15    	8     	5     	1     
100000   	2    	4.864900e-03	1     	2     	4     	8     	16    	32    	59    	110   	207   	378   	669   	1129  	1810  	2685  	3787  	4977  	6297  	7537  	8659  	9399  	9410  	8992  	8089  	7008  	5695  	4418  	3239  	2206  	1400  	796   	447   	251   	129   	74    	35    	21    	11    	7     	6     	nan   
100000   	3    	4.412600e-03	1     	2     	4     	8     	16    	32    	64    	123   	230   	424   	754   	1227  	1870  	2721  	3743  	4770  	5820  	6890  	7743  	8343  	8781  	8622  	8025  	7143  	5982  	4826  	3695  	2728  	2010  	1313  	850   	567   	336   	180   	84    	48    	17    	7     	1     	nan   

