Criação das árvores ordenadas:
n_persons	index	time        
100000   	0    	6.349350e-02
100000   	1    	6.727140e-02
100000   	2    	5.802480e-02
100000   	3    	5.679320e-02

Procura de nós nas árvores:
n_persons	index	time        
100000   	0    	5.602200e-02
100000   	1    	6.975480e-02
100000   	2    	5.581580e-02
100000   	3    	5.597680e-02

Maior profundidade das árvores:
n_persons	index	time        	depth
100000   	0    	4.395400e-03	41   
100000   	1    	6.069400e-03	38   
100000   	2    	5.587500e-03	38   
100000   	3    	5.120000e-03	42   

Número de nós em cada nível:
n_persons	index	time        	lvl0  	lvl1  	lvl2  	lvl3  	lvl4  	lvl5  	lvl6  	lvl7  	lvl8  	lvl9  	lvl10 	lvl11 	lvl12 	lvl13 	lvl14 	lvl15 	lvl16 	lvl17 	lvl18 	lvl19 	lvl20 	lvl21 	lvl22 	lvl23 	lvl24 	lvl25 	lvl26 	lvl27 	lvl28 	lvl29 	lvl30 	lvl31 	lvl32 	lvl33 	lvl34 	lvl35 	lvl36 	lvl37 	lvl38 	lvl39 	lvl40 	lvl41 	lvl42 
100000   	0    	5.269700e-03	1     	2     	4     	8     	16    	31    	62    	114   	211   	359   	615   	963   	1451  	2045  	2790  	3597  	4536  	5416  	6185  	6875  	7579  	8060  	8226  	7932  	7353  	6480  	5346  	4250  	3233  	2222  	1511  	1012  	634   	389   	240   	133   	74    	29    	7     	4     	3     	2     	nan   
100000   	1    	6.142000e-03	1     	2     	4     	8     	16    	32    	63    	125   	244   	447   	774   	1276  	1911  	2757  	3824  	5003  	6193  	7169  	8033  	8546  	8621  	8454  	8006  	7044  	5871  	4722  	3570  	2617  	1787  	1181  	703   	409   	258   	161   	72    	41    	32    	18    	5     	nan   	nan   	nan   	nan   
100000   	2    	5.089000e-03	1     	2     	4     	8     	16    	32    	64    	123   	238   	428   	733   	1160  	1750  	2504  	3403  	4433  	5478  	6547  	7568  	8392  	8904  	8818  	8332  	7460  	6322  	5117  	3919  	2872  	2063  	1400  	870   	458   	257   	154   	97    	46    	17    	8     	2     	nan   	nan   	nan   	nan   
100000   	3    	4.351600e-03	1     	2     	4     	8     	16    	32    	63    	124   	227   	413   	689   	1100  	1644  	2338  	3145  	4073  	5114  	6165  	7041  	7814  	8257  	8190  	7721  	7081  	6103  	5211  	4222  	3344  	2584  	1982  	1487  	1123  	871   	653   	467   	288   	183   	104   	59    	29    	17    	8     	3     

