Criação das árvores ordenadas:
n_persons	index	time        
100000   	0    	6.500170e-02
100000   	1    	6.772430e-02
100000   	2    	5.375130e-02
100000   	3    	5.314530e-02

Procura de nós nas árvores:
n_persons	index	time        
100000   	0    	5.508040e-02
100000   	1    	6.316170e-02
100000   	2    	6.107920e-02
100000   	3    	4.962880e-02

Maior profundidade das árvores:
n_persons	index	time        	depth
100000   	0    	4.399600e-03	40   
100000   	1    	4.415900e-03	42   
100000   	2    	5.054900e-03	40   
100000   	3    	5.150300e-03	42   

Número de nós em cada nível:
n_persons	index	time        	lvl0  	lvl1  	lvl2  	lvl3  	lvl4  	lvl5  	lvl6  	lvl7  	lvl8  	lvl9  	lvl10 	lvl11 	lvl12 	lvl13 	lvl14 	lvl15 	lvl16 	lvl17 	lvl18 	lvl19 	lvl20 	lvl21 	lvl22 	lvl23 	lvl24 	lvl25 	lvl26 	lvl27 	lvl28 	lvl29 	lvl30 	lvl31 	lvl32 	lvl33 	lvl34 	lvl35 	lvl36 	lvl37 	lvl38 	lvl39 	lvl40 	lvl41 	lvl42 
100000   	0    	3.841000e-03	1     	2     	4     	8     	16    	32    	61    	117   	223   	423   	772   	1293  	1992  	2984  	4218  	5584  	6874  	8077  	8903  	9112  	8920  	8287  	7448  	6292  	5024  	3813  	2912  	2077  	1483  	1062  	787   	502   	326   	205   	99    	37    	15    	6     	5     	3     	1     	nan   	nan   
100000   	1    	4.003200e-03	1     	2     	4     	8     	15    	28    	54    	103   	192   	342   	560   	887   	1393  	2061  	2914  	3900  	4971  	6058  	7096  	7953  	8497  	8691  	8442  	7835  	6906  	5820  	4584  	3549  	2531  	1740  	1139  	742   	460   	263   	150   	62    	22    	13    	5     	3     	2     	1     	1     
100000   	2    	4.556700e-03	1     	2     	4     	8     	16    	32    	64    	127   	247   	463   	815   	1355  	2088  	3076  	4177  	5411  	6498  	7364  	7937  	8271  	8135  	7739  	7175  	6260  	5290  	4390  	3563  	2743  	2114  	1561  	1172  	782   	500   	296   	159   	97    	44    	17    	5     	1     	1     	nan   	nan   
100000   	3    	5.147400e-03	1     	2     	4     	8     	16    	32    	64    	119   	222   	379   	642   	1019  	1512  	2135  	2924  	3853  	4854  	5831  	6723  	7382  	7671  	7720  	7457  	7064  	6386  	5536  	4789  	3995  	3211  	2453  	1852  	1364  	980   	690   	478   	304   	158   	84    	36    	22    	18    	8     	2     

