Criação das árvores ordenadas:
n_persons	index	time        
100000   	0    	5.046240e-02
100000   	1    	6.489720e-02
100000   	2    	6.002010e-02
100000   	3    	4.740470e-02

Procura de nós nas árvores:
n_persons	index	time        
100000   	0    	5.193280e-02
100000   	1    	6.109790e-02
100000   	2    	6.204760e-02
100000   	3    	4.872600e-02

Maior profundidade das árvores:
n_persons	index	time        	depth
100000   	0    	4.773900e-03	36   
100000   	1    	4.627300e-03	38   
100000   	2    	5.465300e-03	43   
100000   	3    	5.405600e-03	40   

Número de nós em cada nível:
n_persons	index	time        	lvl0  	lvl1  	lvl2  	lvl3  	lvl4  	lvl5  	lvl6  	lvl7  	lvl8  	lvl9  	lvl10 	lvl11 	lvl12 	lvl13 	lvl14 	lvl15 	lvl16 	lvl17 	lvl18 	lvl19 	lvl20 	lvl21 	lvl22 	lvl23 	lvl24 	lvl25 	lvl26 	lvl27 	lvl28 	lvl29 	lvl30 	lvl31 	lvl32 	lvl33 	lvl34 	lvl35 	lvl36 	lvl37 	lvl38 	lvl39 	lvl40 	lvl41 	lvl42 	lvl43 
100000   	0    	4.130100e-03	1     	2     	4     	8     	16    	32    	63    	122   	230   	425   	753   	1252  	1925  	2794  	3898  	5110  	6304  	7370  	8209  	8780  	8852  	8765  	7997  	6914  	5661  	4526  	3335  	2486  	1683  	1073  	661   	380   	203   	104   	41    	17    	4     	nan   	nan   	nan   	nan   	nan   	nan   	nan   
100000   	1    	4.228400e-03	1     	2     	4     	8     	16    	32    	64    	124   	225   	392   	651   	1064  	1656  	2494  	3459  	4586  	5688  	6807  	7736  	8341  	8622  	8537  	7917  	7087  	6149  	5127  	4021  	3034  	2221  	1558  	1060  	633   	344   	180   	82    	42    	22    	9     	5     	nan   	nan   	nan   	nan   	nan   
100000   	2    	5.028800e-03	1     	2     	4     	8     	14    	27    	51    	86    	148   	259   	434   	699   	1117  	1643  	2298  	3119  	4171  	5398  	6591  	7645  	8238  	8575  	8511  	7988  	7115  	6226  	5297  	4304  	3333  	2417  	1643  	1072  	648   	372   	219   	135   	93    	43    	21    	17    	8     	5     	3     	2     
100000   	3    	4.612100e-03	1     	2     	4     	8     	16    	32    	64    	121   	220   	388   	617   	917   	1309  	1816  	2432  	3149  	4045  	4895  	5815  	6556  	7232  	7605  	7736  	7553  	7077  	6302  	5487  	4588  	3814  	3030  	2355  	1725  	1201  	824   	485   	282   	155   	87    	34    	17    	4     	nan   	nan   	nan   

