Criação das árvores ordenadas:
n_persons	index	time        
100000   	0    	5.162930e-02
100000   	1    	6.232460e-02
100000   	2    	5.620520e-02
100000   	3    	4.682440e-02

Procura de nós nas árvores:
n_persons	index	time        
100000   	0    	5.324850e-02
100000   	1    	6.600090e-02
100000   	2    	5.591550e-02
100000   	3    	4.988320e-02

Maior profundidade das árvores:
n_persons	index	time        	depth
100000   	0    	4.794100e-03	40   
100000   	1    	4.620200e-03	42   
100000   	2    	5.370900e-03	37   
100000   	3    	5.754000e-03	41   

Número de nós em cada nível:
n_persons	index	time        	lvl0  	lvl1  	lvl2  	lvl3  	lvl4  	lvl5  	lvl6  	lvl7  	lvl8  	lvl9  	lvl10 	lvl11 	lvl12 	lvl13 	lvl14 	lvl15 	lvl16 	lvl17 	lvl18 	lvl19 	lvl20 	lvl21 	lvl22 	lvl23 	lvl24 	lvl25 	lvl26 	lvl27 	lvl28 	lvl29 	lvl30 	lvl31 	lvl32 	lvl33 	lvl34 	lvl35 	lvl36 	lvl37 	lvl38 	lvl39 	lvl40 	lvl41 	lvl42 
100000   	0    	4.245300e-03	1     	2     	4     	8     	16    	32    	62    	121   	230   	426   	754   	1266  	2027  	3027  	4283  	5596  	6954  	8064  	8850  	9126  	9038  	8440  	7502  	6248  	5059  	3936  	3001  	2102  	1428  	932   	627   	395   	210   	114   	53    	28    	18    	11    	5     	3     	1     	nan   	nan   
100000   	1    	4.251300e-03	1     	2     	4     	8     	16    	31    	59    	109   	194   	337   	579   	937   	1484  	2215  	3210  	4294  	5460  	6712  	7749  	8468  	8723  	8490  	7985  	7106  	6136  	5268  	4239  	3277  	2411  	1683  	1127  	716   	455   	264   	138   	63    	25    	12    	7     	3     	1     	1     	1     
100000   	2    	4.795300e-03	1     	2     	4     	8     	16    	32    	64    	123   	236   	413   	721   	1226  	1982  	2974  	4154  	5455  	6758  	8056  	9000  	9307  	9115  	8508  	7487  	6403  	5150  	3969  	3059  	2134  	1464  	955   	558   	335   	176   	90    	34    	21    	9     	1     	nan   	nan   	nan   	nan   	nan   
100000   	3    	4.740600e-03	1     	2     	4     	8     	16    	32    	63    	125   	239   	425   	705   	1149  	1791  	2572  	3568  	4718  	5890  	6996  	7911  	8603  	8765  	8398  	7842  	6880  	5816  	4681  	3615  	2870  	2157  	1531  	1009  	633   	396   	234   	158   	94    	54    	25    	11    	8     	3     	2     	nan   

