Criação das árvores ordenadas:
n_persons	index	time        
100000   	0    	5.096300e-02
100000   	1    	6.173650e-02
100000   	2    	5.399220e-02
100000   	3    	4.760460e-02

Procura de nós nas árvores:
n_persons	index	time        
100000   	0    	5.733880e-02
100000   	1    	6.870380e-02
100000   	2    	5.614100e-02
100000   	3    	5.143290e-02

Maior profundidade das árvores:
n_persons	index	time        	depth
100000   	0    	6.659400e-03	40   
100000   	1    	5.619100e-03	38   
100000   	2    	5.830100e-03	39   
100000   	3    	1.180920e-02	40   

Número de nós em cada nível:
n_persons	index	time        	lvl0  	lvl1  	lvl2  	lvl3  	lvl4  	lvl5  	lvl6  	lvl7  	lvl8  	lvl9  	lvl10 	lvl11 	lvl12 	lvl13 	lvl14 	lvl15 	lvl16 	lvl17 	lvl18 	lvl19 	lvl20 	lvl21 	lvl22 	lvl23 	lvl24 	lvl25 	lvl26 	lvl27 	lvl28 	lvl29 	lvl30 	lvl31 	lvl32 	lvl33 	lvl34 	lvl35 	lvl36 	lvl37 	lvl38 	lvl39 	lvl40 
100000   	0    	8.582000e-03	1     	2     	4     	8     	16    	30    	60    	116   	219   	389   	656   	1077  	1677  	2480  	3488  	4699  	5903  	6982  	7841  	8419  	8551  	8356  	7860  	6985  	5939  	4883  	3924  	3010  	2143  	1485  	1023  	656   	432   	291   	178   	107   	70    	28    	8     	3     	1     
100000   	1    	6.603000e-03	1     	2     	4     	8     	16    	32    	64    	127   	247   	452   	810   	1354  	2156  	3180  	4453  	5699  	6928  	7989  	8793  	9113  	9161  	8553  	7453  	6327  	5034  	3911  	2861  	1971  	1372  	855   	511   	265   	124   	79    	43    	25    	17    	6     	4     	nan   	nan   
100000   	2    	6.099600e-03	1     	2     	4     	8     	16    	31    	59    	113   	215   	385   	658   	1057  	1667  	2477  	3471  	4588  	5777  	6830  	7750  	8359  	8621  	8461  	8023  	7159  	6111  	5074  	3950  	3021  	2214  	1542  	1005  	621   	375   	191   	79    	49    	24    	8     	3     	1     	nan   
100000   	3    	6.939400e-03	1     	2     	4     	8     	16    	32    	63    	122   	232   	414   	677   	1039  	1569  	2233  	3126  	4154  	5153  	6257  	7245  	7881  	8260  	8239  	7865  	7269  	6323  	5483  	4582  	3547  	2748  	1973  	1364  	908   	551   	308   	182   	87    	49    	23    	7     	3     	1     

