Criação das árvores ordenadas:
n_persons	index	time        
100000   	0    	5.170020e-02
100000   	1    	6.436210e-02
100000   	2    	9.915110e-02
100000   	3    	7.461600e-02

Procura de nós nas árvores:
n_persons	index	time        
100000   	0    	5.521740e-02
100000   	1    	6.050400e-02
100000   	2    	6.011940e-02
100000   	3    	5.060290e-02

Maior profundidade das árvores:
n_persons	index	time        	depth
100000   	0    	4.284200e-03	42   
100000   	1    	4.402900e-03	37   
100000   	2    	4.933400e-03	38   
100000   	3    	6.229400e-03	41   

Número de nós em cada nível:
n_persons	index	time        	lvl0  	lvl1  	lvl2  	lvl3  	lvl4  	lvl5  	lvl6  	lvl7  	lvl8  	lvl9  	lvl10 	lvl11 	lvl12 	lvl13 	lvl14 	lvl15 	lvl16 	lvl17 	lvl18 	lvl19 	lvl20 	lvl21 	lvl22 	lvl23 	lvl24 	lvl25 	lvl26 	lvl27 	lvl28 	lvl29 	lvl30 	lvl31 	lvl32 	lvl33 	lvl34 	lvl35 	lvl36 	lvl37 	lvl38 	lvl39 	lvl40 	lvl41 	lvl42 
100000   	0    	4.229300e-03	1     	2     	4     	8     	16    	32    	63    	120   	221   	389   	650   	1058  	1641  	2394  	3359  	4481  	5613  	6715  	7529  	8092  	8385  	8425  	8048  	7214  	6270  	5192  	4151  	3195  	2327  	1602  	1071  	725   	456   	248   	139   	81    	46    	22    	9     	3     	1     	1     	1     
100000   	1    	4.376000e-03	1     	2     	4     	8     	16    	32    	62    	124   	242   	454   	829   	1420  	2242  	3307  	4638  	6061  	7506  	8614  	9384  	9624  	9373  	8518  	7401  	6034  	4576  	3268  	2268  	1510  	960   	620   	394   	228   	139   	73    	48    	15    	3     	2     	nan   	nan   	nan   	nan   	nan   
100000   	2    	4.692900e-03	1     	2     	4     	8     	16    	30    	57    	110   	204   	372   	618   	1034  	1665  	2532  	3616  	4873  	6229  	7450  	8581  	9244  	9438  	9088  	8224  	7093  	5737  	4244  	3123  	2256  	1574  	1044  	657   	422   	222   	121   	57    	24    	16    	11    	3     	nan   	nan   	nan   	nan   
100000   	3    	4.380200e-03	1     	2     	4     	8     	16    	32    	62    	123   	232   	401   	656   	1083  	1757  	2642  	3742  	4949  	6151  	7240  	8175  	8665  	8857  	8370  	7735  	6745  	5595  	4464  	3586  	2648  	1906  	1343  	948   	621   	435   	303   	180   	128   	75    	49    	39    	23    	6     	3     	nan   

