Criação das árvores ordenadas:
n_persons	index	time        
100000   	0    	8.471160e-02
100000   	1    	7.841580e-02
100000   	2    	7.486820e-02
100000   	3    	7.096410e-02

Procura de nós nas árvores:
n_persons	index	time        
100000   	0    	7.114530e-02
100000   	1    	9.454350e-02
100000   	2    	7.521050e-02
100000   	3    	5.964390e-02

Maior profundidade das árvores:
n_persons	index	time        	depth
100000   	0    	4.538900e-03	41   
100000   	1    	4.647800e-03	41   
100000   	2    	6.678500e-03	41   
100000   	3    	5.504600e-03	38   

Número de nós em cada nível:
n_persons	index	time        	lvl0  	lvl1  	lvl2  	lvl3  	lvl4  	lvl5  	lvl6  	lvl7  	lvl8  	lvl9  	lvl10 	lvl11 	lvl12 	lvl13 	lvl14 	lvl15 	lvl16 	lvl17 	lvl18 	lvl19 	lvl20 	lvl21 	lvl22 	lvl23 	lvl24 	lvl25 	lvl26 	lvl27 	lvl28 	lvl29 	lvl30 	lvl31 	lvl32 	lvl33 	lvl34 	lvl35 	lvl36 	lvl37 	lvl38 	lvl39 	lvl40 	lvl41 
100000   	0    	4.085900e-03	1     	2     	4     	8     	16    	32    	64    	127   	246   	455   	791   	1298  	2046  	3022  	4216  	5636  	7016  	8285  	9058  	9282  	9091  	8583  	7538  	6340  	5024  	3827  	2754  	1909  	1296  	862   	527   	287   	159   	85    	50    	24    	16    	10    	6     	5     	1     	1     
100000   	1    	4.000100e-03	1     	2     	4     	8     	16    	31    	62    	117   	212   	385   	690   	1138  	1752  	2587  	3631  	4770  	5880  	6864  	7776  	8309  	8401  	8194  	7591  	7008  	6167  	5089  	4142  	3150  	2220  	1438  	901   	580   	349   	214   	134   	82    	50    	33    	14    	5     	2     	1     
100000   	2    	4.921800e-03	1     	2     	4     	8     	16    	32    	62    	122   	222   	396   	655   	1024  	1577  	2323  	3127  	4101  	5136  	6217  	7284  	8005  	8518  	8498  	8120  	7382  	6580  	5537  	4379  	3393  	2508  	1758  	1210  	762   	438   	257   	140   	92    	52    	31    	16    	6     	7     	2     
100000   	3    	4.507300e-03	1     	2     	4     	8     	16    	32    	63    	122   	217   	369   	619   	976   	1476  	2154  	3075  	4166  	5320  	6442  	7579  	8436  	8928  	8909  	8424  	7612  	6553  	5416  	4149  	3097  	2201  	1482  	955   	579   	328   	167   	77    	29    	11    	4     	2     	nan   	nan   	nan   

