Criação das árvores ordenadas:
n_persons	index	time        
100000   	0    	5.952890e-02
100000   	1    	7.329760e-02
100000   	2    	7.122050e-02
100000   	3    	1.083467e-01

Procura de nós nas árvores:
n_persons	index	time        
100000   	0    	7.190090e-02
100000   	1    	6.459750e-02
100000   	2    	6.399550e-02
100000   	3    	5.690600e-02

Maior profundidade das árvores:
n_persons	index	time        	depth
100000   	0    	4.427500e-03	38   
100000   	1    	4.907100e-03	38   
100000   	2    	6.394000e-03	39   
100000   	3    	5.493300e-03	37   

Número de nós em cada nível:
n_persons	index	time        	lvl0  	lvl1  	lvl2  	lvl3  	lvl4  	lvl5  	lvl6  	lvl7  	lvl8  	lvl9  	lvl10 	lvl11 	lvl12 	lvl13 	lvl14 	lvl15 	lvl16 	lvl17 	lvl18 	lvl19 	lvl20 	lvl21 	lvl22 	lvl23 	lvl24 	lvl25 	lvl26 	lvl27 	lvl28 	lvl29 	lvl30 	lvl31 	lvl32 	lvl33 	lvl34 	lvl35 	lvl36 	lvl37 	lvl38 	lvl39 
100000   	0    	4.672600e-03	1     	2     	4     	8     	16    	32    	58    	106   	197   	366   	662   	1118  	1740  	2572  	3595  	4699  	5749  	6778  	7553  	8038  	8291  	8148  	7608  	6969  	6056  	5123  	4185  	3359  	2454  	1709  	1171  	714   	422   	249   	143   	63    	29    	12    	1     	nan   
100000   	1    	4.590600e-03	1     	2     	4     	8     	16    	32    	63    	124   	235   	397   	667   	1060  	1595  	2373  	3302  	4577  	6107  	7705  	8992  	9712  	9912  	9368  	8294  	6973  	5533  	4194  	3028  	2079  	1377  	899   	547   	326   	190   	137   	83    	50    	25    	9     	4     	nan   
100000   	2    	5.168800e-03	1     	2     	4     	8     	16    	31    	57    	104   	180   	294   	494   	787   	1233  	1861  	2720  	3829  	5187  	6550  	7710  	8587  	9131  	9250  	8918  	8088  	6958  	5531  	4217  	2966  	2113  	1351  	817   	476   	258   	138   	64    	36    	17    	11    	4     	1     
100000   	3    	6.832500e-03	1     	2     	4     	8     	16    	31    	58    	113   	204   	361   	629   	1010  	1609  	2417  	3479  	4636  	5938  	7234  	8220  	9044  	9284  	9098  	8465  	7360  	6068  	4719  	3500  	2576  	1683  	1015  	566   	315   	175   	97    	43    	14    	6     	2     	nan   	nan   

