Criação das árvores ordenadas:
n_persons	index	time        
100000   	0    	5.878340e-02
100000   	1    	6.904980e-02
100000   	2    	6.229710e-02
100000   	3    	5.319900e-02

Procura de nós nas árvores:
n_persons	index	time        
100000   	0    	6.630050e-02
100000   	1    	7.299170e-02
100000   	2    	7.528420e-02
100000   	3    	5.788130e-02

Maior profundidade das árvores:
n_persons	index	time        	depth
100000   	0    	5.114200e-03	44   
100000   	1    	4.756900e-03	37   
100000   	2    	5.984300e-03	41   
100000   	3    	1.181130e-02	41   

Número de nós em cada nível:
n_persons	index	time        	lvl0  	lvl1  	lvl2  	lvl3  	lvl4  	lvl5  	lvl6  	lvl7  	lvl8  	lvl9  	lvl10 	lvl11 	lvl12 	lvl13 	lvl14 	lvl15 	lvl16 	lvl17 	lvl18 	lvl19 	lvl20 	lvl21 	lvl22 	lvl23 	lvl24 	lvl25 	lvl26 	lvl27 	lvl28 	lvl29 	lvl30 	lvl31 	lvl32 	lvl33 	lvl34 	lvl35 	lvl36 	lvl37 	lvl38 	lvl39 	lvl40 	lvl41 	lvl42 	lvl43 	lvl44 
100000   	0    	5.253600e-03	1     	2     	4     	8     	16    	32    	64    	126   	236   	433   	746   	1187  	1829  	2717  	3773  	4809  	5879  	6906  	7647  	8081  	8208  	8045  	7602  	6872  	5989  	5084  	4066  	3050  	2209  	1550  	1016  	651   	403   	250   	168   	116   	82    	56    	35    	20    	13    	9     	6     	3     	1     
100000   	1    	5.620900e-03	1     	2     	4     	8     	16    	32    	64    	126   	243   	458   	837   	1460  	2365  	3555  	4873  	6241  	7590  	8648  	9318  	9249  	8813  	8063  	7070  	5728  	4567  	3465  	2565  	1806  	1151  	719   	433   	285   	134   	64    	25    	11    	7     	4     	nan   	nan   	nan   	nan   	nan   	nan   	nan   
100000   	2    	5.550200e-03	1     	2     	4     	8     	16    	32    	64    	123   	238   	441   	787   	1343  	2156  	3251  	4473  	5729  	6900  	7887  	8528  	8694  	8467  	7881  	7148  	6187  	5249  	4278  	3280  	2398  	1609  	1057  	683   	422   	277   	159   	96    	63    	36    	19    	9     	3     	1     	1     	nan   	nan   	nan   
100000   	3    	6.509500e-03	1     	2     	4     	8     	16    	32    	64    	119   	218   	380   	635   	1021  	1534  	2252  	3055  	3972  	4884  	5784  	6485  	7262  	7799  	8074  	8038  	7703  	6980  	6177  	5030  	4026  	2990  	2187  	1400  	859   	482   	259   	138   	75    	30    	11    	5     	5     	3     	1     	nan   	nan   	nan   

