Criação das árvores ordenadas:
n_persons	index	time        
100000   	0    	7.036250e-02
100000   	1    	6.891540e-02
100000   	2    	6.214270e-02
100000   	3    	4.771070e-02

Procura de nós nas árvores:
n_persons	index	time        
100000   	0    	6.051600e-02
100000   	1    	7.836790e-02
100000   	2    	6.398240e-02
100000   	3    	4.979810e-02

Maior profundidade das árvores:
n_persons	index	time        	depth
100000   	0    	5.024900e-03	38   
100000   	1    	4.897500e-03	39   
100000   	2    	4.838800e-03	42   
100000   	3    	5.043100e-03	38   

Número de nós em cada nível:
n_persons	index	time        	lvl0  	lvl1  	lvl2  	lvl3  	lvl4  	lvl5  	lvl6  	lvl7  	lvl8  	lvl9  	lvl10 	lvl11 	lvl12 	lvl13 	lvl14 	lvl15 	lvl16 	lvl17 	lvl18 	lvl19 	lvl20 	lvl21 	lvl22 	lvl23 	lvl24 	lvl25 	lvl26 	lvl27 	lvl28 	lvl29 	lvl30 	lvl31 	lvl32 	lvl33 	lvl34 	lvl35 	lvl36 	lvl37 	lvl38 	lvl39 	lvl40 	lvl41 	lvl42 
100000   	0    	3.939800e-03	1     	2     	4     	8     	16    	32    	64    	127   	243   	451   	790   	1332  	2114  	3217  	4553  	6054  	7564  	8839  	9649  	9885  	9364  	8457  	7144  	5676  	4271  	3206  	2299  	1603  	1100  	792   	484   	283   	183   	91    	59    	26    	11    	5     	1     	nan   	nan   	nan   	nan   
100000   	1    	4.302800e-03	1     	2     	4     	8     	16    	32    	64    	119   	224   	403   	664   	1060  	1573  	2268  	3222  	4354  	5630  	6832  	7915  	8673  	9061  	9028  	8371  	7369  	6250  	5090  	4036  	2893  	1957  	1248  	751   	422   	230   	115   	62    	24    	10    	8     	8     	3     	nan   	nan   	nan   
100000   	2    	4.482400e-03	1     	2     	4     	8     	16    	32    	64    	124   	235   	436   	771   	1303  	2088  	3082  	4290  	5666  	7003  	8085  	8874  	9179  	8977  	8364  	7456  	6323  	5059  	3882  	2901  	2108  	1392  	938   	583   	325   	182   	95    	48    	31    	22    	18    	11    	10    	7     	3     	2     
100000   	3    	4.567100e-03	1     	2     	4     	8     	16    	32    	64    	119   	225   	414   	722   	1192  	1850  	2797  	3910  	5234  	6713  	7982  	8953  	9442  	9254  	8630  	7635  	6582  	5304  	4040  	2978  	2152  	1438  	928   	589   	337   	207   	115   	70    	37    	14    	5     	5     	nan   	nan   	nan   	nan   

