Criação das árvores ordenadas:
n_persons	index	time        
100000   	0    	6.894850e-02
100000   	1    	6.529670e-02
100000   	2    	5.649930e-02
100000   	3    	5.206490e-02

Procura de nós nas árvores:
n_persons	index	time        
100000   	0    	5.768020e-02
100000   	1    	6.506560e-02
100000   	2    	6.354350e-02
100000   	3    	4.917810e-02

Maior profundidade das árvores:
n_persons	index	time        	depth
100000   	0    	4.289800e-03	40   
100000   	1    	4.230700e-03	41   
100000   	2    	5.228600e-03	40   
100000   	3    	4.910500e-03	38   

Número de nós em cada nível:
n_persons	index	time        	lvl0  	lvl1  	lvl2  	lvl3  	lvl4  	lvl5  	lvl6  	lvl7  	lvl8  	lvl9  	lvl10 	lvl11 	lvl12 	lvl13 	lvl14 	lvl15 	lvl16 	lvl17 	lvl18 	lvl19 	lvl20 	lvl21 	lvl22 	lvl23 	lvl24 	lvl25 	lvl26 	lvl27 	lvl28 	lvl29 	lvl30 	lvl31 	lvl32 	lvl33 	lvl34 	lvl35 	lvl36 	lvl37 	lvl38 	lvl39 	lvl40 	lvl41 
100000   	0    	4.024500e-03	1     	2     	4     	8     	16    	32    	58    	108   	193   	362   	608   	989   	1533  	2270  	3156  	4175  	5364  	6377  	7307  	7986  	8250  	8310  	7981  	7337  	6454  	5394  	4358  	3422  	2558  	1837  	1279  	868   	549   	346   	224   	145   	72    	38    	21    	7     	1     	nan   
100000   	1    	3.769500e-03	1     	2     	4     	7     	14    	28    	51    	94    	178   	328   	582   	982   	1541  	2294  	3194  	4254  	5418  	6500  	7402  	8006  	8263  	8241  	7848  	7324  	6503  	5409  	4396  	3360  	2503  	1866  	1347  	890   	526   	312   	168   	79    	46    	19    	9     	5     	4     	2     
100000   	2    	5.118100e-03	1     	2     	4     	8     	16    	32    	61    	108   	200   	342   	574   	890   	1359  	1937  	2712  	3623  	4739  	6083  	7272  	8261  	8846  	9158  	8799  	8044  	6960  	5825  	4561  	3332  	2326  	1562  	972   	592   	358   	220   	112   	60    	28    	13    	5     	2     	1     	nan   
100000   	3    	4.353900e-03	1     	2     	4     	8     	16    	32    	64    	125   	239   	437   	788   	1345  	2196  	3255  	4577  	6038  	7340  	8395  	8985  	9353  	9121  	8461  	7519  	6206  	4875  	3647  	2700  	1777  	1083  	651   	370   	189   	113   	53    	24    	5     	3     	2     	1     	nan   	nan   	nan   

