Criação das árvores ordenadas:
n_persons	index	time        
100000   	0    	5.099690e-02
100000   	1    	6.131270e-02
100000   	2    	5.514940e-02
100000   	3    	4.511300e-02

Procura de nós nas árvores:
n_persons	index	time        
100000   	0    	5.146450e-02
100000   	1    	5.989770e-02
100000   	2    	5.603840e-02
100000   	3    	4.841030e-02

Maior profundidade das árvores:
n_persons	index	time        	depth
100000   	0    	4.670000e-03	37   
100000   	1    	4.433300e-03	39   
100000   	2    	4.823200e-03	37   
100000   	3    	4.925800e-03	42   

Número de nós em cada nível:
n_persons	index	time        	lvl0  	lvl1  	lvl2  	lvl3  	lvl4  	lvl5  	lvl6  	lvl7  	lvl8  	lvl9  	lvl10 	lvl11 	lvl12 	lvl13 	lvl14 	lvl15 	lvl16 	lvl17 	lvl18 	lvl19 	lvl20 	lvl21 	lvl22 	lvl23 	lvl24 	lvl25 	lvl26 	lvl27 	lvl28 	lvl29 	lvl30 	lvl31 	lvl32 	lvl33 	lvl34 	lvl35 	lvl36 	lvl37 	lvl38 	lvl39 	lvl40 	lvl41 	lvl42 
100000   	0    	4.170800e-03	1     	2     	4     	8     	16    	31    	59    	112   	212   	387   	691   	1163  	1830  	2812  	3978  	5319  	6611  	7765  	8615  	9108  	9114  	8586  	7793  	6703  	5508  	4304  	3253  	2309  	1522  	945   	568   	316   	183   	88    	43    	25    	12    	4     	nan   	nan   	nan   	nan   	nan   
100000   	1    	4.053000e-03	1     	2     	4     	8     	16    	32    	64    	128   	244   	455   	809   	1361  	2148  	3219  	4408  	5645  	6838  	8075  	8874  	9244  	8972  	8374  	7517  	6283  	5082  	3953  	2893  	2064  	1351  	878   	512   	262   	140   	73    	36    	20    	6     	4     	4     	1     	nan   	nan   	nan   
100000   	2    	4.497200e-03	1     	2     	4     	8     	16    	32    	64    	123   	230   	412   	722   	1195  	1836  	2740  	3856  	5215  	6600  	7828  	8800  	9215  	9180  	8760  	7933  	6842  	5402  	4182  	3091  	2112  	1429  	908   	579   	325   	174   	94    	53    	26    	8     	3     	nan   	nan   	nan   	nan   	nan   
100000   	3    	4.380300e-03	1     	2     	4     	8     	16    	32    	63    	125   	241   	456   	815   	1395  	2275  	3374  	4700  	6006  	7344  	8431  	9213  	9447  	8968  	8143  	7120  	5892  	4650  	3542  	2558  	1801  	1140  	717   	474   	339   	221   	153   	120   	79    	55    	28    	18    	14    	11    	8     	1     

