Criação das árvores ordenadas:
n_persons	index	time        
100000   	0    	5.758080e-02
100000   	1    	6.373630e-02
100000   	2    	5.626160e-02
100000   	3    	4.577460e-02

Procura de nós nas árvores:
n_persons	index	time        
100000   	0    	5.128710e-02
100000   	1    	5.981080e-02
100000   	2    	5.525380e-02
100000   	3    	4.893520e-02

Maior profundidade das árvores:
n_persons	index	time        	depth
100000   	0    	4.647800e-03	39   
100000   	1    	4.579000e-03	37   
100000   	2    	5.473300e-03	40   
100000   	3    	5.320100e-03	38   

Número de nós em cada nível:
n_persons	index	time        	lvl0  	lvl1  	lvl2  	lvl3  	lvl4  	lvl5  	lvl6  	lvl7  	lvl8  	lvl9  	lvl10 	lvl11 	lvl12 	lvl13 	lvl14 	lvl15 	lvl16 	lvl17 	lvl18 	lvl19 	lvl20 	lvl21 	lvl22 	lvl23 	lvl24 	lvl25 	lvl26 	lvl27 	lvl28 	lvl29 	lvl30 	lvl31 	lvl32 	lvl33 	lvl34 	lvl35 	lvl36 	lvl37 	lvl38 	lvl39 	lvl40 
100000   	0    	4.217500e-03	1     	2     	4     	8     	16    	32    	61    	109   	195   	341   	574   	922   	1469  	2203  	3129  	4236  	5379  	6598  	7697  	8503  	8957  	8833  	8300  	7537  	6475  	5349  	4165  	3168  	2206  	1450  	945   	542   	281   	150   	83    	42    	19    	13    	4     	2     	nan   
100000   	1    	4.134000e-03	1     	2     	4     	8     	16    	32    	64    	126   	245   	459   	832   	1399  	2254  	3381  	4722  	6201  	7633  	8727  	9409  	9539  	9111  	8451  	7364  	6161  	4718  	3460  	2371  	1486  	894   	500   	231   	104   	51    	28    	10    	2     	3     	1     	nan   	nan   	nan   
100000   	2    	4.905900e-03	1     	2     	4     	8     	16    	32    	63    	126   	244   	445   	783   	1283  	1951  	2872  	4004  	5209  	6461  	7586  	8477  	9008  	9155  	8740  	7950  	6851  	5549  	4334  	3111  	2148  	1430  	875   	541   	328   	196   	104   	59    	29    	14    	4     	4     	2     	1     
100000   	3    	5.104500e-03	1     	2     	4     	8     	16    	32    	62    	114   	217   	401   	712   	1200  	1897  	2874  	4044  	5290  	6532  	7735  	8528  	8911  	9133  	8695  	7897  	6785  	5601  	4276  	3105  	2177  	1468  	929   	555   	332   	207   	115   	67    	36    	22    	16    	4     	nan   	nan   

