Criação das árvores ordenadas:
n_persons	index	time        
100000   	0    	6.941060e-02
100000   	1    	6.877800e-02
100000   	2    	5.891880e-02
100000   	3    	4.816080e-02

Procura de nós nas árvores:
n_persons	index	time        
100000   	0    	5.380460e-02
100000   	1    	6.251590e-02
100000   	2    	5.496260e-02
100000   	3    	5.084670e-02

Maior profundidade das árvores:
n_persons	index	time        	depth
100000   	0    	4.423400e-03	44   
100000   	1    	4.400600e-03	39   
100000   	2    	4.953500e-03	39   
100000   	3    	4.914900e-03	41   

Número de nós em cada nível:
n_persons	index	time        	lvl0  	lvl1  	lvl2  	lvl3  	lvl4  	lvl5  	lvl6  	lvl7  	lvl8  	lvl9  	lvl10 	lvl11 	lvl12 	lvl13 	lvl14 	lvl15 	lvl16 	lvl17 	lvl18 	lvl19 	lvl20 	lvl21 	lvl22 	lvl23 	lvl24 	lvl25 	lvl26 	lvl27 	lvl28 	lvl29 	lvl30 	lvl31 	lvl32 	lvl33 	lvl34 	lvl35 	lvl36 	lvl37 	lvl38 	lvl39 	lvl40 	lvl41 	lvl42 	lvl43 	lvl44 
100000   	0    	4.330000e-03	1     	2     	4     	8     	16    	32    	62    	120   	216   	385   	657   	1055  	1587  	2253  	3108  	4044  	4986  	5732  	6449  	6904  	7176  	7318  	7240  	6908  	6258  	5688  	5001  	4277  	3541  	2701  	2044  	1464  	1048  	696   	452   	257   	159   	76    	40    	17    	10    	3     	3     	1     	1     
100000   	1    	4.007300e-03	1     	2     	4     	8     	16    	32    	62    	120   	237   	455   	797   	1348  	2093  	3095  	4360  	5686  	6996  	8054  	8668  	8733  	8437  	7786  	6872  	6011  	4948  	4057  	3205  	2404  	1745  	1239  	867   	609   	451   	288   	164   	88    	34    	17    	9     	2     	nan   	nan   	nan   	nan   	nan   
100000   	2    	4.262800e-03	1     	2     	4     	8     	16    	32    	64    	125   	235   	422   	710   	1167  	1786  	2586  	3705  	5021  	6363  	7571  	8475  	9010  	9171  	8700  	7945  	6874  	5537  	4376  	3369  	2437  	1698  	1118  	677   	403   	190   	106   	51    	25    	13    	4     	2     	1     	nan   	nan   	nan   	nan   	nan   
100000   	3    	4.588200e-03	1     	2     	4     	8     	16    	32    	62    	121   	229   	410   	710   	1134  	1743  	2531  	3454  	4501  	5571  	6703  	7580  	8079  	8298  	8146  	7705  	7044  	6159  	5130  	4030  	3202  	2430  	1767  	1207  	790   	510   	300   	184   	110   	56    	27    	7     	3     	2     	2     	nan   	nan   	nan   

