Criação das árvores ordenadas:
n_persons	index	time        
100000   	0    	5.434030e-02
100000   	1    	6.330110e-02
100000   	2    	5.363650e-02
100000   	3    	4.747080e-02

Procura de nós nas árvores:
n_persons	index	time        
100000   	0    	5.137350e-02
100000   	1    	6.593980e-02
100000   	2    	5.610250e-02
100000   	3    	5.098840e-02

Maior profundidade das árvores:
n_persons	index	time        	depth
100000   	0    	4.399000e-03	39   
100000   	1    	4.362900e-03	40   
100000   	2    	4.866300e-03	38   
100000   	3    	5.199700e-03	37   

Número de nós em cada nível:
n_persons	index	time        	lvl0  	lvl1  	lvl2  	lvl3  	lvl4  	lvl5  	lvl6  	lvl7  	lvl8  	lvl9  	lvl10 	lvl11 	lvl12 	lvl13 	lvl14 	lvl15 	lvl16 	lvl17 	lvl18 	lvl19 	lvl20 	lvl21 	lvl22 	lvl23 	lvl24 	lvl25 	lvl26 	lvl27 	lvl28 	lvl29 	lvl30 	lvl31 	lvl32 	lvl33 	lvl34 	lvl35 	lvl36 	lvl37 	lvl38 	lvl39 	lvl40 
100000   	0    	3.947600e-03	1     	2     	4     	8     	16    	32    	63    	117   	213   	391   	678   	1108  	1752  	2664  	3714  	4987  	6421  	7758  	8787  	9330  	9231  	8856  	7907  	6647  	5454  	4235  	3169  	2246  	1515  	979   	646   	428   	277   	170   	87    	55    	28    	18    	5     	1     	nan   
100000   	1    	4.991000e-03	1     	2     	4     	8     	16    	32    	58    	102   	157   	268   	440   	709   	1106  	1713  	2490  	3531  	4779  	6039  	7346  	8425  	9277  	9579  	9299  	8442  	7146  	5845  	4508  	3154  	2213  	1412  	864   	480   	269   	119   	67    	47    	31    	11    	6     	4     	1     
100000   	2    	4.255500e-03	1     	2     	4     	8     	16    	32    	63    	124   	239   	442   	788   	1291  	2036  	3001  	4116  	5439  	6734  	7924  	8707  	9028  	8789  	8371  	7485  	6412  	5290  	4217  	3113  	2250  	1544  	1035  	652   	391   	218   	122   	57    	37    	16    	5     	1     	nan   	nan   
100000   	3    	4.591400e-03	1     	2     	4     	8     	16    	32    	64    	123   	234   	427   	744   	1228  	1930  	2858  	4038  	5323  	6650  	7875  	8766  	9207  	9214  	8621  	7790  	6610  	5343  	4209  	3044  	2112  	1400  	911   	554   	306   	169   	104   	54    	20    	8     	1     	nan   	nan   	nan   

