Criação das árvores ordenadas:
n_persons	index	time        
100000   	0    	5.640620e-02
100000   	1    	6.424760e-02
100000   	2    	5.296380e-02
100000   	3    	4.763190e-02

Procura de nós nas árvores:
n_persons	index	time        
100000   	0    	5.153730e-02
100000   	1    	6.346510e-02
100000   	2    	6.033030e-02
100000   	3    	5.148810e-02

Maior profundidade das árvores:
n_persons	index	time        	depth
100000   	0    	4.395500e-03	37   
100000   	1    	4.476700e-03	38   
100000   	2    	5.037600e-03	40   
100000   	3    	5.223900e-03	39   

Número de nós em cada nível:
n_persons	index	time        	lvl0  	lvl1  	lvl2  	lvl3  	lvl4  	lvl5  	lvl6  	lvl7  	lvl8  	lvl9  	lvl10 	lvl11 	lvl12 	lvl13 	lvl14 	lvl15 	lvl16 	lvl17 	lvl18 	lvl19 	lvl20 	lvl21 	lvl22 	lvl23 	lvl24 	lvl25 	lvl26 	lvl27 	lvl28 	lvl29 	lvl30 	lvl31 	lvl32 	lvl33 	lvl34 	lvl35 	lvl36 	lvl37 	lvl38 	lvl39 	lvl40 
100000   	0    	4.020600e-03	1     	2     	4     	8     	16    	32    	64    	125   	236   	442   	763   	1272  	1999  	2977  	4103  	5370  	6616  	7653  	8426  	8881  	8783  	8342  	7621  	6532  	5355  	4307  	3360  	2434  	1698  	1126  	666   	375   	193   	110   	52    	30    	19    	7     	nan   	nan   	nan   
100000   	1    	3.850400e-03	1     	2     	4     	8     	16    	32    	63    	108   	194   	336   	589   	997   	1557  	2286  	3213  	4302  	5506  	6776  	7845  	8492  	8986  	8929  	8426  	7582  	6488  	5347  	3998  	2859  	1971  	1333  	825   	458   	251   	132   	61    	21    	4     	1     	1     	nan   	nan   
100000   	2    	4.325900e-03	1     	2     	4     	8     	16    	32    	63    	120   	226   	400   	701   	1164  	1836  	2788  	3916  	5411  	6834  	8061  	8984  	9576  	9608  	9222  	8126  	6778  	5303  	3834  	2620  	1769  	1107  	699   	365   	220   	105   	47    	18    	16    	9     	6     	3     	1     	1     
100000   	3    	4.601000e-03	1     	2     	4     	8     	16    	32    	64    	125   	238   	438   	762   	1246  	1952  	2848  	3941  	5165  	6422  	7593  	8310  	8632  	8632  	8237  	7428  	6431  	5401  	4444  	3482  	2651  	1944  	1375  	872   	564   	353   	208   	100   	52    	17    	8     	1     	1     	nan   

