Criação das árvores ordenadas:
n_persons	index	time        
100000   	0    	5.015880e-02
100000   	1    	6.136470e-02
100000   	2    	5.369700e-02
100000   	3    	5.049140e-02

Procura de nós nas árvores:
n_persons	index	time        
100000   	0    	5.484140e-02
100000   	1    	6.023200e-02
100000   	2    	5.581590e-02
100000   	3    	4.838670e-02

Maior profundidade das árvores:
n_persons	index	time        	depth
100000   	0    	4.344300e-03	38   
100000   	1    	4.280100e-03	41   
100000   	2    	4.855700e-03	36   
100000   	3    	5.300000e-03	42   

Número de nós em cada nível:
n_persons	index	time        	lvl0  	lvl1  	lvl2  	lvl3  	lvl4  	lvl5  	lvl6  	lvl7  	lvl8  	lvl9  	lvl10 	lvl11 	lvl12 	lvl13 	lvl14 	lvl15 	lvl16 	lvl17 	lvl18 	lvl19 	lvl20 	lvl21 	lvl22 	lvl23 	lvl24 	lvl25 	lvl26 	lvl27 	lvl28 	lvl29 	lvl30 	lvl31 	lvl32 	lvl33 	lvl34 	lvl35 	lvl36 	lvl37 	lvl38 	lvl39 	lvl40 	lvl41 	lvl42 
100000   	0    	4.020800e-03	1     	2     	4     	8     	16    	32    	64    	124   	235   	424   	724   	1182  	1825  	2660  	3715  	4964  	6162  	7271  	8189  	8892  	9096  	8797  	8090  	6960  	5805  	4500  	3365  	2447  	1783  	1159  	707   	396   	214   	102   	46    	22    	11    	4     	2     	nan   	nan   	nan   	nan   
100000   	1    	4.029300e-03	1     	2     	4     	8     	16    	32    	64    	126   	238   	442   	784   	1244  	1947  	2819  	3914  	5023  	6174  	7226  	8056  	8423  	8357  	8053  	7437  	6534  	5560  	4592  	3632  	2804  	2081  	1443  	995   	699   	499   	359   	198   	109   	52    	33    	10    	5     	3     	2     	nan   
100000   	2    	4.709200e-03	1     	2     	4     	8     	16    	32    	63    	123   	235   	445   	800   	1370  	2194  	3358  	4781  	6354  	7898  	9104  	9793  	9928  	9552  	8646  	7213  	5652  	4186  	3013  	2063  	1322  	785   	484   	291   	143   	71    	44    	19    	5     	2     	nan   	nan   	nan   	nan   	nan   	nan   
100000   	3    	4.703200e-03	1     	2     	4     	8     	16    	32    	64    	125   	244   	449   	810   	1366  	2167  	3251  	4633  	6089  	7447  	8630  	9381  	9589  	9226  	8390  	7279  	5870  	4498  	3357  	2442  	1675  	1116  	694   	438   	255   	166   	116   	75    	41    	26    	11    	6     	5     	3     	2     	1     

