Criação das árvores ordenadas:
n_persons	index	time        
100000   	0    	5.987550e-02
100000   	1    	6.523720e-02
100000   	2    	5.697580e-02
100000   	3    	5.030150e-02

Procura de nós nas árvores:
n_persons	index	time        
100000   	0    	5.255520e-02
100000   	1    	6.327750e-02
100000   	2    	6.069010e-02
100000   	3    	5.019430e-02

Maior profundidade das árvores:
n_persons	index	time        	depth
100000   	0    	5.266300e-03	40   
100000   	1    	4.919200e-03	42   
100000   	2    	5.464600e-03	40   
100000   	3    	7.676700e-03	38   

Número de nós em cada nível:
n_persons	index	time        	lvl0  	lvl1  	lvl2  	lvl3  	lvl4  	lvl5  	lvl6  	lvl7  	lvl8  	lvl9  	lvl10 	lvl11 	lvl12 	lvl13 	lvl14 	lvl15 	lvl16 	lvl17 	lvl18 	lvl19 	lvl20 	lvl21 	lvl22 	lvl23 	lvl24 	lvl25 	lvl26 	lvl27 	lvl28 	lvl29 	lvl30 	lvl31 	lvl32 	lvl33 	lvl34 	lvl35 	lvl36 	lvl37 	lvl38 	lvl39 	lvl40 	lvl41 	lvl42 
100000   	0    	4.371000e-03	1     	2     	4     	8     	15    	30    	58    	111   	203   	361   	611   	1026  	1639  	2461  	3452  	4494  	5745  	6875  	7827  	8521  	8912  	8794  	8140  	7176  	6043  	4843  	3845  	2868  	2143  	1476  	957   	599   	349   	211   	99    	57    	28    	9     	3     	2     	2     	nan   	nan   
100000   	1    	5.326800e-03	1     	2     	4     	8     	16    	32    	64    	123   	216   	376   	641   	1070  	1636  	2402  	3277  	4277  	5307  	6353  	7181  	7723  	7928  	7938  	7619  	7054  	6144  	5378  	4437  	3469  	2664  	1919  	1487  	1100  	771   	541   	350   	218   	127   	67    	42    	18    	10    	8     	2     
100000   	2    	5.095100e-03	1     	2     	4     	8     	16    	32    	64    	119   	216   	367   	613   	936   	1446  	2139  	3050  	4131  	5433  	6728  	7863  	8571  	8947  	8901  	8437  	7512  	6313  	5082  	3917  	2971  	2123  	1533  	981   	598   	417   	250   	133   	75    	45    	17    	5     	3     	1     	nan   	nan   
100000   	3    	4.360300e-03	1     	2     	4     	8     	16    	32    	62    	122   	229   	405   	693   	1114  	1663  	2411  	3336  	4533  	5765  	6836  	7729  	8393  	8792  	8714  	8168  	7302  	6242  	5181  	3900  	2798  	1988  	1389  	873   	570   	319   	185   	109   	66    	35    	11    	4     	nan   	nan   	nan   	nan   

