Criação das árvores ordenadas:
n_persons	index	time        
100000   	0    	6.449230e-02
100000   	1    	6.607810e-02
100000   	2    	5.792580e-02
100000   	3    	6.205840e-02

Procura de nós nas árvores:
n_persons	index	time        
100000   	0    	7.560700e-02
100000   	1    	7.947960e-02
100000   	2    	6.248030e-02
100000   	3    	5.921170e-02

Maior profundidade das árvores:
n_persons	index	time        	depth
100000   	0    	5.146300e-03	37   
100000   	1    	4.987300e-03	41   
100000   	2    	5.636400e-03	38   
100000   	3    	5.274100e-03	38   

Número de nós em cada nível:
n_persons	index	time        	lvl0  	lvl1  	lvl2  	lvl3  	lvl4  	lvl5  	lvl6  	lvl7  	lvl8  	lvl9  	lvl10 	lvl11 	lvl12 	lvl13 	lvl14 	lvl15 	lvl16 	lvl17 	lvl18 	lvl19 	lvl20 	lvl21 	lvl22 	lvl23 	lvl24 	lvl25 	lvl26 	lvl27 	lvl28 	lvl29 	lvl30 	lvl31 	lvl32 	lvl33 	lvl34 	lvl35 	lvl36 	lvl37 	lvl38 	lvl39 	lvl40 	lvl41 
100000   	0    	4.706800e-03	1     	2     	4     	8     	16    	30    	58    	107   	196   	359   	612   	1032  	1622  	2432  	3482  	4686  	5946  	7064  	8050  	8794  	8810  	8510  	7973  	7169  	6002  	4921  	3956  	2920  	2056  	1322  	833   	496   	290   	146   	65    	20    	9     	1     	nan   	nan   	nan   	nan   
100000   	1    	4.585700e-03	1     	2     	4     	8     	16    	32    	64    	127   	238   	419   	705   	1093  	1652  	2352  	3256  	4372  	5584  	6595  	7572  	8308  	8642  	8474  	7957  	7178  	6125  	5088  	3963  	2974  	2225  	1600  	1098  	801   	520   	354   	226   	162   	95    	56    	35    	18    	8     	1     
100000   	2    	4.929900e-03	1     	2     	4     	8     	16    	32    	64    	128   	249   	465   	822   	1360  	2123  	3054  	4224  	5457  	6741  	7797  	8547  	8994  	8855  	8251  	7401  	6300  	5271  	4193  	3130  	2252  	1512  	1051  	659   	445   	299   	157   	81    	33    	16    	5     	1     	nan   	nan   	nan   
100000   	3    	4.976800e-03	1     	2     	4     	8     	16    	32    	64    	127   	239   	440   	774   	1331  	2136  	3185  	4518  	6023  	7449  	8575  	9189  	9483  	9133  	8454  	7390  	6002  	4690  	3495  	2543  	1768  	1124  	729   	464   	279   	178   	93    	36    	18    	5     	2     	1     	nan   	nan   	nan   

