Criação das árvores ordenadas:
n_persons	index	time        
100000   	0    	5.256570e-02
100000   	1    	6.613200e-02
100000   	2    	5.732630e-02
100000   	3    	4.875640e-02

Procura de nós nas árvores:
n_persons	index	time        
100000   	0    	5.807200e-02
100000   	1    	7.555970e-02
100000   	2    	6.242560e-02
100000   	3    	5.445350e-02

Maior profundidade das árvores:
n_persons	index	time        	depth
100000   	0    	5.143300e-03	42   
100000   	1    	4.709800e-03	38   
100000   	2    	5.156000e-03	40   
100000   	3    	5.512300e-03	40   

Número de nós em cada nível:
n_persons	index	time        	lvl0  	lvl1  	lvl2  	lvl3  	lvl4  	lvl5  	lvl6  	lvl7  	lvl8  	lvl9  	lvl10 	lvl11 	lvl12 	lvl13 	lvl14 	lvl15 	lvl16 	lvl17 	lvl18 	lvl19 	lvl20 	lvl21 	lvl22 	lvl23 	lvl24 	lvl25 	lvl26 	lvl27 	lvl28 	lvl29 	lvl30 	lvl31 	lvl32 	lvl33 	lvl34 	lvl35 	lvl36 	lvl37 	lvl38 	lvl39 	lvl40 	lvl41 	lvl42 
100000   	0    	4.135800e-03	1     	2     	4     	8     	15    	27    	52    	100   	180   	322   	586   	978   	1585  	2423  	3453  	4756  	6055  	7436  	8575  	9211  	9320  	9019  	8308  	7238  	5930  	4565  	3366  	2416  	1584  	1023  	632   	386   	223   	117   	47    	25    	9     	8     	5     	4     	3     	1     	2     
100000   	1    	3.853700e-03	1     	2     	4     	8     	16    	32    	62    	116   	218   	390   	652   	1064  	1633  	2297  	3081  	3906  	4740  	5513  	6284  	7021  	7554  	7961  	8111  	7629  	7042  	6127  	5022  	4053  	3047  	2254  	1625  	1066  	691   	396   	219   	107   	44    	10    	2     	nan   	nan   	nan   	nan   
100000   	2    	4.973900e-03	1     	2     	4     	8     	16    	32    	63    	122   	226   	404   	680   	1094  	1700  	2496  	3417  	4496  	5636  	6765  	7715  	8492  	8646  	8525  	8151  	7339  	6322  	5024  	3842  	2881  	2020  	1397  	965   	607   	394   	249   	141   	64    	29    	16    	12    	5     	2     	nan   	nan   
100000   	3    	4.722900e-03	1     	2     	4     	8     	16    	32    	64    	124   	238   	439   	757   	1185  	1788  	2568  	3575  	4697  	5817  	6958  	7878  	8337  	8526  	8286  	7759  	6945  	5974  	4884  	3863  	2920  	2185  	1589  	1011  	670   	405   	231   	139   	68    	33    	16    	5     	2     	1     	nan   	nan   

