Criação das árvores ordenadas:
n_persons	index	time        
100000   	0    	5.381220e-02
100000   	1    	6.259300e-02
100000   	2    	5.590800e-02
100000   	3    	4.810890e-02

Procura de nós nas árvores:
n_persons	index	time        
100000   	0    	5.408980e-02
100000   	1    	6.417190e-02
100000   	2    	5.983040e-02
100000   	3    	5.573860e-02

Maior profundidade das árvores:
n_persons	index	time        	depth
100000   	0    	1.485350e-02	38   
100000   	1    	6.288400e-03	44   
100000   	2    	6.705200e-03	39   
100000   	3    	1.336850e-02	39   

Número de nós em cada nível:
n_persons	index	time        	lvl0  	lvl1  	lvl2  	lvl3  	lvl4  	lvl5  	lvl6  	lvl7  	lvl8  	lvl9  	lvl10 	lvl11 	lvl12 	lvl13 	lvl14 	lvl15 	lvl16 	lvl17 	lvl18 	lvl19 	lvl20 	lvl21 	lvl22 	lvl23 	lvl24 	lvl25 	lvl26 	lvl27 	lvl28 	lvl29 	lvl30 	lvl31 	lvl32 	lvl33 	lvl34 	lvl35 	lvl36 	lvl37 	lvl38 	lvl39 	lvl40 	lvl41 	lvl42 	lvl43 	lvl44 
100000   	0    	7.730600e-03	1     	2     	4     	8     	16    	32    	64    	125   	244   	436   	768   	1276  	1996  	2947  	4070  	5143  	6350  	7326  	8075  	8546  	8543  	8156  	7511  	6621  	5595  	4561  	3542  	2689  	1994  	1352  	881   	545   	277   	164   	70    	34    	21    	12    	3     	nan   	nan   	nan   	nan   	nan   	nan   
100000   	1    	9.506300e-03	1     	2     	4     	8     	16    	32    	64    	127   	245   	449   	785   	1344  	2125  	3182  	4385  	5723  	6870  	7816  	8560  	8747  	8643  	8232  	7600  	6542  	5410  	4244  	3093  	2088  	1444  	933   	576   	324   	182   	80    	40    	34    	24    	10    	4     	2     	2     	2     	3     	2     	1     
100000   	2    	8.928800e-03	1     	2     	4     	8     	16    	32    	64    	126   	241   	439   	772   	1306  	2059  	3139  	4400  	5712  	6979  	8125  	8917  	9266  	8986  	8443  	7529  	6422  	5176  	3869  	2776  	1912  	1305  	813   	482   	300   	182   	97    	52    	26    	12    	8     	1     	1     	nan   	nan   	nan   	nan   	nan   
100000   	3    	9.058300e-03	1     	2     	4     	8     	16    	32    	64    	123   	229   	417   	719   	1208  	1898  	2808  	3834  	5071  	6324  	7368  	8200  	8588  	8526  	8305  	7612  	6786  	5692  	4665  	3650  	2741  	1952  	1272  	799   	494   	271   	163   	84    	44    	17    	10    	2     	1     	nan   	nan   	nan   	nan   	nan   

