Criação das árvores ordenadas:
n_persons	index	time        
100000   	0    	7.122330e-02
100000   	1    	8.757230e-02
100000   	2    	8.052720e-02
100000   	3    	7.160580e-02

Procura de nós nas árvores:
n_persons	index	time        
100000   	0    	7.414350e-02
100000   	1    	1.378246e-01
100000   	2    	9.573250e-02
100000   	3    	7.656420e-02

Maior profundidade das árvores:
n_persons	index	time        	depth
100000   	0    	7.061000e-03	40   
100000   	1    	5.514200e-03	38   
100000   	2    	5.948100e-03	39   
100000   	3    	6.338300e-03	38   

Número de nós em cada nível:
n_persons	index	time        	lvl0  	lvl1  	lvl2  	lvl3  	lvl4  	lvl5  	lvl6  	lvl7  	lvl8  	lvl9  	lvl10 	lvl11 	lvl12 	lvl13 	lvl14 	lvl15 	lvl16 	lvl17 	lvl18 	lvl19 	lvl20 	lvl21 	lvl22 	lvl23 	lvl24 	lvl25 	lvl26 	lvl27 	lvl28 	lvl29 	lvl30 	lvl31 	lvl32 	lvl33 	lvl34 	lvl35 	lvl36 	lvl37 	lvl38 	lvl39 	lvl40 
100000   	0    	4.765500e-03	1     	2     	4     	8     	16    	32    	63    	123   	232   	413   	690   	1143  	1758  	2588  	3662  	4795  	6070  	7216  	8155  	8844  	9043  	8647  	7933  	6899  	5594  	4406  	3284  	2460  	1797  	1267  	904   	655   	486   	314   	232   	137   	66    	40    	14    	6     	1     
100000   	1    	4.498800e-03	1     	2     	4     	8     	16    	32    	63    	120   	223   	416   	705   	1121  	1727  	2532  	3543  	4746  	6008  	7339  	8355  	9107  	9174  	8885  	8042  	7051  	5821  	4585  	3456  	2490  	1680  	1105  	715   	420   	253   	127   	68    	38    	17    	4     	1     	nan   	nan   
100000   	2    	5.223100e-03	1     	2     	4     	8     	16    	32    	64    	128   	244   	449   	766   	1258  	1959  	2890  	3977  	5256  	6537  	7638  	8548  	9008  	9055  	8542  	7597  	6578  	5447  	4298  	3214  	2286  	1605  	1111  	677   	396   	222   	108   	45    	22    	9     	1     	1     	1     	nan   
100000   	3    	5.149700e-03	1     	2     	4     	8     	16    	32    	64    	128   	243   	433   	759   	1269  	1961  	2877  	4063  	5411  	6769  	7897  	8683  	8952  	8943  	8409  	7541  	6353  	5148  	4035  	3044  	2237  	1598  	1109  	761   	508   	330   	194   	105   	70    	28    	11    	4     	nan   	nan   

