Criação das árvores ordenadas:
n_persons	index	time        
100000   	0    	5.431620e-02
100000   	1    	6.254250e-02
100000   	2    	5.424210e-02
100000   	3    	4.638620e-02

Procura de nós nas árvores:
n_persons	index	time        
100000   	0    	5.237330e-02
100000   	1    	6.226930e-02
100000   	2    	7.559320e-02
100000   	3    	6.972080e-02

Maior profundidade das árvores:
n_persons	index	time        	depth
100000   	0    	6.305300e-03	45   
100000   	1    	5.459000e-03	37   
100000   	2    	6.317200e-03	38   
100000   	3    	6.557700e-03	39   

Número de nós em cada nível:
n_persons	index	time        	lvl0  	lvl1  	lvl2  	lvl3  	lvl4  	lvl5  	lvl6  	lvl7  	lvl8  	lvl9  	lvl10 	lvl11 	lvl12 	lvl13 	lvl14 	lvl15 	lvl16 	lvl17 	lvl18 	lvl19 	lvl20 	lvl21 	lvl22 	lvl23 	lvl24 	lvl25 	lvl26 	lvl27 	lvl28 	lvl29 	lvl30 	lvl31 	lvl32 	lvl33 	lvl34 	lvl35 	lvl36 	lvl37 	lvl38 	lvl39 	lvl40 	lvl41 	lvl42 	lvl43 	lvl44 	lvl45 
100000   	0    	4.693300e-03	1     	2     	4     	7     	14    	27    	49    	91    	161   	286   	486   	786   	1222  	1811  	2542  	3487  	4474  	5608  	6626  	7373  	7821  	8037  	7932  	7487  	6829  	5953  	4924  	3909  	3163  	2358  	1710  	1281  	960   	725   	549   	376   	259   	209   	159   	117   	74    	54    	32    	16    	6     	3     
100000   	1    	4.562300e-03	1     	2     	4     	8     	16    	32    	61    	117   	216   	383   	648   	1072  	1685  	2558  	3615  	4797  	6079  	7326  	8499  	9163  	9307  	9045  	8287  	7224  	5971  	4591  	3333  	2378  	1571  	967   	544   	261   	136   	70    	24    	7     	1     	1     	nan   	nan   	nan   	nan   	nan   	nan   	nan   	nan   
100000   	2    	5.988300e-03	1     	2     	4     	8     	16    	32    	62    	120   	225   	413   	720   	1183  	1822  	2593  	3564  	4661  	5720  	6830  	7669  	8191  	8569  	8490  	8166  	7339  	6288  	5110  	3942  	2900  	2050  	1358  	848   	499   	313   	159   	74    	36    	18    	4     	1     	nan   	nan   	nan   	nan   	nan   	nan   	nan   
100000   	3    	4.806200e-03	1     	2     	4     	8     	16    	32    	63    	122   	237   	435   	757   	1275  	2031  	3025  	4179  	5517  	6816  	7843  	8627  	9062  	9001  	8408  	7580  	6444  	5295  	4132  	3136  	2197  	1537  	1018  	581   	302   	159   	79    	31    	23    	14    	6     	3     	2     	nan   	nan   	nan   	nan   	nan   	nan   

