Criação das árvores ordenadas:
n_persons	index	time        
100000   	0    	1.221949e-01
100000   	1    	1.194199e-01
100000   	2    	6.989800e-02
100000   	3    	6.979490e-02

Procura de nós nas árvores:
n_persons	index	time        
100000   	0    	8.027460e-02
100000   	1    	7.971240e-02
100000   	2    	7.266650e-02
100000   	3    	6.114500e-02

Maior profundidade das árvores:
n_persons	index	time        	depth
100000   	0    	5.135600e-03	40   
100000   	1    	4.711300e-03	40   
100000   	2    	6.157100e-03	36   
100000   	3    	5.638000e-03	39   

Número de nós em cada nível:
n_persons	index	time        	lvl0  	lvl1  	lvl2  	lvl3  	lvl4  	lvl5  	lvl6  	lvl7  	lvl8  	lvl9  	lvl10 	lvl11 	lvl12 	lvl13 	lvl14 	lvl15 	lvl16 	lvl17 	lvl18 	lvl19 	lvl20 	lvl21 	lvl22 	lvl23 	lvl24 	lvl25 	lvl26 	lvl27 	lvl28 	lvl29 	lvl30 	lvl31 	lvl32 	lvl33 	lvl34 	lvl35 	lvl36 	lvl37 	lvl38 	lvl39 	lvl40 
100000   	0    	4.344100e-03	1     	2     	4     	8     	16    	32    	64    	126   	249   	468   	842   	1388  	2159  	3148  	4273  	5570  	6699  	7698  	8446  	8676  	8522  	8085  	7345  	6304  	5244  	4204  	3247  	2425  	1736  	1146  	740   	460   	312   	174   	93    	41    	24    	15    	10    	3     	1     
100000   	1    	6.218900e-03	1     	2     	4     	8     	16    	32    	57    	110   	202   	345   	553   	869   	1300  	1845  	2540  	3419  	4484  	5544  	6515  	7340  	7932  	8057  	7868  	7460  	6760  	6081  	5234  	4210  	3289  	2583  	1839  	1306  	881   	566   	350   	195   	127   	49    	21    	5     	1     
100000   	2    	6.548500e-03	1     	2     	4     	8     	16    	32    	63    	124   	241   	455   	831   	1418  	2251  	3371  	4688  	6160  	7642  	8887  	9530  	9718  	9324  	8494  	7154  	5760  	4398  	3245  	2316  	1522  	986   	617   	360   	213   	101   	39    	16    	10    	3     	nan   	nan   	nan   	nan   
100000   	3    	5.027100e-03	1     	2     	4     	8     	16    	32    	64    	122   	233   	432   	755   	1284  	2061  	3095  	4339  	5765  	7095  	8263  	8980  	9316  	9062  	8505  	7588  	6364  	5105  	3919  	2806  	1850  	1207  	743   	438   	242   	134   	76    	39    	31    	14    	7     	2     	1     	nan   

