Criação das árvores ordenadas:
n_persons	index	time        
100000   	0    	5.071430e-02
100000   	1    	6.104810e-02
100000   	2    	6.065960e-02
100000   	3    	4.941740e-02

Procura de nós nas árvores:
n_persons	index	time        
100000   	0    	5.378130e-02
100000   	1    	6.296740e-02
100000   	2    	5.635390e-02
100000   	3    	4.852290e-02

Maior profundidade das árvores:
n_persons	index	time        	depth
100000   	0    	4.591800e-03	40   
100000   	1    	4.519700e-03	38   
100000   	2    	4.892700e-03	41   
100000   	3    	4.959600e-03	40   

Número de nós em cada nível:
n_persons	index	time        	lvl0  	lvl1  	lvl2  	lvl3  	lvl4  	lvl5  	lvl6  	lvl7  	lvl8  	lvl9  	lvl10 	lvl11 	lvl12 	lvl13 	lvl14 	lvl15 	lvl16 	lvl17 	lvl18 	lvl19 	lvl20 	lvl21 	lvl22 	lvl23 	lvl24 	lvl25 	lvl26 	lvl27 	lvl28 	lvl29 	lvl30 	lvl31 	lvl32 	lvl33 	lvl34 	lvl35 	lvl36 	lvl37 	lvl38 	lvl39 	lvl40 	lvl41 
100000   	0    	4.240000e-03	1     	2     	4     	8     	16    	32    	63    	117   	216   	372   	598   	932   	1422  	2120  	3087  	4232  	5481  	6896  	8094  	8838  	9147  	8970  	8389  	7574  	6478  	5133  	3939  	2932  	1994  	1270  	773   	438   	217   	111   	50    	31    	10    	6     	4     	2     	1     	nan   
100000   	1    	4.077600e-03	1     	2     	4     	8     	16    	31    	59    	114   	205   	359   	611   	1025  	1628  	2428  	3408  	4606  	5794  	6926  	7920  	8671  	9029  	8992  	8510  	7505  	6364  	5037  	3788  	2680  	1714  	1111  	682   	402   	203   	104   	37    	18    	6     	1     	1     	nan   	nan   	nan   
100000   	2    	4.437800e-03	1     	2     	4     	8     	16    	32    	62    	118   	227   	412   	698   	1117  	1708  	2455  	3363  	4315  	5378  	6404  	7195  	7704  	7800  	7784  	7404  	6761  	6082  	5362  	4527  	3619  	2845  	2150  	1568  	1089  	759   	454   	263   	141   	69    	48    	32    	17    	5     	2     
100000   	3    	4.533600e-03	1     	2     	4     	8     	15    	27    	44    	78    	134   	240   	440   	771   	1278  	2025  	3033  	4230  	5621  	6988  	8276  	9179  	9652  	9454  	8656  	7468  	6133  	4783  	3681  	2657  	1845  	1265  	801   	521   	297   	186   	91    	51    	42    	13    	7     	2     	1     	nan   

