Criação das árvores ordenadas:
n_persons	index	time        
100000   	0    	5.207820e-02
100000   	1    	6.217260e-02
100000   	2    	5.617530e-02
100000   	3    	4.774390e-02

Procura de nós nas árvores:
n_persons	index	time        
100000   	0    	5.527760e-02
100000   	1    	6.553090e-02
100000   	2    	5.901280e-02
100000   	3    	7.926550e-02

Maior profundidade das árvores:
n_persons	index	time        	depth
100000   	0    	6.370600e-03	42   
100000   	1    	6.669600e-03	40   
100000   	2    	9.181300e-03	40   
100000   	3    	6.742400e-03	43   

Número de nós em cada nível:
n_persons	index	time        	lvl0  	lvl1  	lvl2  	lvl3  	lvl4  	lvl5  	lvl6  	lvl7  	lvl8  	lvl9  	lvl10 	lvl11 	lvl12 	lvl13 	lvl14 	lvl15 	lvl16 	lvl17 	lvl18 	lvl19 	lvl20 	lvl21 	lvl22 	lvl23 	lvl24 	lvl25 	lvl26 	lvl27 	lvl28 	lvl29 	lvl30 	lvl31 	lvl32 	lvl33 	lvl34 	lvl35 	lvl36 	lvl37 	lvl38 	lvl39 	lvl40 	lvl41 	lvl42 	lvl43 
100000   	0    	4.906700e-03	1     	2     	4     	8     	16    	32    	63    	123   	231   	417   	698   	1140  	1764  	2571  	3585  	4756  	5988  	7176  	8236  	9006  	9145  	8677  	7776  	6678  	5532  	4381  	3313  	2416  	1818  	1351  	1015  	721   	493   	318   	223   	154   	84    	44    	21    	11    	6     	2     	4     	nan   
100000   	1    	5.081300e-03	1     	2     	4     	8     	16    	32    	64    	127   	244   	429   	725   	1207  	1830  	2572  	3484  	4479  	5532  	6410  	7176  	7713  	8198  	8150  	7986  	7273  	6410  	5364  	4273  	3341  	2429  	1681  	1114  	706   	435   	268   	154   	86    	43    	21    	7     	4     	2     	nan   	nan   	nan   
100000   	2    	6.180900e-03	1     	2     	4     	8     	16    	31    	61    	117   	215   	382   	622   	975   	1522  	2186  	3092  	4059  	5051  	6002  	6972  	7771  	8196  	8349  	8161  	7515  	6608  	5485  	4588  	3535  	2722  	1967  	1371  	915   	607   	369   	221   	137   	76    	55    	25    	8     	1     	nan   	nan   	nan   
100000   	3    	5.347000e-03	1     	2     	4     	8     	16    	32    	62    	117   	224   	377   	619   	1000  	1542  	2255  	3184  	4273  	5358  	6360  	7227  	7901  	8306  	8395  	7850  	7109  	6106  	5032  	4022  	3155  	2518  	1966  	1510  	1141  	831   	584   	352   	210   	139   	94    	62    	35    	12    	6     	2     	1     

