Criação das árvores ordenadas:
n_persons	index	time        
100000   	0    	5.584050e-02
100000   	1    	6.310190e-02
100000   	2    	5.693340e-02
100000   	3    	4.735630e-02

Procura de nós nas árvores:
n_persons	index	time        
100000   	0    	5.174750e-02
100000   	1    	5.924090e-02
100000   	2    	5.560350e-02
100000   	3    	4.942480e-02

Maior profundidade das árvores:
n_persons	index	time        	depth
100000   	0    	4.630600e-03	42   
100000   	1    	4.706600e-03	41   
100000   	2    	5.695800e-03	41   
100000   	3    	5.384300e-03	41   

Número de nós em cada nível:
n_persons	index	time        	lvl0  	lvl1  	lvl2  	lvl3  	lvl4  	lvl5  	lvl6  	lvl7  	lvl8  	lvl9  	lvl10 	lvl11 	lvl12 	lvl13 	lvl14 	lvl15 	lvl16 	lvl17 	lvl18 	lvl19 	lvl20 	lvl21 	lvl22 	lvl23 	lvl24 	lvl25 	lvl26 	lvl27 	lvl28 	lvl29 	lvl30 	lvl31 	lvl32 	lvl33 	lvl34 	lvl35 	lvl36 	lvl37 	lvl38 	lvl39 	lvl40 	lvl41 	lvl42 
100000   	0    	4.244800e-03	1     	2     	4     	8     	16    	32    	64    	126   	237   	420   	718   	1166  	1783  	2540  	3467  	4406  	5270  	5953  	6436  	6772  	6846  	6727  	6486  	6181  	5850  	5346  	4771  	4123  	3528  	2868  	2217  	1690  	1210  	922   	644   	474   	286   	207   	112   	52    	30    	7     	2     
100000   	1    	4.184000e-03	1     	2     	4     	8     	16    	32    	64    	127   	247   	463   	825   	1367  	2140  	3130  	4315  	5556  	6823  	7740  	8294  	8590  	8362  	7753  	6837  	5955  	4922  	4069  	3241  	2653  	2036  	1491  	1101  	723   	469   	291   	169   	91    	49    	27    	10    	4     	2     	1     	nan   
100000   	2    	5.251300e-03	1     	2     	4     	8     	16    	31    	62    	120   	219   	379   	628   	962   	1431  	2063  	2818  	3725  	4658  	5719  	6674  	7439  	8125  	8335  	8146  	7565  	6858  	5980  	5052  	4007  	2989  	2119  	1434  	898   	577   	373   	232   	156   	103   	56    	21    	10    	4     	1     	nan   
100000   	3    	4.957500e-03	1     	2     	4     	8     	16    	31    	61    	110   	202   	363   	618   	996   	1597  	2449  	3527  	4705  	5945  	7114  	7967  	8351  	8405  	8191  	7576  	6798  	5910  	4908  	3933  	3022  	2290  	1634  	1099  	782   	532   	331   	208   	129   	83    	48    	30    	15    	7     	2     	nan   

