Criação das árvores ordenadas:
n_persons	index	time        
100000   	0    	5.342190e-02
100000   	1    	6.416930e-02
100000   	2    	5.604000e-02
100000   	3    	4.880070e-02

Procura de nós nas árvores:
n_persons	index	time        
100000   	0    	5.566720e-02
100000   	1    	6.306560e-02
100000   	2    	5.966820e-02
100000   	3    	5.232340e-02

Maior profundidade das árvores:
n_persons	index	time        	depth
100000   	0    	4.587700e-03	38   
100000   	1    	4.244500e-03	40   
100000   	2    	4.861700e-03	39   
100000   	3    	4.926300e-03	43   

Número de nós em cada nível:
n_persons	index	time        	lvl0  	lvl1  	lvl2  	lvl3  	lvl4  	lvl5  	lvl6  	lvl7  	lvl8  	lvl9  	lvl10 	lvl11 	lvl12 	lvl13 	lvl14 	lvl15 	lvl16 	lvl17 	lvl18 	lvl19 	lvl20 	lvl21 	lvl22 	lvl23 	lvl24 	lvl25 	lvl26 	lvl27 	lvl28 	lvl29 	lvl30 	lvl31 	lvl32 	lvl33 	lvl34 	lvl35 	lvl36 	lvl37 	lvl38 	lvl39 	lvl40 	lvl41 	lvl42 	lvl43 
100000   	0    	4.460000e-03	1     	2     	4     	8     	16    	32    	63    	124   	233   	412   	712   	1162  	1798  	2665  	3726  	4839  	5991  	6950  	7708  	8143  	8331  	8210  	7595  	6881  	5945  	5006  	4034  	2997  	2215  	1561  	1089  	683   	393   	238   	131   	58    	30    	11    	3     	nan   	nan   	nan   	nan   	nan   
100000   	1    	4.208200e-03	1     	2     	4     	8     	16    	32    	64    	125   	229   	428   	781   	1346  	2193  	3307  	4665  	6065  	7259  	8085  	8647  	8770  	8643  	8012  	7137  	6192  	5137  	4056  	3075  	2239  	1446  	868   	512   	300   	181   	94    	34    	15    	12    	10    	6     	3     	1     	nan   	nan   	nan   
100000   	2    	4.310300e-03	1     	2     	4     	8     	16    	32    	63    	122   	228   	398   	665   	1049  	1593  	2301  	3124  	3979  	4950  	5955  	6879  	7605  	8024  	8030  	7786  	7268  	6519  	5706  	4660  	3685  	2840  	2136  	1531  	1069  	703   	469   	272   	159   	96    	44    	18    	11    	nan   	nan   	nan   	nan   
100000   	3    	4.531600e-03	1     	2     	4     	8     	16    	32    	62    	112   	192   	317   	553   	931   	1453  	2133  	3014  	4025  	5193  	6263  	7107  	7716  	7989  	7936  	7756  	7167  	6441  	5552  	4679  	3826  	2960  	2231  	1600  	1105  	669   	409   	258   	141   	77    	35    	20    	9     	2     	2     	1     	1     

