Criação das árvores ordenadas:
n_persons	index	time        
100000   	0    	5.243900e-02
100000   	1    	6.171290e-02
100000   	2    	5.453770e-02
100000   	3    	4.829780e-02

Procura de nós nas árvores:
n_persons	index	time        
100000   	0    	5.220300e-02
100000   	1    	6.224170e-02
100000   	2    	5.579810e-02
100000   	3    	4.946830e-02

Maior profundidade das árvores:
n_persons	index	time        	depth
100000   	0    	4.287400e-03	40   
100000   	1    	4.649800e-03	37   
100000   	2    	4.835700e-03	41   
100000   	3    	4.884600e-03	39   

Número de nós em cada nível:
n_persons	index	time        	lvl0  	lvl1  	lvl2  	lvl3  	lvl4  	lvl5  	lvl6  	lvl7  	lvl8  	lvl9  	lvl10 	lvl11 	lvl12 	lvl13 	lvl14 	lvl15 	lvl16 	lvl17 	lvl18 	lvl19 	lvl20 	lvl21 	lvl22 	lvl23 	lvl24 	lvl25 	lvl26 	lvl27 	lvl28 	lvl29 	lvl30 	lvl31 	lvl32 	lvl33 	lvl34 	lvl35 	lvl36 	lvl37 	lvl38 	lvl39 	lvl40 	lvl41 
100000   	0    	3.895400e-03	1     	2     	4     	8     	16    	32    	64    	121   	228   	400   	654   	1059  	1641  	2470  	3430  	4558  	5750  	6898  	7789  	8290  	8393  	8198  	7738  	6916  	5953  	4931  	4066  	3131  	2339  	1708  	1166  	781   	528   	333   	197   	98    	57    	31    	17    	3     	1     	nan   
100000   	1    	4.153200e-03	1     	2     	4     	8     	16    	32    	64    	123   	230   	418   	736   	1217  	1898  	2808  	3946  	5266  	6642  	7919  	8870  	9518  	9518  	8862  	7868  	6691  	5380  	4080  	2941  	1972  	1266  	755   	436   	240   	147   	80    	26    	14    	4     	2     	nan   	nan   	nan   	nan   
100000   	2    	4.483400e-03	1     	2     	4     	8     	16    	30    	58    	107   	198   	357   	601   	961   	1494  	2182  	3005  	3961  	4952  	5936  	6804  	7511  	7921  	8164  	8088  	7588  	6801  	5727  	4612  	3693  	2754  	2086  	1504  	1058  	712   	479   	282   	163   	95    	45    	23    	9     	6     	2     
100000   	3    	4.584400e-03	1     	2     	4     	8     	16    	32    	64    	125   	230   	424   	721   	1177  	1790  	2653  	3706  	4815  	5862  	6755  	7545  	7997  	8109  	7977  	7623  	6885  	5906  	5013  	4075  	3207  	2394  	1765  	1197  	782   	496   	309   	181   	100   	38    	14    	1     	1     	nan   	nan   

