Criação das árvores ordenadas:
n_persons	index	time        
100000   	0    	5.037500e-02
100000   	1    	6.212480e-02
100000   	2    	5.727390e-02
100000   	3    	4.963850e-02

Procura de nós nas árvores:
n_persons	index	time        
100000   	0    	5.293290e-02
100000   	1    	6.209720e-02
100000   	2    	5.514830e-02
100000   	3    	5.065780e-02

Maior profundidade das árvores:
n_persons	index	time        	depth
100000   	0    	4.329500e-03	39   
100000   	1    	4.900600e-03	41   
100000   	2    	5.283300e-03	40   
100000   	3    	4.885300e-03	40   

Número de nós em cada nível:
n_persons	index	time        	lvl0  	lvl1  	lvl2  	lvl3  	lvl4  	lvl5  	lvl6  	lvl7  	lvl8  	lvl9  	lvl10 	lvl11 	lvl12 	lvl13 	lvl14 	lvl15 	lvl16 	lvl17 	lvl18 	lvl19 	lvl20 	lvl21 	lvl22 	lvl23 	lvl24 	lvl25 	lvl26 	lvl27 	lvl28 	lvl29 	lvl30 	lvl31 	lvl32 	lvl33 	lvl34 	lvl35 	lvl36 	lvl37 	lvl38 	lvl39 	lvl40 	lvl41 
100000   	0    	4.697700e-03	1     	2     	4     	8     	16    	31    	61    	119   	223   	409   	740   	1276  	2007  	2947  	4105  	5389  	6769  	7980  	8838  	9347  	9087  	8548  	7605  	6384  	5146  	4062  	2914  	2041  	1372  	954   	632   	411   	234   	143   	83    	51    	28    	21    	9     	3     	nan   	nan   
100000   	1    	5.465100e-03	1     	2     	4     	8     	16    	32    	63    	117   	200   	359   	612   	1018  	1627  	2440  	3409  	4646  	5840  	7075  	8061  	8823  	9145  	8914  	8205  	7213  	6065  	4782  	3561  	2664  	1845  	1261  	805   	496   	272   	173   	96    	52    	38    	25    	18    	13    	3     	1     
100000   	2    	8.497200e-03	1     	2     	4     	8     	16    	32    	60    	114   	216   	378   	621   	950   	1453  	2196  	3224  	4393  	5671  	6985  	8129  	8880  	9235  	9064  	8389  	7375  	6257  	4872  	3676  	2682  	1830  	1221  	769   	516   	319   	184   	121   	71    	42    	26    	15    	2     	1     	nan   
100000   	3    	9.368600e-03	1     	2     	4     	8     	16    	32    	63    	122   	231   	409   	699   	1153  	1766  	2493  	3439  	4454  	5436  	6341  	7083  	7493  	7719  	7625  	7208  	6643  	5971  	5248  	4473  	3639  	2880  	2221  	1702  	1243  	878   	580   	348   	187   	104   	51    	25    	7     	3     	nan   

