Criação das árvores ordenadas:
n_persons	index	time        
100000   	0    	5.000090e-02
100000   	1    	6.251330e-02
100000   	2    	5.440000e-02
100000   	3    	4.777600e-02

Procura de nós nas árvores:
n_persons	index	time        
100000   	0    	5.255790e-02
100000   	1    	6.332920e-02
100000   	2    	5.584680e-02
100000   	3    	5.057880e-02

Maior profundidade das árvores:
n_persons	index	time        	depth
100000   	0    	4.283600e-03	37   
100000   	1    	4.846800e-03	38   
100000   	2    	5.006000e-03	45   
100000   	3    	4.805100e-03	39   

Número de nós em cada nível:
n_persons	index	time        	lvl0  	lvl1  	lvl2  	lvl3  	lvl4  	lvl5  	lvl6  	lvl7  	lvl8  	lvl9  	lvl10 	lvl11 	lvl12 	lvl13 	lvl14 	lvl15 	lvl16 	lvl17 	lvl18 	lvl19 	lvl20 	lvl21 	lvl22 	lvl23 	lvl24 	lvl25 	lvl26 	lvl27 	lvl28 	lvl29 	lvl30 	lvl31 	lvl32 	lvl33 	lvl34 	lvl35 	lvl36 	lvl37 	lvl38 	lvl39 	lvl40 	lvl41 	lvl42 	lvl43 	lvl44 	lvl45 
100000   	0    	3.877700e-03	1     	2     	4     	8     	16    	32    	64    	127   	243   	454   	813   	1362  	2184  	3259  	4530  	5912  	7248  	8261  	8843  	8982  	8806  	8197  	7303  	6135  	4899  	3762  	2797  	1985  	1356  	924   	616   	408   	253   	123   	54    	23    	9     	5     	nan   	nan   	nan   	nan   	nan   	nan   	nan   	nan   
100000   	1    	4.105800e-03	1     	2     	4     	8     	16    	32    	64    	128   	239   	429   	749   	1272  	2009  	2958  	4081  	5316  	6584  	7520  	8337  	8989  	9038  	8769  	7999  	6768  	5402  	4213  	3098  	2115  	1394  	923   	595   	368   	247   	145   	96    	54    	20    	14    	4     	nan   	nan   	nan   	nan   	nan   	nan   	nan   
100000   	2    	4.408200e-03	1     	2     	4     	8     	16    	32    	64    	120   	220   	391   	652   	1020  	1520  	2131  	2871  	3642  	4348  	5000  	5453  	6025  	6499  	6890  	7081  	6940  	6647  	6176  	5510  	4726  	3982  	3224  	2618  	2040  	1510  	1038  	697   	409   	218   	129   	73    	29    	16    	9     	6     	4     	5     	4     
100000   	3    	4.424900e-03	1     	2     	4     	8     	16    	30    	56    	110   	194   	352   	593   	951   	1471  	2151  	3030  	4106  	5359  	6777  	7998  	8883  	9437  	9337  	8669  	7470  	6355  	5077  	3882  	2769  	1898  	1237  	760   	477   	264   	147   	69    	36    	11    	7     	4     	2     	nan   	nan   	nan   	nan   	nan   	nan   

