Criação das árvores ordenadas:
n_persons	index	time        
100000   	0    	5.225650e-02
100000   	1    	6.488060e-02
100000   	2    	5.597290e-02
100000   	3    	4.912000e-02

Procura de nós nas árvores:
n_persons	index	time        
100000   	0    	5.484010e-02
100000   	1    	6.529820e-02
100000   	2    	5.840670e-02
100000   	3    	5.117090e-02

Maior profundidade das árvores:
n_persons	index	time        	depth
100000   	0    	7.808100e-03	42   
100000   	1    	6.058700e-03	40   
100000   	2    	7.040000e-03	39   
100000   	3    	6.634700e-03	39   

Número de nós em cada nível:
n_persons	index	time        	lvl0  	lvl1  	lvl2  	lvl3  	lvl4  	lvl5  	lvl6  	lvl7  	lvl8  	lvl9  	lvl10 	lvl11 	lvl12 	lvl13 	lvl14 	lvl15 	lvl16 	lvl17 	lvl18 	lvl19 	lvl20 	lvl21 	lvl22 	lvl23 	lvl24 	lvl25 	lvl26 	lvl27 	lvl28 	lvl29 	lvl30 	lvl31 	lvl32 	lvl33 	lvl34 	lvl35 	lvl36 	lvl37 	lvl38 	lvl39 	lvl40 	lvl41 	lvl42 
100000   	0    	5.007800e-03	1     	2     	4     	8     	16    	32    	63    	124   	242   	449   	806   	1362  	2115  	3155  	4364  	5637  	6872  	7905  	8466  	8482  	8213  	7598  	6931  	6056  	5134  	4185  	3299  	2561  	1836  	1363  	935   	641   	412   	272   	194   	114   	71    	35    	18    	15    	7     	4     	1     
100000   	1    	5.740900e-03	1     	2     	4     	8     	16    	32    	61    	120   	220   	393   	669   	1059  	1603  	2317  	3256  	4238  	5408  	6621  	7753  	8505  	8820  	8597  	8138  	7488  	6549  	5309  	4018  	3038  	2124  	1466  	914   	540   	318   	195   	107   	52    	19    	10    	7     	4     	1     	nan   	nan   
100000   	2    	6.004600e-03	1     	2     	4     	8     	16    	32    	63    	121   	226   	413   	729   	1197  	1859  	2749  	3705  	4804  	5983  	6899  	7718  	8225  	8274  	8105  	7579  	6837  	5939  	4886  	3953  	3065  	2327  	1604  	1102  	649   	391   	253   	130   	78    	38    	25    	8     	3     	nan   	nan   	nan   
100000   	3    	6.013900e-03	1     	2     	4     	8     	16    	31    	62    	121   	209   	357   	593   	994   	1564  	2368  	3374  	4526  	5694  	6858  	7801  	8434  	8470  	8246  	7901  	7212  	6133  	5001  	4003  	3091  	2312  	1663  	1148  	747   	474   	267   	157   	92    	40    	18    	7     	1     	nan   	nan   	nan   

