Criação das árvores ordenadas:
n_persons	index	time        
100000   	0    	5.011670e-02
100000   	1    	8.462830e-02
100000   	2    	9.109730e-02
100000   	3    	5.766480e-02

Procura de nós nas árvores:
n_persons	index	time        
100000   	0    	5.339610e-02
100000   	1    	6.338560e-02
100000   	2    	5.746090e-02
100000   	3    	5.257150e-02

Maior profundidade das árvores:
n_persons	index	time        	depth
100000   	0    	4.584600e-03	37   
100000   	1    	4.324900e-03	41   
100000   	2    	5.130400e-03	38   
100000   	3    	4.900500e-03	43   

Número de nós em cada nível:
n_persons	index	time        	lvl0  	lvl1  	lvl2  	lvl3  	lvl4  	lvl5  	lvl6  	lvl7  	lvl8  	lvl9  	lvl10 	lvl11 	lvl12 	lvl13 	lvl14 	lvl15 	lvl16 	lvl17 	lvl18 	lvl19 	lvl20 	lvl21 	lvl22 	lvl23 	lvl24 	lvl25 	lvl26 	lvl27 	lvl28 	lvl29 	lvl30 	lvl31 	lvl32 	lvl33 	lvl34 	lvl35 	lvl36 	lvl37 	lvl38 	lvl39 	lvl40 	lvl41 	lvl42 	lvl43 
100000   	0    	4.336900e-03	1     	2     	4     	8     	16    	32    	64    	128   	247   	458   	806   	1325  	2067  	3110  	4343  	5722  	7061  	8397  	9381  	9681  	9522  	8755  	7662  	6318  	4847  	3522  	2440  	1583  	1066  	670   	375   	206   	105   	44    	17    	7     	5     	3     	nan   	nan   	nan   	nan   	nan   	nan   
100000   	1    	4.122800e-03	1     	2     	4     	8     	16    	32    	64    	122   	225   	401   	676   	1129  	1733  	2576  	3463  	4527  	5653  	6801  	7831  	8482  	8717  	8670  	8061  	7174  	6039  	4938  	3836  	2843  	2047  	1440  	989   	631   	365   	224   	124   	69    	38    	19    	15    	9     	5     	1     	nan   	nan   
100000   	2    	4.272600e-03	1     	2     	4     	8     	16    	32    	63    	124   	236   	431   	747   	1247  	1983  	2914  	4147  	5367  	6788  	8101  	8924  	9373  	9271  	8672  	7831  	6613  	5209  	3892  	2763  	1902  	1204  	803   	539   	339   	200   	108   	67    	45    	20    	10    	4     	nan   	nan   	nan   	nan   	nan   
100000   	3    	4.438300e-03	1     	2     	4     	8     	16    	30    	52    	96    	171   	281   	454   	713   	1068  	1491  	2011  	2706  	3563  	4472  	5490  	6403  	7224  	7898  	8295  	8423  	7907  	7221  	6120  	5022  	3872  	2887  	2074  	1501  	980   	610   	383   	247   	137   	80    	47    	23    	9     	4     	3     	1     

