Criação das árvores ordenadas:
n_persons	index	time        
100000   	0    	5.107470e-02
100000   	1    	6.097210e-02
100000   	2    	5.492490e-02
100000   	3    	4.553140e-02

Procura de nós nas árvores:
n_persons	index	time        
100000   	0    	5.457700e-02
100000   	1    	5.875500e-02
100000   	2    	5.493250e-02
100000   	3    	4.818430e-02

Maior profundidade das árvores:
n_persons	index	time        	depth
100000   	0    	4.995400e-03	39   
100000   	1    	4.595400e-03	39   
100000   	2    	4.809100e-03	40   
100000   	3    	4.925800e-03	38   

Número de nós em cada nível:
n_persons	index	time        	lvl0  	lvl1  	lvl2  	lvl3  	lvl4  	lvl5  	lvl6  	lvl7  	lvl8  	lvl9  	lvl10 	lvl11 	lvl12 	lvl13 	lvl14 	lvl15 	lvl16 	lvl17 	lvl18 	lvl19 	lvl20 	lvl21 	lvl22 	lvl23 	lvl24 	lvl25 	lvl26 	lvl27 	lvl28 	lvl29 	lvl30 	lvl31 	lvl32 	lvl33 	lvl34 	lvl35 	lvl36 	lvl37 	lvl38 	lvl39 	lvl40 
100000   	0    	3.949700e-03	1     	2     	4     	8     	16    	32    	60    	112   	190   	331   	544   	845   	1336  	1989  	2843  	3839  	4919  	5977  	6925  	7798  	8320  	8530  	8213  	7703  	6738  	5745  	4761  	3701  	2794  	2077  	1396  	953   	583   	350   	182   	98    	49    	26    	8     	2     	nan   
100000   	1    	4.058600e-03	1     	2     	4     	8     	16    	32    	64    	113   	211   	381   	668   	1129  	1783  	2623  	3640  	4775  	5991  	7053  	7890  	8420  	8638  	8347  	7727  	6920  	5901  	4798  	3905  	2983  	2130  	1491  	1004  	612   	361   	203   	101   	50    	14    	6     	3     	2     	nan   
100000   	2    	4.361900e-03	1     	2     	4     	8     	16    	31    	54    	97    	171   	295   	500   	809   	1274  	1913  	2746  	3762  	4892  	6089  	7139  	8010  	8518  	8772  	8657  	8092  	7206  	6165  	4772  	3436  	2489  	1639  	1048  	633   	353   	204   	99    	46    	29    	13    	9     	6     	1     
100000   	3    	4.244700e-03	1     	2     	4     	8     	16    	32    	63    	123   	234   	421   	741   	1198  	1817  	2707  	3789  	5028  	6403  	7674  	8730  	9181  	9268  	8912  	8158  	6921  	5583  	4288  	3168  	2176  	1391  	857   	506   	290   	156   	82    	46    	16    	5     	4     	1     	nan   	nan   

