Criação das árvores ordenadas:
n_persons	index	time        
100000   	0    	5.256680e-02
100000   	1    	6.152630e-02
100000   	2    	5.531080e-02
100000   	3    	4.634580e-02

Procura de nós nas árvores:
n_persons	index	time        
100000   	0    	7.825770e-02
100000   	1    	1.051923e-01
100000   	2    	6.670970e-02
100000   	3    	5.322190e-02

Maior profundidade das árvores:
n_persons	index	time        	depth
100000   	0    	4.238800e-03	37   
100000   	1    	4.783000e-03	42   
100000   	2    	4.995400e-03	40   
100000   	3    	4.880700e-03	42   

Número de nós em cada nível:
n_persons	index	time        	lvl0  	lvl1  	lvl2  	lvl3  	lvl4  	lvl5  	lvl6  	lvl7  	lvl8  	lvl9  	lvl10 	lvl11 	lvl12 	lvl13 	lvl14 	lvl15 	lvl16 	lvl17 	lvl18 	lvl19 	lvl20 	lvl21 	lvl22 	lvl23 	lvl24 	lvl25 	lvl26 	lvl27 	lvl28 	lvl29 	lvl30 	lvl31 	lvl32 	lvl33 	lvl34 	lvl35 	lvl36 	lvl37 	lvl38 	lvl39 	lvl40 	lvl41 	lvl42 
100000   	0    	3.909500e-03	1     	2     	4     	8     	16    	32    	64    	125   	244   	446   	758   	1278  	1982  	3010  	4186  	5509  	6761  	7971  	8850  	9204  	9019  	8457  	7579  	6331  	5070  	3937  	2943  	2052  	1493  	1045  	685   	429   	247   	149   	68    	34    	8     	3     	nan   	nan   	nan   	nan   	nan   
100000   	1    	4.084100e-03	1     	2     	4     	8     	16    	32    	62    	116   	215   	392   	675   	1084  	1668  	2440  	3382  	4454  	5621  	6686  	7581  	8061  	8172  	8083  	7681  	7074  	6359  	5305  	4355  	3426  	2535  	1783  	1135  	699   	414   	229   	126   	60    	32    	14    	8     	3     	3     	3     	1     
100000   	2    	4.733500e-03	1     	2     	4     	8     	16    	32    	62    	123   	234   	435   	764   	1271  	1989  	2887  	3908  	5146  	6228  	7148  	7798  	8154  	8013  	7734  	7323  	6579  	5705  	4703  	3900  	3033  	2290  	1651  	1164  	756   	438   	251   	124   	60    	39    	15    	8     	3     	1     	nan   	nan   
100000   	3    	4.431200e-03	1     	2     	4     	8     	16    	32    	63    	120   	226   	422   	717   	1188  	1824  	2648  	3657  	4845  	6077  	7195  	8112  	8666  	8837  	8342  	7563  	6582  	5558  	4531  	3616  	2717  	2024  	1540  	1049  	678   	449   	265   	194   	121   	69    	25    	6     	5     	4     	1     	1     

