Criação das árvores ordenadas:
n_persons	index	time        
100000   	0    	5.153500e-02
100000   	1    	6.142630e-02
100000   	2    	5.491370e-02
100000   	3    	4.730000e-02

Procura de nós nas árvores:
n_persons	index	time        
100000   	0    	5.610460e-02
100000   	1    	7.155560e-02
100000   	2    	5.849870e-02
100000   	3    	5.451680e-02

Maior profundidade das árvores:
n_persons	index	time        	depth
100000   	0    	4.505900e-03	37   
100000   	1    	4.536100e-03	38   
100000   	2    	4.941100e-03	38   
100000   	3    	5.190900e-03	40   

Número de nós em cada nível:
n_persons	index	time        	lvl0  	lvl1  	lvl2  	lvl3  	lvl4  	lvl5  	lvl6  	lvl7  	lvl8  	lvl9  	lvl10 	lvl11 	lvl12 	lvl13 	lvl14 	lvl15 	lvl16 	lvl17 	lvl18 	lvl19 	lvl20 	lvl21 	lvl22 	lvl23 	lvl24 	lvl25 	lvl26 	lvl27 	lvl28 	lvl29 	lvl30 	lvl31 	lvl32 	lvl33 	lvl34 	lvl35 	lvl36 	lvl37 	lvl38 	lvl39 	lvl40 
100000   	0    	3.984000e-03	1     	2     	4     	8     	16    	32    	62    	113   	204   	350   	586   	971   	1535  	2329  	3284  	4326  	5471  	6639  	7682  	8385  	8795  	8842  	8447  	7630  	6632  	5435  	4189  	2978  	2054  	1265  	724   	461   	267   	142   	75    	40    	19    	5     	nan   	nan   	nan   
100000   	1    	4.016600e-03	1     	2     	4     	8     	16    	31    	62    	124   	235   	432   	722   	1164  	1755  	2526  	3455  	4480  	5551  	6679  	7579  	8436  	8893  	8974  	8478  	7614  	6504  	5072  	3825  	2712  	1824  	1211  	747   	449   	223   	107   	54    	25    	15    	9     	2     	nan   	nan   
100000   	2    	4.178400e-03	1     	2     	4     	8     	16    	32    	62    	124   	240   	456   	820   	1406  	2212  	3224  	4531  	5865  	7248  	8496  	9206  	9392  	9067  	8316  	7362  	6074  	4742  	3471  	2558  	1881  	1299  	796   	500   	287   	129   	80    	45    	25    	13    	7     	3     	nan   	nan   
100000   	3    	4.570600e-03	1     	2     	4     	8     	16    	32    	64    	124   	233   	425   	735   	1215  	1918  	2865  	4021  	5325  	6715  	7995  	9040  	9545  	9385  	8837  	7892  	6659  	5305  	3887  	2768  	1893  	1199  	763   	468   	267   	165   	107   	61    	29    	15    	8     	4     	3     	2     

