Criação das árvores ordenadas:
n_persons	index	time        
100000   	0    	5.604470e-02
100000   	1    	7.173700e-02
100000   	2    	5.542700e-02
100000   	3    	4.583590e-02

Procura de nós nas árvores:
n_persons	index	time        
100000   	0    	5.442370e-02
100000   	1    	7.017510e-02
100000   	2    	5.941330e-02
100000   	3    	5.296620e-02

Maior profundidade das árvores:
n_persons	index	time        	depth
100000   	0    	4.396000e-03	38   
100000   	1    	4.510500e-03	40   
100000   	2    	5.137200e-03	39   
100000   	3    	4.870700e-03	36   

Número de nós em cada nível:
n_persons	index	time        	lvl0  	lvl1  	lvl2  	lvl3  	lvl4  	lvl5  	lvl6  	lvl7  	lvl8  	lvl9  	lvl10 	lvl11 	lvl12 	lvl13 	lvl14 	lvl15 	lvl16 	lvl17 	lvl18 	lvl19 	lvl20 	lvl21 	lvl22 	lvl23 	lvl24 	lvl25 	lvl26 	lvl27 	lvl28 	lvl29 	lvl30 	lvl31 	lvl32 	lvl33 	lvl34 	lvl35 	lvl36 	lvl37 	lvl38 	lvl39 	lvl40 
100000   	0    	4.017200e-03	1     	2     	4     	8     	16    	30    	60    	119   	232   	441   	797   	1356  	2174  	3229  	4484  	5801  	7126  	8255  	9083  	9401  	9258  	8741  	7638  	6319  	4844  	3615  	2529  	1726  	1153  	702   	405   	227   	109   	58    	31    	13    	8     	4     	1     	nan   	nan   
100000   	1    	4.004300e-03	1     	2     	4     	8     	16    	32    	64    	127   	244   	463   	805   	1313  	2035  	2915  	3985  	5187  	6335  	7334  	8082  	8636  	8743  	8476  	7715  	6748  	5623  	4423  	3333  	2417  	1762  	1179  	799   	520   	297   	188   	111   	47    	15    	9     	2     	4     	1     
100000   	2    	4.312500e-03	1     	2     	4     	8     	16    	32    	58    	109   	197   	336   	568   	904   	1371  	2028  	2897  	3993  	5252  	6623  	7791  	8840  	9211  	9117  	8591  	7718  	6508  	5213  	3961  	2892  	2040  	1384  	891   	581   	362   	218   	127   	89    	39    	17    	9     	2     	nan   
100000   	3    	4.218000e-03	1     	2     	4     	8     	16    	32    	64    	121   	223   	402   	708   	1170  	1824  	2805  	3967  	5309  	6729  	8027  	8985  	9426  	9349  	8788  	7792  	6607  	5339  	4132  	3023  	2064  	1339  	812   	473   	242   	130   	57    	16    	11    	3     	nan   	nan   	nan   	nan   

