Criação das árvores ordenadas:
n_persons	index	time        
100000   	0    	7.052150e-02
100000   	1    	8.166330e-02
100000   	2    	6.151530e-02
100000   	3    	4.769020e-02

Procura de nós nas árvores:
n_persons	index	time        
100000   	0    	6.996800e-02
100000   	1    	8.278830e-02
100000   	2    	6.851990e-02
100000   	3    	6.163370e-02

Maior profundidade das árvores:
n_persons	index	time        	depth
100000   	0    	5.626300e-03	44   
100000   	1    	5.515000e-03	38   
100000   	2    	6.488900e-03	39   
100000   	3    	5.782200e-03	41   

Número de nós em cada nível:
n_persons	index	time        	lvl0  	lvl1  	lvl2  	lvl3  	lvl4  	lvl5  	lvl6  	lvl7  	lvl8  	lvl9  	lvl10 	lvl11 	lvl12 	lvl13 	lvl14 	lvl15 	lvl16 	lvl17 	lvl18 	lvl19 	lvl20 	lvl21 	lvl22 	lvl23 	lvl24 	lvl25 	lvl26 	lvl27 	lvl28 	lvl29 	lvl30 	lvl31 	lvl32 	lvl33 	lvl34 	lvl35 	lvl36 	lvl37 	lvl38 	lvl39 	lvl40 	lvl41 	lvl42 	lvl43 	lvl44 
100000   	0    	5.212000e-03	1     	2     	4     	8     	14    	28    	50    	93    	166   	279   	474   	765   	1218  	1851  	2674  	3612  	4679  	5878  	6884  	7820  	8303  	8463  	8291  	7637  	6837  	5778  	4692  	3771  	2868  	2115  	1486  	1075  	766   	539   	366   	225   	145   	81    	34    	18    	5     	2     	1     	1     	1     
100000   	1    	6.750500e-03	1     	2     	4     	8     	16    	32    	64    	126   	240   	438   	768   	1262  	1936  	2765  	3711  	4780  	5856  	6896  	7766  	8537  	8731  	8548  	7997  	7143  	6061  	4906  	3779  	2777  	1921  	1285  	769   	437   	252   	97    	52    	23    	9     	3     	2     	nan   	nan   	nan   	nan   	nan   	nan   
100000   	2    	5.924000e-03	1     	2     	4     	8     	16    	31    	61    	116   	201   	341   	520   	803   	1193  	1674  	2319  	3138  	4188  	5321  	6535  	7543  	8238  	8570  	8303  	7823  	7032  	6089  	5117  	4097  	3115  	2351  	1694  	1255  	857   	610   	401   	206   	121   	70    	24    	12    	nan   	nan   	nan   	nan   	nan   
100000   	3    	5.822900e-03	1     	2     	4     	8     	16    	32    	62    	117   	219   	399   	686   	1122  	1762  	2641  	3727  	4922  	6069  	7093  	7875  	8315  	8425  	8222  	7767  	6974  	5953  	4840  	3737  	2755  	2025  	1440  	1016  	659   	449   	307   	152   	95    	58    	27    	14    	9     	3     	1     	nan   	nan   	nan   

