Criação das árvores ordenadas:
n_persons	index	time        
100000   	0    	6.639210e-02
100000   	1    	8.792330e-02
100000   	2    	8.254040e-02
100000   	3    	8.223270e-02

Procura de nós nas árvores:
n_persons	index	time        
100000   	0    	7.377870e-02
100000   	1    	8.421570e-02
100000   	2    	1.321479e-01
100000   	3    	1.790777e-01

Maior profundidade das árvores:
n_persons	index	time        	depth
100000   	0    	1.512770e-02	42   
100000   	1    	6.713100e-03	37   
100000   	2    	1.815190e-02	43   
100000   	3    	1.810340e-02	44   

Número de nós em cada nível:
n_persons	index	time        	lvl0  	lvl1  	lvl2  	lvl3  	lvl4  	lvl5  	lvl6  	lvl7  	lvl8  	lvl9  	lvl10 	lvl11 	lvl12 	lvl13 	lvl14 	lvl15 	lvl16 	lvl17 	lvl18 	lvl19 	lvl20 	lvl21 	lvl22 	lvl23 	lvl24 	lvl25 	lvl26 	lvl27 	lvl28 	lvl29 	lvl30 	lvl31 	lvl32 	lvl33 	lvl34 	lvl35 	lvl36 	lvl37 	lvl38 	lvl39 	lvl40 	lvl41 	lvl42 	lvl43 	lvl44 
100000   	0    	1.634080e-02	1     	2     	4     	8     	15    	29    	57    	112   	219   	411   	703   	1128  	1726  	2526  	3515  	4684  	5981  	7078  	8064  	8789  	8981  	8707  	8037  	7132  	6070  	4857  	3689  	2673  	1755  	1175  	757   	463   	288   	173   	93    	48    	24    	10    	8     	3     	2     	2     	1     	nan   	nan   
100000   	1    	6.090800e-03	1     	2     	4     	8     	16    	32    	60    	117   	220   	389   	680   	1115  	1787  	2682  	3938  	5365  	6883  	8257  	9176  	9757  	9755  	9061  	7972  	6568  	5138  	3794  	2633  	1764  	1127  	751   	441   	260   	143   	62    	29    	8     	2     	3     	nan   	nan   	nan   	nan   	nan   	nan   	nan   
100000   	2    	1.669560e-02	1     	2     	4     	8     	16    	31    	59    	110   	194   	339   	541   	841   	1270  	1843  	2539  	3240  	4053  	4811  	5572  	6306  	7109  	7564  	7841  	7722  	7523  	6901  	6145  	4998  	3910  	2934  	2080  	1420  	880   	541   	314   	162   	86    	44    	25    	6     	7     	4     	2     	2     	nan   
100000   	3    	2.696070e-02	1     	2     	4     	8     	16    	32    	64    	125   	244   	449   	797   	1353  	2128  	3140  	4393  	5728  	7125  	8272  	9115  	9400  	9205  	8421  	7268  	5946  	4745  	3552  	2588  	1934  	1367  	929   	616   	374   	221   	145   	92    	68    	51    	41    	22    	8     	4     	4     	1     	1     	1     

