Criação das árvores ordenadas:
n_persons	index	time        
100000   	0    	9.005350e-02
100000   	1    	6.242560e-02
100000   	2    	5.355400e-02
100000   	3    	5.169500e-02

Procura de nós nas árvores:
n_persons	index	time        
100000   	0    	5.795970e-02
100000   	1    	6.659720e-02
100000   	2    	6.448730e-02
100000   	3    	5.665920e-02

Maior profundidade das árvores:
n_persons	index	time        	depth
100000   	0    	5.014100e-03	37   
100000   	1    	4.694000e-03	39   
100000   	2    	5.017700e-03	37   
100000   	3    	5.191900e-03	40   

Número de nós em cada nível:
n_persons	index	time        	lvl0  	lvl1  	lvl2  	lvl3  	lvl4  	lvl5  	lvl6  	lvl7  	lvl8  	lvl9  	lvl10 	lvl11 	lvl12 	lvl13 	lvl14 	lvl15 	lvl16 	lvl17 	lvl18 	lvl19 	lvl20 	lvl21 	lvl22 	lvl23 	lvl24 	lvl25 	lvl26 	lvl27 	lvl28 	lvl29 	lvl30 	lvl31 	lvl32 	lvl33 	lvl34 	lvl35 	lvl36 	lvl37 	lvl38 	lvl39 	lvl40 
100000   	0    	4.421900e-03	1     	2     	4     	8     	16    	32    	63    	126   	246   	448   	778   	1262  	1982  	2919  	4038  	5314  	6702  	7923  	8863  	9354  	9282  	8609  	7787  	6555  	5323  	4086  	2953  	1991  	1310  	845   	528   	307   	180   	89    	43    	22    	7     	2     	nan   	nan   	nan   
100000   	1    	4.522000e-03	1     	2     	4     	8     	16    	32    	63    	122   	233   	419   	720   	1181  	1779  	2614  	3523  	4535  	5463  	6347  	7247  	7791  	8230  	8203  	7945  	7299  	6291  	5238  	4190  	3270  	2446  	1772  	1225  	781   	456   	260   	168   	77    	32    	10    	6     	1     	nan   
100000   	2    	5.019200e-03	1     	2     	4     	8     	16    	32    	64    	122   	229   	406   	687   	1159  	1845  	2802  	3925  	5232  	6597  	7911  	8867  	9334  	9252  	8702  	7802  	6680  	5552  	4299  	3117  	2130  	1383  	877   	489   	262   	113   	50    	25    	14    	6     	4     	nan   	nan   	nan   
100000   	3    	5.134400e-03	1     	2     	4     	8     	16    	31    	60    	112   	195   	334   	585   	961   	1552  	2334  	3352  	4634  	6013  	7385  	8492  	9121  	9288  	8925  	8351  	7234  	5899  	4665  	3460  	2450  	1652  	1078  	726   	451   	280   	161   	86    	45    	25    	20    	6     	4     	2     

