Criação das árvores ordenadas:
n_persons	index	time        
100000   	0    	7.339910e-02
100000   	1    	6.537870e-02
100000   	2    	5.885460e-02
100000   	3    	4.969420e-02

Procura de nós nas árvores:
n_persons	index	time        
100000   	0    	5.815780e-02
100000   	1    	6.863640e-02
100000   	2    	6.259060e-02
100000   	3    	5.296730e-02

Maior profundidade das árvores:
n_persons	index	time        	depth
100000   	0    	4.765600e-03	41   
100000   	1    	4.494800e-03	40   
100000   	2    	5.053700e-03	42   
100000   	3    	5.914800e-03	41   

Número de nós em cada nível:
n_persons	index	time        	lvl0  	lvl1  	lvl2  	lvl3  	lvl4  	lvl5  	lvl6  	lvl7  	lvl8  	lvl9  	lvl10 	lvl11 	lvl12 	lvl13 	lvl14 	lvl15 	lvl16 	lvl17 	lvl18 	lvl19 	lvl20 	lvl21 	lvl22 	lvl23 	lvl24 	lvl25 	lvl26 	lvl27 	lvl28 	lvl29 	lvl30 	lvl31 	lvl32 	lvl33 	lvl34 	lvl35 	lvl36 	lvl37 	lvl38 	lvl39 	lvl40 	lvl41 	lvl42 
100000   	0    	4.213700e-03	1     	2     	4     	8     	16    	32    	64    	122   	237   	443   	787   	1299  	2017  	2927  	4016  	5122  	6181  	7011  	7608  	7834  	7658  	7263  	6656  	5866  	5199  	4570  	3906  	3361  	2767  	2150  	1658  	1199  	839   	517   	289   	174   	104   	55    	20    	11    	5     	2     	nan   
100000   	1    	3.771500e-03	1     	2     	4     	8     	16    	32    	62    	119   	223   	414   	729   	1227  	1892  	2781  	3917  	5157  	6404  	7495  	8409  	8997  	9022  	8597  	7967  	6936  	5674  	4409  	3212  	2257  	1524  	1017  	629   	389   	227   	115   	73    	39    	14    	4     	4     	1     	1     	nan   	nan   
100000   	2    	4.299900e-03	1     	2     	4     	8     	16    	32    	62    	120   	222   	406   	682   	1116  	1728  	2542  	3498  	4580  	5648  	6663  	7396  	7924  	8165  	8139  	7751  	7029  	6141  	5136  	4121  	3225  	2459  	1848  	1307  	845   	521   	280   	177   	100   	49    	24    	16    	7     	5     	3     	2     
100000   	3    	4.532600e-03	1     	2     	4     	8     	16    	32    	64    	124   	227   	409   	697   	1157  	1792  	2551  	3504  	4625  	5630  	6584  	7424  	7916  	8151  	8253  	7867  	6967  	6014  	5090  	4080  	3119  	2344  	1732  	1215  	876   	592   	394   	243   	150   	75    	30    	22    	11    	6     	2     	nan   

