Criação das árvores ordenadas:
n_persons	index	time        
100000   	0    	5.654750e-02
100000   	1    	6.204190e-02
100000   	2    	5.550330e-02
100000   	3    	4.633080e-02

Procura de nós nas árvores:
n_persons	index	time        
100000   	0    	5.643200e-02
100000   	1    	7.139570e-02
100000   	2    	5.890520e-02
100000   	3    	1.067729e-01

Maior profundidade das árvores:
n_persons	index	time        	depth
100000   	0    	5.723100e-03	44   
100000   	1    	5.707800e-03	40   
100000   	2    	6.221000e-03	37   
100000   	3    	6.091300e-03	36   

Número de nós em cada nível:
n_persons	index	time        	lvl0  	lvl1  	lvl2  	lvl3  	lvl4  	lvl5  	lvl6  	lvl7  	lvl8  	lvl9  	lvl10 	lvl11 	lvl12 	lvl13 	lvl14 	lvl15 	lvl16 	lvl17 	lvl18 	lvl19 	lvl20 	lvl21 	lvl22 	lvl23 	lvl24 	lvl25 	lvl26 	lvl27 	lvl28 	lvl29 	lvl30 	lvl31 	lvl32 	lvl33 	lvl34 	lvl35 	lvl36 	lvl37 	lvl38 	lvl39 	lvl40 	lvl41 	lvl42 	lvl43 	lvl44 
100000   	0    	5.319800e-03	1     	2     	4     	8     	16    	31    	62    	117   	221   	394   	655   	1082  	1678  	2476  	3390  	4410  	5442  	6578  	7433  	8092  	8233  	8050  	7616  	6891  	6010  	4986  	4025  	3184  	2489  	1907  	1470  	1045  	709   	483   	301   	193   	117   	80    	44    	29    	25    	16    	3     	1     	1     
100000   	1    	6.270600e-03	1     	2     	4     	8     	16    	32    	64    	125   	241   	434   	744   	1211  	1865  	2704  	3692  	4751  	5805  	6812  	7592  	8050  	8264  	8131  	7746  	7001  	6131  	5175  	4099  	3090  	2269  	1543  	973   	608   	332   	190   	113   	84    	47    	27    	18    	5     	1     	nan   	nan   	nan   	nan   
100000   	2    	5.988000e-03	1     	2     	4     	8     	16    	32    	63    	122   	239   	433   	755   	1258  	1985  	2912  	4028  	5255  	6499  	7614  	8460  	9035  	8983  	8622  	7854  	6738  	5535  	4302  	3176  	2283  	1546  	998   	576   	325   	166   	99    	38    	20    	13    	5     	nan   	nan   	nan   	nan   	nan   	nan   	nan   
100000   	3    	5.436900e-03	1     	2     	4     	8     	16    	32    	63    	122   	223   	402   	715   	1203  	1944  	2921  	4104  	5522  	6885  	8218  	9164  	9574  	9230  	8527  	7562  	6411  	5107  	3941  	2918  	2082  	1379  	814   	468   	247   	121   	46    	18    	5     	1     	nan   	nan   	nan   	nan   	nan   	nan   	nan   	nan   

