Criação das árvores ordenadas:
n_persons	index	time        
100000   	0    	5.191540e-02
100000   	1    	6.496100e-02
100000   	2    	5.843360e-02
100000   	3    	4.740500e-02

Procura de nós nas árvores:
n_persons	index	time        
100000   	0    	5.443650e-02
100000   	1    	6.143000e-02
100000   	2    	5.622710e-02
100000   	3    	4.993180e-02

Maior profundidade das árvores:
n_persons	index	time        	depth
100000   	0    	4.369900e-03	38   
100000   	1    	4.566000e-03	46   
100000   	2    	5.127900e-03	40   
100000   	3    	5.048800e-03	40   

Número de nós em cada nível:
n_persons	index	time        	lvl0  	lvl1  	lvl2  	lvl3  	lvl4  	lvl5  	lvl6  	lvl7  	lvl8  	lvl9  	lvl10 	lvl11 	lvl12 	lvl13 	lvl14 	lvl15 	lvl16 	lvl17 	lvl18 	lvl19 	lvl20 	lvl21 	lvl22 	lvl23 	lvl24 	lvl25 	lvl26 	lvl27 	lvl28 	lvl29 	lvl30 	lvl31 	lvl32 	lvl33 	lvl34 	lvl35 	lvl36 	lvl37 	lvl38 	lvl39 	lvl40 	lvl41 	lvl42 	lvl43 	lvl44 	lvl45 	lvl46 
100000   	0    	3.902900e-03	1     	2     	4     	8     	16    	32    	64    	124   	222   	389   	639   	1009  	1570  	2366  	3339  	4467  	5673  	6869  	7838  	8635  	9009  	8982  	8398  	7491  	6219  	4969  	3778  	2747  	1907  	1352  	845   	487   	282   	138   	65    	36    	19    	8     	1     	nan   	nan   	nan   	nan   	nan   	nan   	nan   	nan   
100000   	1    	3.894000e-03	1     	2     	4     	8     	16    	32    	62    	119   	228   	403   	681   	1085  	1617  	2268  	2992  	3780  	4597  	5328  	5997  	6431  	6786  	6933  	6930  	6701  	6226  	5778  	5106  	4407  	3816  	3157  	2473  	1857  	1312  	947   	667   	435   	293   	172   	130   	89    	56    	34    	22    	13    	6     	2     	1     
100000   	2    	7.207400e-03	1     	2     	4     	8     	16    	32    	63    	122   	237   	435   	733   	1200  	1906  	2867  	4123  	5444  	6649  	7704  	8483  	8748  	8736  	8222  	7332  	6321  	5368  	4353  	3400  	2585  	1789  	1207  	752   	475   	291   	175   	112   	52    	29    	14    	6     	2     	2     	nan   	nan   	nan   	nan   	nan   	nan   
100000   	3    	4.477900e-03	1     	2     	4     	8     	16    	32    	64    	128   	244   	441   	758   	1221  	1899  	2711  	3641  	4649  	5642  	6495  	7244  	7766  	7973  	7961  	7649  	7115  	6321  	5372  	4403  	3277  	2355  	1690  	1133  	741   	462   	265   	174   	85    	33    	13    	7     	4     	1     	nan   	nan   	nan   	nan   	nan   	nan   

