Criação das árvores ordenadas:
n_persons	index	time        
100000   	0    	7.660940e-02
100000   	1    	1.010294e-01
100000   	2    	7.781360e-02
100000   	3    	5.583460e-02

Procura de nós nas árvores:
n_persons	index	time        
100000   	0    	5.906580e-02
100000   	1    	7.047170e-02
100000   	2    	6.300970e-02
100000   	3    	5.513560e-02

Maior profundidade das árvores:
n_persons	index	time        	depth
100000   	0    	4.546300e-03	37   
100000   	1    	4.439800e-03	40   
100000   	2    	5.132600e-03	39   
100000   	3    	5.168700e-03	40   

Número de nós em cada nível:
n_persons	index	time        	lvl0  	lvl1  	lvl2  	lvl3  	lvl4  	lvl5  	lvl6  	lvl7  	lvl8  	lvl9  	lvl10 	lvl11 	lvl12 	lvl13 	lvl14 	lvl15 	lvl16 	lvl17 	lvl18 	lvl19 	lvl20 	lvl21 	lvl22 	lvl23 	lvl24 	lvl25 	lvl26 	lvl27 	lvl28 	lvl29 	lvl30 	lvl31 	lvl32 	lvl33 	lvl34 	lvl35 	lvl36 	lvl37 	lvl38 	lvl39 	lvl40 
100000   	0    	5.511900e-03	1     	2     	4     	8     	16    	32    	64    	128   	241   	438   	787   	1298  	2066  	3082  	4360  	5737  	7115  	8320  	9046  	9324  	9169  	8564  	7394  	6210  	4879  	3772  	2817  	1930  	1251  	817   	475   	289   	162   	90    	67    	34    	10    	1     	nan   	nan   	nan   
100000   	1    	4.103800e-03	1     	2     	4     	8     	16    	32    	62    	108   	172   	296   	492   	808   	1291  	1965  	2809  	3850  	5093  	6323  	7475  	8543  	8993  	9019  	8586  	7986  	6931  	5641  	4410  	3339  	2312  	1539  	880   	472   	262   	131   	69    	39    	24    	10    	5     	1     	1     
100000   	2    	4.508000e-03	1     	2     	4     	8     	16    	32    	62    	121   	231   	405   	678   	1111  	1722  	2485  	3440  	4522  	5687  	6836  	7593  	8269  	8534  	8236  	7701  	6954  	6051  	5068  	4078  	3137  	2386  	1714  	1162  	742   	467   	273   	152   	80    	31    	5     	3     	1     	nan   
100000   	3    	4.368300e-03	1     	2     	4     	8     	16    	32    	64    	126   	245   	462   	808   	1340  	2063  	2979  	4063  	5280  	6325  	7418  	8236  	8756  	8801  	8359  	7607  	6548  	5377  	4323  	3288  	2388  	1690  	1145  	773   	525   	357   	231   	158   	102   	57    	24    	12    	5     	2     

