Criação das árvores ordenadas:
n_persons	index	time        
100000   	0    	5.172930e-02
100000   	1    	6.361260e-02
100000   	2    	6.121360e-02
100000   	3    	6.452410e-02

Procura de nós nas árvores:
n_persons	index	time        
100000   	0    	7.718920e-02
100000   	1    	7.401010e-02
100000   	2    	6.086900e-02
100000   	3    	5.285980e-02

Maior profundidade das árvores:
n_persons	index	time        	depth
100000   	0    	5.000900e-03	38   
100000   	1    	4.763700e-03	39   
100000   	2    	5.257200e-03	39   
100000   	3    	5.629700e-03	45   

Número de nós em cada nível:
n_persons	index	time        	lvl0  	lvl1  	lvl2  	lvl3  	lvl4  	lvl5  	lvl6  	lvl7  	lvl8  	lvl9  	lvl10 	lvl11 	lvl12 	lvl13 	lvl14 	lvl15 	lvl16 	lvl17 	lvl18 	lvl19 	lvl20 	lvl21 	lvl22 	lvl23 	lvl24 	lvl25 	lvl26 	lvl27 	lvl28 	lvl29 	lvl30 	lvl31 	lvl32 	lvl33 	lvl34 	lvl35 	lvl36 	lvl37 	lvl38 	lvl39 	lvl40 	lvl41 	lvl42 	lvl43 	lvl44 	lvl45 
100000   	0    	4.248900e-03	1     	2     	4     	8     	16    	30    	57    	109   	209   	387   	655   	1075  	1720  	2497  	3513  	4727  	6064  	7312  	8231  	8926  	9081  	8797  	8144  	7205  	6018  	4774  	3623  	2621  	1709  	1064  	637   	388   	214   	89    	51    	23    	14    	3     	2     	nan   	nan   	nan   	nan   	nan   	nan   	nan   
100000   	1    	4.749700e-03	1     	2     	4     	8     	16    	31    	62    	119   	228   	410   	686   	1115  	1755  	2617  	3771  	5162  	6652  	7966  	9071  	9585  	9450  	8835  	7790  	6516  	5174  	3984  	2897  	2064  	1395  	954   	643   	441   	282   	158   	87    	39    	15    	10    	4     	1     	nan   	nan   	nan   	nan   	nan   	nan   
100000   	2    	4.419200e-03	1     	2     	4     	8     	16    	32    	63    	120   	221   	383   	647   	1047  	1663  	2595  	3757  	5070  	6557  	7885  	8965  	9557  	9516  	8930  	8084  	6781  	5473  	4056  	2875  	2071  	1434  	933   	567   	320   	174   	95    	52    	27    	14    	3     	1     	1     	nan   	nan   	nan   	nan   	nan   	nan   
100000   	3    	4.867100e-03	1     	2     	4     	8     	16    	32    	60    	107   	186   	312   	528   	849   	1367  	2018  	2829  	3828  	4959  	6057  	7205  	8040  	8507  	8460  	8239  	7515  	6586  	5566  	4551  	3537  	2754  	2050  	1422  	931   	609   	348   	200   	130   	74    	47    	25    	18    	10    	4     	4     	2     	2     	1     

