Criação das árvores ordenadas:
n_persons	index	time        
100000   	0    	5.273860e-02
100000   	1    	6.399770e-02
100000   	2    	5.684130e-02
100000   	3    	4.944700e-02

Procura de nós nas árvores:
n_persons	index	time        
100000   	0    	5.516060e-02
100000   	1    	6.219210e-02
100000   	2    	5.643320e-02
100000   	3    	4.878260e-02

Maior profundidade das árvores:
n_persons	index	time        	depth
100000   	0    	4.684500e-03	41   
100000   	1    	4.501400e-03	41   
100000   	2    	4.919500e-03	39   
100000   	3    	4.922600e-03	39   

Número de nós em cada nível:
n_persons	index	time        	lvl0  	lvl1  	lvl2  	lvl3  	lvl4  	lvl5  	lvl6  	lvl7  	lvl8  	lvl9  	lvl10 	lvl11 	lvl12 	lvl13 	lvl14 	lvl15 	lvl16 	lvl17 	lvl18 	lvl19 	lvl20 	lvl21 	lvl22 	lvl23 	lvl24 	lvl25 	lvl26 	lvl27 	lvl28 	lvl29 	lvl30 	lvl31 	lvl32 	lvl33 	lvl34 	lvl35 	lvl36 	lvl37 	lvl38 	lvl39 	lvl40 	lvl41 
100000   	0    	4.805200e-03	1     	2     	4     	8     	15    	30    	52    	92    	169   	283   	463   	780   	1282  	2004  	2966  	4049  	5385  	6670  	7896  	8754  	9126  	9044  	8671  	7817  	6615  	5346  	4104  	2997  	2035  	1348  	856   	506   	312   	155   	67    	47    	28    	11    	5     	3     	1     	1     
100000   	1    	4.385700e-03	1     	2     	4     	8     	16    	32    	60    	115   	217   	392   	695   	1152  	1771  	2651  	3657  	4783  	5985  	7062  	7999  	8505  	8813  	8673  	8091  	7241  	5991  	4787  	3628  	2631  	1854  	1243  	814   	502   	307   	156   	79    	40    	18    	10    	7     	5     	2     	1     
100000   	2    	4.501500e-03	1     	2     	4     	8     	16    	32    	61    	113   	208   	388   	686   	1115  	1730  	2575  	3612  	4802  	5965  	7025  	7900  	8490  	8629  	8532  	7959  	7270  	6105  	4878  	3790  	2827  	1959  	1349  	860   	494   	275   	165   	96    	43    	22    	9     	4     	1     	nan   	nan   
100000   	3    	4.577900e-03	1     	2     	4     	8     	16    	31    	60    	109   	196   	348   	581   	931   	1411  	2109  	2922  	3942  	5002  	6127  	7104  	7871  	8449  	8665  	8629  	8098  	7126  	5863  	4536  	3410  	2484  	1599  	1048  	619   	335   	186   	94    	45    	22    	13    	3     	1     	nan   	nan   

