Criação das árvores ordenadas:
n_persons	index	time        
100000   	0    	5.509020e-02
100000   	1    	6.479920e-02
100000   	2    	5.620100e-02
100000   	3    	4.821660e-02

Procura de nós nas árvores:
n_persons	index	time        
100000   	0    	5.345370e-02
100000   	1    	6.048020e-02
100000   	2    	6.012390e-02
100000   	3    	4.988930e-02

Maior profundidade das árvores:
n_persons	index	time        	depth
100000   	0    	4.389800e-03	40   
100000   	1    	4.864300e-03	38   
100000   	2    	5.306400e-03	39   
100000   	3    	5.013500e-03	37   

Número de nós em cada nível:
n_persons	index	time        	lvl0  	lvl1  	lvl2  	lvl3  	lvl4  	lvl5  	lvl6  	lvl7  	lvl8  	lvl9  	lvl10 	lvl11 	lvl12 	lvl13 	lvl14 	lvl15 	lvl16 	lvl17 	lvl18 	lvl19 	lvl20 	lvl21 	lvl22 	lvl23 	lvl24 	lvl25 	lvl26 	lvl27 	lvl28 	lvl29 	lvl30 	lvl31 	lvl32 	lvl33 	lvl34 	lvl35 	lvl36 	lvl37 	lvl38 	lvl39 	lvl40 
100000   	0    	4.143500e-03	1     	2     	4     	7     	14    	28    	56    	108   	197   	334   	566   	924   	1455  	2182  	3154  	4321  	5490  	6562  	7568  	8241  	8726  	8721  	8448  	7645  	6593  	5441  	4230  	3171  	2197  	1456  	919   	553   	304   	166   	94    	50    	38    	16    	10    	5     	3     
100000   	1    	4.191300e-03	1     	2     	4     	8     	16    	32    	61    	122   	230   	419   	739   	1248  	1966  	2920  	4103  	5386  	6637  	7653  	8353  	8618  	8577  	8044  	7272  	6399  	5484  	4477  	3539  	2625  	1915  	1306  	810   	508   	280   	131   	65    	30    	13    	5     	2     	nan   	nan   
100000   	2    	5.143000e-03	1     	2     	4     	8     	16    	32    	63    	119   	227   	406   	703   	1159  	1811  	2696  	3751  	4988  	6253  	7454  	8401  	9160  	9377  	9039  	8112  	6897  	5622  	4302  	3249  	2318  	1578  	984   	576   	343   	189   	91    	36    	21    	8     	2     	1     	1     	nan   
100000   	3    	4.537100e-03	1     	2     	4     	8     	16    	30    	60    	111   	207   	373   	648   	1065  	1675  	2566  	3677  	4973  	6341  	7520  	8523  	9057  	9161  	8696  	7860  	6910  	5757  	4696  	3566  	2476  	1714  	1017  	609   	348   	173   	85    	45    	19    	8     	3     	nan   	nan   	nan   

