Criação das árvores ordenadas:
n_persons	index	time        
100000   	0    	5.596830e-02
100000   	1    	8.406710e-02
100000   	2    	8.184930e-02
100000   	3    	5.266260e-02

Procura de nós nas árvores:
n_persons	index	time        
100000   	0    	5.628410e-02
100000   	1    	7.206440e-02
100000   	2    	5.818460e-02
100000   	3    	5.938470e-02

Maior profundidade das árvores:
n_persons	index	time        	depth
100000   	0    	4.683000e-03	40   
100000   	1    	4.569600e-03	41   
100000   	2    	5.049900e-03	37   
100000   	3    	4.949800e-03	40   

Número de nós em cada nível:
n_persons	index	time        	lvl0  	lvl1  	lvl2  	lvl3  	lvl4  	lvl5  	lvl6  	lvl7  	lvl8  	lvl9  	lvl10 	lvl11 	lvl12 	lvl13 	lvl14 	lvl15 	lvl16 	lvl17 	lvl18 	lvl19 	lvl20 	lvl21 	lvl22 	lvl23 	lvl24 	lvl25 	lvl26 	lvl27 	lvl28 	lvl29 	lvl30 	lvl31 	lvl32 	lvl33 	lvl34 	lvl35 	lvl36 	lvl37 	lvl38 	lvl39 	lvl40 	lvl41 
100000   	0    	4.347800e-03	1     	2     	4     	8     	16    	32    	63    	121   	228   	421   	707   	1163  	1836  	2765  	3877  	5082  	6446  	7650  	8586  	9096  	9071  	8643  	7835  	6789  	5538  	4281  	3141  	2318  	1527  	1006  	648   	431   	290   	182   	112   	48    	21    	7     	5     	2     	1     	nan   
100000   	1    	5.040200e-03	1     	2     	4     	8     	16    	32    	61    	110   	206   	374   	665   	1093  	1720  	2587  	3623  	4848  	6121  	7177  	7978  	8432  	8470  	8173  	7608  	6760  	5734  	4740  	3823  	2977  	2161  	1517  	1041  	712   	479   	320   	193   	108   	63    	28    	19    	11    	3     	2     
100000   	2    	4.399600e-03	1     	2     	4     	8     	16    	32    	64    	128   	247   	464   	817   	1347  	2053  	2947  	3984  	5105  	6212  	7212  	8013  	8509  	8524  	8303  	7817  	6853  	5803  	4701  	3626  	2602  	1783  	1183  	742   	449   	217   	125   	59    	33    	11    	4     	nan   	nan   	nan   	nan   
100000   	3    	4.311000e-03	1     	2     	4     	8     	16    	30    	55    	103   	198   	365   	638   	1085  	1757  	2676  	3892  	5222  	6743  	8069  	9015  	9519  	9512  	8946  	7951  	6671  	5269  	4035  	2826  	1880  	1306  	869   	528   	324   	216   	123   	71    	43    	24    	5     	1     	1     	1     	nan   

