Criação das árvores ordenadas:
n_persons	index	time        
100000   	0    	5.989410e-02
100000   	1    	8.165930e-02
100000   	2    	9.047410e-02
100000   	3    	7.601280e-02

Procura de nós nas árvores:
n_persons	index	time        
100000   	0    	6.593490e-02
100000   	1    	6.924630e-02
100000   	2    	7.099700e-02
100000   	3    	8.336920e-02

Maior profundidade das árvores:
n_persons	index	time        	depth
100000   	0    	7.301000e-03	38   
100000   	1    	7.157500e-03	41   
100000   	2    	9.714000e-03	37   
100000   	3    	7.499100e-03	38   

Número de nós em cada nível:
n_persons	index	time        	lvl0  	lvl1  	lvl2  	lvl3  	lvl4  	lvl5  	lvl6  	lvl7  	lvl8  	lvl9  	lvl10 	lvl11 	lvl12 	lvl13 	lvl14 	lvl15 	lvl16 	lvl17 	lvl18 	lvl19 	lvl20 	lvl21 	lvl22 	lvl23 	lvl24 	lvl25 	lvl26 	lvl27 	lvl28 	lvl29 	lvl30 	lvl31 	lvl32 	lvl33 	lvl34 	lvl35 	lvl36 	lvl37 	lvl38 	lvl39 	lvl40 	lvl41 
100000   	0    	9.614300e-03	1     	2     	4     	8     	16    	32    	64    	125   	234   	431   	764   	1289  	2050  	3049  	4258  	5578  	6720  	7652  	8258  	8449  	8418  	7944  	7195  	6299  	5407  	4522  	3498  	2631  	1901  	1259  	847   	506   	284   	157   	78    	37    	22    	7     	4     	nan   	nan   	nan   
100000   	1    	6.293300e-03	1     	2     	4     	8     	16    	32    	61    	119   	219   	387   	657   	1043  	1685  	2503  	3478  	4616  	5729  	6804  	7586  	8174  	8432  	8450  	8077  	7081  	6073  	5006  	4012  	3047  	2180  	1581  	1140  	777   	459   	259   	150   	65    	40    	24    	12    	9     	1     	1     
100000   	2    	6.705300e-03	1     	2     	4     	8     	16    	32    	63    	122   	224   	424   	739   	1246  	2003  	3035  	4318  	5802  	7163  	8316  	9086  	9487  	9201  	8492  	7464  	6248  	4935  	3736  	2722  	1874  	1213  	803   	506   	326   	188   	105   	59    	25    	9     	3     	nan   	nan   	nan   	nan   
100000   	3    	7.187700e-03	1     	2     	4     	8     	16    	32    	64    	126   	240   	421   	715   	1141  	1794  	2678  	3786  	5010  	6292  	7255  	8052  	8583  	8718  	8602  	8055  	7205  	6136  	4898  	3673  	2512  	1639  	1058  	621   	356   	178   	77    	30    	13    	6     	2     	1     	nan   	nan   	nan   

