Criação das árvores ordenadas:
n_persons	index	time        
100000   	0    	5.171470e-02
100000   	1    	6.091570e-02
100000   	2    	5.793700e-02
100000   	3    	4.885290e-02

Procura de nós nas árvores:
n_persons	index	time        
100000   	0    	5.512830e-02
100000   	1    	6.776960e-02
100000   	2    	5.829260e-02
100000   	3    	5.432670e-02

Maior profundidade das árvores:
n_persons	index	time        	depth
100000   	0    	4.340200e-03	40   
100000   	1    	4.462400e-03	37   
100000   	2    	4.812300e-03	35   
100000   	3    	4.782000e-03	40   

Número de nós em cada nível:
n_persons	index	time        	lvl0  	lvl1  	lvl2  	lvl3  	lvl4  	lvl5  	lvl6  	lvl7  	lvl8  	lvl9  	lvl10 	lvl11 	lvl12 	lvl13 	lvl14 	lvl15 	lvl16 	lvl17 	lvl18 	lvl19 	lvl20 	lvl21 	lvl22 	lvl23 	lvl24 	lvl25 	lvl26 	lvl27 	lvl28 	lvl29 	lvl30 	lvl31 	lvl32 	lvl33 	lvl34 	lvl35 	lvl36 	lvl37 	lvl38 	lvl39 	lvl40 
100000   	0    	3.855500e-03	1     	2     	4     	8     	16    	32    	59    	112   	200   	361   	589   	954   	1471  	2107  	2940  	3887  	4816  	5710  	6396  	7038  	7451  	7597  	7554  	7474  	7077  	6283  	5327  	4284  	3325  	2416  	1745  	1118  	696   	406   	259   	152   	71    	36    	16    	9     	1     
100000   	1    	4.199400e-03	1     	2     	4     	8     	16    	32    	64    	127   	232   	427   	741   	1247  	1985  	2987  	4160  	5492  	6772  	7983  	8829  	9200  	9105  	8450  	7658  	6438  	5242  	4157  	3089  	2173  	1445  	883   	496   	281   	156   	72    	31    	9     	5     	1     	nan   	nan   	nan   
100000   	2    	4.677400e-03	1     	2     	4     	8     	16    	32    	64    	127   	248   	464   	846   	1430  	2232  	3277  	4590  	6011  	7343  	8567  	9400  	9675  	9421  	8707  	7511  	6083  	4734  	3367  	2307  	1556  	969   	520   	263   	129   	52    	27    	15    	2     	nan   	nan   	nan   	nan   	nan   
100000   	3    	4.328000e-03	1     	2     	4     	8     	16    	32    	63    	126   	237   	425   	741   	1215  	1896  	2777  	3808  	4917  	5970  	6745  	7404  	7711  	7767  	7494  	7016  	6506  	5802  	5123  	4254  	3430  	2646  	1971  	1410  	970   	650   	372   	220   	130   	67    	42    	21    	9     	2     

