Criação das árvores ordenadas:
n_persons	index	time        
100000   	0    	7.174500e-02
100000   	1    	8.861980e-02
100000   	2    	8.076040e-02
100000   	3    	7.162090e-02

Procura de nós nas árvores:
n_persons	index	time        
100000   	0    	6.353420e-02
100000   	1    	6.646370e-02
100000   	2    	6.674370e-02
100000   	3    	5.280250e-02

Maior profundidade das árvores:
n_persons	index	time        	depth
100000   	0    	5.418000e-03	38   
100000   	1    	5.191800e-03	45   
100000   	2    	5.845800e-03	42   
100000   	3    	6.157600e-03	39   

Número de nós em cada nível:
n_persons	index	time        	lvl0  	lvl1  	lvl2  	lvl3  	lvl4  	lvl5  	lvl6  	lvl7  	lvl8  	lvl9  	lvl10 	lvl11 	lvl12 	lvl13 	lvl14 	lvl15 	lvl16 	lvl17 	lvl18 	lvl19 	lvl20 	lvl21 	lvl22 	lvl23 	lvl24 	lvl25 	lvl26 	lvl27 	lvl28 	lvl29 	lvl30 	lvl31 	lvl32 	lvl33 	lvl34 	lvl35 	lvl36 	lvl37 	lvl38 	lvl39 	lvl40 	lvl41 	lvl42 	lvl43 	lvl44 	lvl45 
100000   	0    	4.440900e-03	1     	2     	4     	8     	16    	32    	64    	123   	231   	420   	737   	1235  	1900  	2796  	3930  	5184  	6443  	7665  	8484  	8932  	9022  	8647  	7820  	6756  	5549  	4335  	3218  	2250  	1554  	1016  	652   	410   	254   	144   	86    	48    	24    	6     	2     	nan   	nan   	nan   	nan   	nan   	nan   	nan   
100000   	1    	4.275300e-03	1     	2     	4     	8     	16    	32    	63    	125   	241   	442   	774   	1251  	1921  	2845  	3951  	5219  	6516  	7558  	8239  	8718  	8672  	8363  	7695  	6602  	5519  	4366  	3350  	2453  	1731  	1158  	753   	452   	280   	200   	141   	119   	76    	58    	44    	23    	10    	5     	1     	1     	1     	1     
100000   	2    	5.008300e-03	1     	2     	4     	8     	16    	32    	64    	126   	239   	432   	707   	1095  	1538  	2154  	2848  	3645  	4544  	5612  	6697  	7653  	8345  	8588  	8370  	7669  	6838  	5703  	4661  	3784  	2843  	2069  	1380  	936   	577   	345   	196   	130   	72    	40    	16    	11    	6     	3     	1     	nan   	nan   	nan   
100000   	3    	5.679800e-03	1     	2     	4     	8     	16    	32    	62    	120   	219   	370   	624   	988   	1519  	2251  	3227  	4344  	5675  	7031  	8288  	9138  	9493  	9469  	8745  	7601  	6147  	4750  	3448  	2419  	1678  	1021  	607   	332   	190   	96    	53    	19    	8     	3     	1     	1     	nan   	nan   	nan   	nan   	nan   	nan   

