Criação das árvores ordenadas:
n_persons	index	time        
100000   	0    	5.152410e-02
100000   	1    	6.197270e-02
100000   	2    	5.557370e-02
100000   	3    	4.640900e-02

Procura de nós nas árvores:
n_persons	index	time        
100000   	0    	5.421600e-02
100000   	1    	6.287890e-02
100000   	2    	5.663520e-02
100000   	3    	5.096420e-02

Maior profundidade das árvores:
n_persons	index	time        	depth
100000   	0    	4.333500e-03	40   
100000   	1    	4.612400e-03	38   
100000   	2    	5.004200e-03	40   
100000   	3    	5.017800e-03	38   

Número de nós em cada nível:
n_persons	index	time        	lvl0  	lvl1  	lvl2  	lvl3  	lvl4  	lvl5  	lvl6  	lvl7  	lvl8  	lvl9  	lvl10 	lvl11 	lvl12 	lvl13 	lvl14 	lvl15 	lvl16 	lvl17 	lvl18 	lvl19 	lvl20 	lvl21 	lvl22 	lvl23 	lvl24 	lvl25 	lvl26 	lvl27 	lvl28 	lvl29 	lvl30 	lvl31 	lvl32 	lvl33 	lvl34 	lvl35 	lvl36 	lvl37 	lvl38 	lvl39 	lvl40 
100000   	0    	3.926400e-03	1     	2     	4     	8     	16    	32    	63    	121   	223   	390   	650   	1035  	1580  	2335  	3261  	4305  	5424  	6613  	7599  	8282  	8594  	8525  	8048  	7265  	6359  	5258  	4112  	3052  	2242  	1619  	1099  	733   	455   	277   	182   	114   	64    	34    	16    	6     	2     
100000   	1    	4.307900e-03	1     	2     	4     	8     	16    	32    	63    	125   	242   	444   	793   	1325  	2094  	3080  	4159  	5329  	6469  	7485  	8147  	8576  	8452  	7926  	7255  	6453  	5489  	4536  	3541  	2598  	1899  	1281  	835   	579   	349   	212   	120   	52    	23    	5     	1     	nan   	nan   
100000   	2    	4.451900e-03	1     	2     	4     	8     	16    	32    	64    	124   	231   	416   	715   	1154  	1749  	2494  	3410  	4397  	5471  	6391  	7271  	7875  	8236  	8182  	7740  	7156  	6181  	5239  	4357  	3406  	2491  	1789  	1237  	837   	553   	358   	205   	120   	48    	25    	10    	3     	2     
100000   	3    	4.652600e-03	1     	2     	4     	8     	16    	32    	64    	126   	243   	448   	789   	1326  	2144  	3196  	4425  	5716  	6855  	7842  	8423  	8614  	8279  	7809  	7150  	6214  	5227  	4316  	3334  	2496  	1761  	1204  	740   	471   	305   	211   	107   	52    	31    	16    	3     	nan   	nan   

