Criação das árvores ordenadas:
n_persons	index	time        
100000   	0    	6.184170e-02
100000   	1    	7.174810e-02
100000   	2    	6.566310e-02
100000   	3    	4.892530e-02

Procura de nós nas árvores:
n_persons	index	time        
100000   	0    	5.355090e-02
100000   	1    	6.353440e-02
100000   	2    	5.742090e-02
100000   	3    	5.055760e-02

Maior profundidade das árvores:
n_persons	index	time        	depth
100000   	0    	4.484500e-03	35   
100000   	1    	4.763800e-03	40   
100000   	2    	4.900300e-03	41   
100000   	3    	4.856500e-03	39   

Número de nós em cada nível:
n_persons	index	time        	lvl0  	lvl1  	lvl2  	lvl3  	lvl4  	lvl5  	lvl6  	lvl7  	lvl8  	lvl9  	lvl10 	lvl11 	lvl12 	lvl13 	lvl14 	lvl15 	lvl16 	lvl17 	lvl18 	lvl19 	lvl20 	lvl21 	lvl22 	lvl23 	lvl24 	lvl25 	lvl26 	lvl27 	lvl28 	lvl29 	lvl30 	lvl31 	lvl32 	lvl33 	lvl34 	lvl35 	lvl36 	lvl37 	lvl38 	lvl39 	lvl40 	lvl41 
100000   	0    	3.861100e-03	1     	2     	4     	8     	16    	32    	64    	125   	238   	443   	795   	1359  	2182  	3275  	4497  	5875  	7118  	8146  	8784  	9042  	8995  	8498  	7554  	6298  	4992  	3879  	2745  	1945  	1272  	841   	485   	267   	143   	56    	19    	5     	nan   	nan   	nan   	nan   	nan   	nan   
100000   	1    	4.014000e-03	1     	2     	4     	8     	16    	32    	64    	125   	233   	413   	694   	1081  	1644  	2410  	3383  	4470  	5601  	6622  	7453  	8192  	8568  	8448  	8046  	7406  	6313  	5185  	4146  	3145  	2287  	1523  	998   	624   	373   	216   	123   	77    	35    	20    	11    	7     	1     	nan   
100000   	2    	5.864400e-03	1     	2     	4     	8     	16    	32    	59    	99    	178   	323   	547   	889   	1379  	2025  	2861  	3824  	4921  	6098  	7205  	7861  	8182  	8080  	7713  	7090  	6249  	5342  	4524  	3723  	2977  	2348  	1791  	1329  	944   	622   	355   	207   	108   	47    	25    	9     	2     	1     
100000   	3    	5.119200e-03	1     	2     	4     	8     	16    	32    	64    	124   	226   	381   	631   	984   	1492  	2147  	2987  	3983  	5123  	6238  	7257  	7945  	8257  	8143  	7847  	7212  	6637  	5753  	4669  	3684  	2750  	1965  	1309  	847   	551   	356   	194   	102   	46    	21    	11    	1     	nan   	nan   

