Criação das árvores ordenadas:
n_persons	index	time        
100000   	0    	5.912840e-02
100000   	1    	7.058920e-02
100000   	2    	6.064100e-02
100000   	3    	5.920780e-02

Procura de nós nas árvores:
n_persons	index	time        
100000   	0    	6.727770e-02
100000   	1    	7.824730e-02
100000   	2    	6.594800e-02
100000   	3    	6.257200e-02

Maior profundidade das árvores:
n_persons	index	time        	depth
100000   	0    	4.448400e-03	40   
100000   	1    	5.231300e-03	41   
100000   	2    	5.108600e-03	41   
100000   	3    	5.146300e-03	40   

Número de nós em cada nível:
n_persons	index	time        	lvl0  	lvl1  	lvl2  	lvl3  	lvl4  	lvl5  	lvl6  	lvl7  	lvl8  	lvl9  	lvl10 	lvl11 	lvl12 	lvl13 	lvl14 	lvl15 	lvl16 	lvl17 	lvl18 	lvl19 	lvl20 	lvl21 	lvl22 	lvl23 	lvl24 	lvl25 	lvl26 	lvl27 	lvl28 	lvl29 	lvl30 	lvl31 	lvl32 	lvl33 	lvl34 	lvl35 	lvl36 	lvl37 	lvl38 	lvl39 	lvl40 	lvl41 
100000   	0    	7.651800e-03	1     	2     	4     	7     	14    	28    	55    	101   	182   	318   	550   	885   	1392  	2121  	3139  	4401  	5803  	7166  	8315  	9185  	9536  	9284  	8526  	7379  	6066  	4805  	3625  	2523  	1675  	1110  	713   	436   	293   	153   	86    	54    	30    	22    	8     	5     	2     	nan   
100000   	1    	4.869300e-03	1     	2     	4     	8     	16    	32    	64    	128   	245   	459   	813   	1372  	2165  	3109  	4274  	5428  	6713  	7796  	8543  	9022  	9003  	8532  	7670  	6549  	5347  	4097  	3055  	2151  	1402  	894   	520   	284   	155   	82    	36    	15    	7     	2     	2     	1     	1     	1     
100000   	2    	5.102100e-03	1     	2     	4     	8     	16    	32    	64    	128   	246   	452   	792   	1326  	2027  	3009  	4179  	5466  	6705  	7691  	8415  	8831  	8717  	8161  	7362  	6424  	5401  	4310  	3278  	2430  	1684  	1127  	699   	432   	245   	125   	73    	57    	37    	27    	7     	5     	3     	2     
100000   	3    	1.510340e-02	1     	2     	4     	8     	16    	32    	64    	126   	247   	467   	822   	1392  	2204  	3231  	4568  	5980  	7414  	8488  	9229  	9294  	8872  	8119  	7082  	5961  	4709  	3696  	2625  	1838  	1261  	787   	508   	346   	241   	152   	91    	49    	27    	22    	17    	5     	3     	nan   

