Criação das árvores ordenadas:
n_persons	index	time        
100000   	0    	5.037140e-02
100000   	1    	6.765090e-02
100000   	2    	6.010800e-02
100000   	3    	4.940330e-02

Procura de nós nas árvores:
n_persons	index	time        
100000   	0    	5.487590e-02
100000   	1    	6.999740e-02
100000   	2    	5.657110e-02
100000   	3    	4.973880e-02

Maior profundidade das árvores:
n_persons	index	time        	depth
100000   	0    	4.952200e-03	42   
100000   	1    	4.747100e-03	42   
100000   	2    	5.097400e-03	42   
100000   	3    	5.456800e-03	42   

Número de nós em cada nível:
n_persons	index	time        	lvl0  	lvl1  	lvl2  	lvl3  	lvl4  	lvl5  	lvl6  	lvl7  	lvl8  	lvl9  	lvl10 	lvl11 	lvl12 	lvl13 	lvl14 	lvl15 	lvl16 	lvl17 	lvl18 	lvl19 	lvl20 	lvl21 	lvl22 	lvl23 	lvl24 	lvl25 	lvl26 	lvl27 	lvl28 	lvl29 	lvl30 	lvl31 	lvl32 	lvl33 	lvl34 	lvl35 	lvl36 	lvl37 	lvl38 	lvl39 	lvl40 	lvl41 	lvl42 
100000   	0    	4.450100e-03	1     	2     	4     	8     	16    	32    	63    	119   	229   	426   	738   	1263  	1977  	2915  	4096  	5414  	6791  	7819  	8584  	8847  	8715  	8097  	7260  	6262  	5131  	4006  	3063  	2301  	1685  	1220  	884   	655   	485   	340   	217   	137   	81    	48    	30    	15    	10    	9     	5     
100000   	1    	4.404300e-03	1     	2     	4     	8     	16    	32    	61    	118   	226   	401   	674   	1116  	1754  	2581  	3607  	4792  	5981  	7133  	8054  	8599  	8627  	8157  	7510  	6693  	5523  	4394  	3490  	2687  	2042  	1569  	1169  	900   	697   	499   	351   	228   	133   	73    	45    	27    	18    	5     	3     
100000   	2    	4.765900e-03	1     	2     	4     	8     	16    	32    	64    	123   	210   	368   	596   	912   	1359  	1903  	2651  	3375  	4180  	4924  	5609  	6222  	6749  	7088  	7266  	7330  	6983  	6446  	5766  	5024  	4226  	3342  	2570  	1772  	1189  	760   	440   	248   	126   	59    	30    	18    	7     	1     	1     
100000   	3    	4.975300e-03	1     	2     	4     	8     	16    	32    	62    	117   	221   	406   	677   	1115  	1664  	2383  	3270  	4248  	5273  	6336  	7154  	7936  	8414  	8534  	8160  	7279  	6251  	5207  	4070  	3143  	2388  	1756  	1251  	916   	622   	424   	290   	183   	94    	42    	23    	12    	11    	4     	1     

