Criação das árvores ordenadas:
n_persons	index	time        
100000   	0    	5.112770e-02
100000   	1    	6.260700e-02
100000   	2    	5.471700e-02
100000   	3    	5.102170e-02

Procura de nós nas árvores:
n_persons	index	time        
100000   	0    	5.194410e-02
100000   	1    	6.341830e-02
100000   	2    	5.674660e-02
100000   	3    	4.988100e-02

Maior profundidade das árvores:
n_persons	index	time        	depth
100000   	0    	4.301600e-03	35   
100000   	1    	4.980100e-03	39   
100000   	2    	4.945400e-03	41   
100000   	3    	4.811100e-03	45   

Número de nós em cada nível:
n_persons	index	time        	lvl0  	lvl1  	lvl2  	lvl3  	lvl4  	lvl5  	lvl6  	lvl7  	lvl8  	lvl9  	lvl10 	lvl11 	lvl12 	lvl13 	lvl14 	lvl15 	lvl16 	lvl17 	lvl18 	lvl19 	lvl20 	lvl21 	lvl22 	lvl23 	lvl24 	lvl25 	lvl26 	lvl27 	lvl28 	lvl29 	lvl30 	lvl31 	lvl32 	lvl33 	lvl34 	lvl35 	lvl36 	lvl37 	lvl38 	lvl39 	lvl40 	lvl41 	lvl42 	lvl43 	lvl44 	lvl45 
100000   	0    	4.019800e-03	1     	2     	4     	8     	16    	32    	64    	126   	247   	446   	800   	1358  	2150  	3178  	4484  	5887  	7192  	8390  	9143  	9353  	8993  	8473  	7425  	6208  	4932  	3754  	2736  	1832  	1179  	736   	418   	236   	106   	59    	24    	8     	nan   	nan   	nan   	nan   	nan   	nan   	nan   	nan   	nan   	nan   
100000   	1    	3.880300e-03	1     	2     	4     	8     	16    	32    	58    	109   	200   	355   	611   	999   	1593  	2385  	3380  	4496  	5650  	6805  	7854  	8633  	8964  	8742  	8201  	7247  	6151  	5046  	3947  	2995  	2130  	1434  	877   	517   	317   	145   	56    	25    	10    	3     	1     	1     	nan   	nan   	nan   	nan   	nan   	nan   
100000   	2    	6.812700e-03	1     	2     	4     	8     	16    	32    	64    	125   	236   	424   	723   	1199  	1866  	2714  	3712  	4764  	5835  	6738  	7536  	7890  	8005  	7670  	7173  	6676  	5919  	5033  	4157  	3277  	2450  	1872  	1400  	969   	616   	403   	219   	131   	74    	36    	20    	6     	4     	1     	nan   	nan   	nan   	nan   
100000   	3    	5.096200e-03	1     	2     	4     	8     	16    	32    	60    	110   	194   	334   	583   	937   	1479  	2223  	3099  	4087  	5119  	6153  	7080  	7653  	7954  	8001  	7937  	7517  	6763  	5812  	4801  	3731  	2792  	1956  	1371  	889   	548   	345   	178   	109   	61    	25    	10    	8     	4     	4     	4     	3     	2     	1     

