Criação das árvores ordenadas:
n_persons	index	time        
100000   	0    	5.722980e-02
100000   	1    	6.330760e-02
100000   	2    	5.463910e-02
100000   	3    	4.696940e-02

Procura de nós nas árvores:
n_persons	index	time        
100000   	0    	5.382840e-02
100000   	1    	6.434450e-02
100000   	2    	5.894130e-02
100000   	3    	5.245400e-02

Maior profundidade das árvores:
n_persons	index	time        	depth
100000   	0    	4.807400e-03	38   
100000   	1    	4.334500e-03	40   
100000   	2    	4.953400e-03	39   
100000   	3    	5.168300e-03	41   

Número de nós em cada nível:
n_persons	index	time        	lvl0  	lvl1  	lvl2  	lvl3  	lvl4  	lvl5  	lvl6  	lvl7  	lvl8  	lvl9  	lvl10 	lvl11 	lvl12 	lvl13 	lvl14 	lvl15 	lvl16 	lvl17 	lvl18 	lvl19 	lvl20 	lvl21 	lvl22 	lvl23 	lvl24 	lvl25 	lvl26 	lvl27 	lvl28 	lvl29 	lvl30 	lvl31 	lvl32 	lvl33 	lvl34 	lvl35 	lvl36 	lvl37 	lvl38 	lvl39 	lvl40 	lvl41 
100000   	0    	4.510900e-03	1     	2     	4     	8     	16    	32    	64    	128   	247   	469   	836   	1396  	2228  	3298  	4567  	6014  	7197  	8192  	8738  	9047  	8813  	8186  	7285  	6279  	4988  	3852  	2817  	1980  	1320  	838   	481   	306   	174   	104   	52    	24    	6     	8     	3     	nan   	nan   	nan   
100000   	1    	4.155500e-03	1     	2     	4     	8     	16    	32    	62    	123   	232   	434   	754   	1274  	1996  	2996  	4151  	5473  	6770  	7968  	8686  	8888  	8654  	8152  	7296  	6480  	5269  	4122  	3149  	2263  	1622  	1102  	716   	487   	348   	205   	127   	72    	33    	17    	11    	4     	1     	nan   
100000   	2    	4.620600e-03	1     	2     	4     	8     	16    	32    	63    	122   	228   	409   	680   	1117  	1744  	2526  	3563  	4801  	6021  	7233  	8206  	8917  	9056  	8904  	8019  	7051  	5941  	4793  	3567  	2551  	1755  	1111  	649   	407   	245   	132   	66    	32    	15    	6     	6     	1     	nan   	nan   
100000   	3    	4.911800e-03	1     	2     	4     	8     	16    	32    	61    	106   	205   	362   	629   	1039  	1612  	2430  	3415  	4478  	5603  	6633  	7592  	8278  	8623  	8371  	7926  	7135  	6057  	5067  	3965  	3140  	2332  	1717  	1179  	754   	494   	299   	172   	116   	68    	39    	18    	15    	5     	2     

