Criação das árvores ordenadas:
n_persons	index	time        
100000   	0    	5.227670e-02
100000   	1    	6.110850e-02
100000   	2    	5.516300e-02
100000   	3    	4.961380e-02

Procura de nós nas árvores:
n_persons	index	time        
100000   	0    	5.846500e-02
100000   	1    	7.760320e-02
100000   	2    	5.918520e-02
100000   	3    	5.189730e-02

Maior profundidade das árvores:
n_persons	index	time        	depth
100000   	0    	4.286600e-03	36   
100000   	1    	4.200400e-03	37   
100000   	2    	5.267100e-03	37   
100000   	3    	5.797500e-03	40   

Número de nós em cada nível:
n_persons	index	time        	lvl0  	lvl1  	lvl2  	lvl3  	lvl4  	lvl5  	lvl6  	lvl7  	lvl8  	lvl9  	lvl10 	lvl11 	lvl12 	lvl13 	lvl14 	lvl15 	lvl16 	lvl17 	lvl18 	lvl19 	lvl20 	lvl21 	lvl22 	lvl23 	lvl24 	lvl25 	lvl26 	lvl27 	lvl28 	lvl29 	lvl30 	lvl31 	lvl32 	lvl33 	lvl34 	lvl35 	lvl36 	lvl37 	lvl38 	lvl39 	lvl40 
100000   	0    	4.185200e-03	1     	2     	4     	8     	16    	32    	64    	121   	226   	415   	727   	1201  	1839  	2770  	3946  	5190  	6493  	7669  	8556  	8995  	9036  	8663  	7773  	6823  	5580  	4320  	3342  	2387  	1605  	1011  	579   	318   	158   	77    	32    	16    	5     	nan   	nan   	nan   	nan   
100000   	1    	3.873000e-03	1     	2     	4     	8     	16    	32    	63    	124   	245   	439   	765   	1288  	2044  	3004  	4212  	5559  	6881  	8153  	9014  	9332  	9134  	8512  	7436  	6403  	5192  	3992  	2953  	2089  	1332  	814   	468   	268   	143   	53    	19    	4     	1     	1     	nan   	nan   	nan   
100000   	2    	4.507300e-03	1     	2     	4     	8     	16    	32    	64    	122   	231   	418   	744   	1242  	1941  	2835  	3846  	5009  	6202  	7353  	8170  	8675  	8863  	8681  	8017  	7092  	5800  	4557  	3327  	2378  	1645  	1079  	728   	424   	265   	142   	53    	24    	8     	2     	nan   	nan   	nan   
100000   	3    	4.541000e-03	1     	2     	4     	8     	16    	32    	64    	123   	237   	435   	767   	1312  	2041  	2933  	4080  	5381  	6562  	7506  	8204  	8637  	8556  	8241  	7501  	6589  	5450  	4386  	3403  	2589  	1810  	1201  	754   	498   	276   	165   	100   	58    	38    	18    	14    	7     	1     

