Criação das árvores ordenadas:
n_persons	index	time        
100000   	0    	5.076480e-02
100000   	1    	6.540780e-02
100000   	2    	5.810960e-02
100000   	3    	4.638860e-02

Procura de nós nas árvores:
n_persons	index	time        
100000   	0    	5.631750e-02
100000   	1    	6.447230e-02
100000   	2    	5.778760e-02
100000   	3    	5.227750e-02

Maior profundidade das árvores:
n_persons	index	time        	depth
100000   	0    	4.149100e-03	42   
100000   	1    	4.402000e-03	38   
100000   	2    	4.753200e-03	40   
100000   	3    	4.860200e-03	41   

Número de nós em cada nível:
n_persons	index	time        	lvl0  	lvl1  	lvl2  	lvl3  	lvl4  	lvl5  	lvl6  	lvl7  	lvl8  	lvl9  	lvl10 	lvl11 	lvl12 	lvl13 	lvl14 	lvl15 	lvl16 	lvl17 	lvl18 	lvl19 	lvl20 	lvl21 	lvl22 	lvl23 	lvl24 	lvl25 	lvl26 	lvl27 	lvl28 	lvl29 	lvl30 	lvl31 	lvl32 	lvl33 	lvl34 	lvl35 	lvl36 	lvl37 	lvl38 	lvl39 	lvl40 	lvl41 	lvl42 
100000   	0    	4.238600e-03	1     	2     	4     	8     	16    	32    	63    	121   	225   	404   	689   	1135  	1814  	2685  	3779  	4966  	6115  	7185  	8041  	8695  	8970  	8778  	8143  	7132  	5920  	4697  	3515  	2550  	1702  	1082  	646   	409   	209   	120   	65    	36    	16    	13    	8     	3     	2     	3     	1     
100000   	1    	3.925600e-03	1     	2     	4     	8     	16    	31    	61    	119   	227   	408   	696   	1147  	1786  	2590  	3612  	4810  	6153  	7397  	8451  	8978  	9131  	8744  	7863  	6739  	5677  	4486  	3410  	2468  	1805  	1230  	756   	482   	308   	208   	109   	59    	22    	5     	1     	nan   	nan   	nan   	nan   
100000   	2    	4.317900e-03	1     	2     	4     	8     	15    	30    	56    	108   	200   	339   	554   	867   	1314  	1902  	2662  	3511  	4445  	5395  	6276  	7139  	7758  	8085  	8140  	7751  	7126  	6320  	5321  	4316  	3333  	2435  	1694  	1130  	700   	440   	275   	167   	95    	50    	21    	9     	6     	nan   	nan   
100000   	3    	4.362100e-03	1     	2     	4     	8     	16    	32    	64    	127   	249   	450   	776   	1251  	1923  	2770  	3769  	4811  	5959  	6906  	7665  	8144  	8397  	8185  	7654  	6850  	5900  	4818  	3830  	2814  	2005  	1466  	996   	686   	458   	337   	235   	164   	112   	74    	47    	27    	14    	4     	nan   

