Criação das árvores ordenadas:
n_persons	index	time        
100000   	0    	6.032140e-02
100000   	1    	6.432690e-02
100000   	2    	5.754680e-02
100000   	3    	5.003890e-02

Procura de nós nas árvores:
n_persons	index	time        
100000   	0    	6.420470e-02
100000   	1    	6.793040e-02
100000   	2    	5.758830e-02
100000   	3    	5.034180e-02

Maior profundidade das árvores:
n_persons	index	time        	depth
100000   	0    	4.486800e-03	47   
100000   	1    	5.020900e-03	37   
100000   	2    	4.964700e-03	39   
100000   	3    	5.143900e-03	44   

Número de nós em cada nível:
n_persons	index	time        	lvl0  	lvl1  	lvl2  	lvl3  	lvl4  	lvl5  	lvl6  	lvl7  	lvl8  	lvl9  	lvl10 	lvl11 	lvl12 	lvl13 	lvl14 	lvl15 	lvl16 	lvl17 	lvl18 	lvl19 	lvl20 	lvl21 	lvl22 	lvl23 	lvl24 	lvl25 	lvl26 	lvl27 	lvl28 	lvl29 	lvl30 	lvl31 	lvl32 	lvl33 	lvl34 	lvl35 	lvl36 	lvl37 	lvl38 	lvl39 	lvl40 	lvl41 	lvl42 	lvl43 	lvl44 	lvl45 	lvl46 	lvl47 
100000   	0    	4.647300e-03	1     	2     	4     	8     	13    	26    	49    	92    	161   	275   	443   	697   	1027  	1449  	1915  	2506  	3192  	4012  	4847  	5812  	6717  	7424  	7906  	8085  	7806  	7321  	6324  	5314  	4298  	3406  	2638  	1896  	1293  	885   	636   	442   	328   	261   	183   	126   	69    	40    	33    	20    	9     	5     	3     	1     
100000   	1    	4.048600e-03	1     	2     	4     	8     	16    	32    	63    	126   	235   	425   	724   	1170  	1762  	2548  	3480  	4543  	5539  	6553  	7633  	8378  	8700  	8757  	8307  	7528  	6428  	5250  	4058  	2849  	1971  	1268  	715   	449   	246   	130   	62    	25    	12    	3     	nan   	nan   	nan   	nan   	nan   	nan   	nan   	nan   	nan   	nan   
100000   	2    	5.184100e-03	1     	2     	4     	8     	16    	30    	56    	103   	192   	353   	641   	1079  	1697  	2523  	3636  	4793  	6134  	7326  	8268  	8840  	9059  	8662  	8069  	6991  	5828  	4635  	3622  	2598  	1827  	1227  	766   	466   	256   	132   	77    	43    	20    	12    	6     	2     	nan   	nan   	nan   	nan   	nan   	nan   	nan   	nan   
100000   	3    	5.053800e-03	1     	2     	4     	8     	16    	32    	62    	118   	212   	371   	595   	934   	1357  	1852  	2492  	3220  	3922  	4661  	5359  	5910  	6362  	6767  	6963  	6911  	6541  	6025  	5461  	4814  	4118  	3420  	2776  	2262  	1793  	1356  	1047  	749   	523   	376   	268   	183   	89    	41    	15    	10    	2     	nan   	nan   	nan   

