Criação das árvores ordenadas:
n_persons	index	time        
100000   	0    	5.364960e-02
100000   	1    	7.149550e-02
100000   	2    	5.830880e-02
100000   	3    	5.169680e-02

Procura de nós nas árvores:
n_persons	index	time        
100000   	0    	5.587080e-02
100000   	1    	6.462500e-02
100000   	2    	6.040650e-02
100000   	3    	5.496370e-02

Maior profundidade das árvores:
n_persons	index	time        	depth
100000   	0    	4.751000e-03	38   
100000   	1    	4.791800e-03	39   
100000   	2    	5.267900e-03	40   
100000   	3    	5.236600e-03	40   

Número de nós em cada nível:
n_persons	index	time        	lvl0  	lvl1  	lvl2  	lvl3  	lvl4  	lvl5  	lvl6  	lvl7  	lvl8  	lvl9  	lvl10 	lvl11 	lvl12 	lvl13 	lvl14 	lvl15 	lvl16 	lvl17 	lvl18 	lvl19 	lvl20 	lvl21 	lvl22 	lvl23 	lvl24 	lvl25 	lvl26 	lvl27 	lvl28 	lvl29 	lvl30 	lvl31 	lvl32 	lvl33 	lvl34 	lvl35 	lvl36 	lvl37 	lvl38 	lvl39 	lvl40 
100000   	0    	3.948500e-03	1     	2     	4     	8     	16    	32    	64    	127   	243   	446   	793   	1274  	1957  	2868  	4090  	5433  	6757  	7774  	8595  	8942  	8850  	8428  	7685  	6539  	5345  	4260  	3213  	2274  	1561  	1031  	628   	359   	200   	108   	55    	27    	8     	2     	1     	nan   	nan   
100000   	1    	3.740200e-03	1     	2     	4     	8     	16    	32    	63    	121   	236   	450   	802   	1354  	2157  	3250  	4589  	5990  	7434  	8616  	9409  	9768  	9454  	8579  	7297  	5826  	4436  	3267  	2292  	1586  	1050  	671   	427   	292   	200   	144   	92    	55    	17    	8     	3     	2     	nan   
100000   	2    	4.714200e-03	1     	2     	4     	8     	16    	32    	59    	115   	212   	371   	648   	1078  	1683  	2486  	3487  	4741  	6017  	7244  	8193  	8900  	9181  	8957  	8246  	7073  	5812  	4671  	3414  	2538  	1739  	1161  	711   	470   	297   	198   	124   	64    	32    	10    	3     	1     	1     
100000   	3    	4.514600e-03	1     	2     	4     	8     	16    	31    	57    	106   	192   	344   	608   	994   	1560  	2293  	3248  	4246  	5356  	6423  	7387  	8009  	8477  	8516  	8090  	7502  	6563  	5562  	4356  	3333  	2391  	1603  	1091  	669   	409   	249   	154   	79    	38    	21    	8     	3     	1     

