Criação das árvores ordenadas:
n_persons	index	time        
100000   	0    	5.513770e-02
100000   	1    	6.406620e-02
100000   	2    	5.531360e-02
100000   	3    	4.895040e-02

Procura de nós nas árvores:
n_persons	index	time        
100000   	0    	5.646840e-02
100000   	1    	6.691310e-02
100000   	2    	6.019370e-02
100000   	3    	4.959230e-02

Maior profundidade das árvores:
n_persons	index	time        	depth
100000   	0    	4.740100e-03	40   
100000   	1    	4.790600e-03	40   
100000   	2    	6.280000e-03	41   
100000   	3    	6.366900e-03	40   

Número de nós em cada nível:
n_persons	index	time        	lvl0  	lvl1  	lvl2  	lvl3  	lvl4  	lvl5  	lvl6  	lvl7  	lvl8  	lvl9  	lvl10 	lvl11 	lvl12 	lvl13 	lvl14 	lvl15 	lvl16 	lvl17 	lvl18 	lvl19 	lvl20 	lvl21 	lvl22 	lvl23 	lvl24 	lvl25 	lvl26 	lvl27 	lvl28 	lvl29 	lvl30 	lvl31 	lvl32 	lvl33 	lvl34 	lvl35 	lvl36 	lvl37 	lvl38 	lvl39 	lvl40 	lvl41 
100000   	0    	4.861300e-03	1     	2     	4     	8     	16    	32    	64    	124   	232   	417   	735   	1205  	1834  	2736  	3770  	4915  	6080  	6964  	7750  	8335  	8497  	8185  	7603  	6930  	5891  	4891  	3728  	2818  	2084  	1478  	1019  	646   	421   	267   	181   	81    	36    	14    	4     	1     	1     	nan   
100000   	1    	4.675400e-03	1     	2     	4     	8     	16    	32    	63    	121   	229   	415   	714   	1126  	1688  	2457  	3374  	4469  	5603  	6693  	7782  	8522  	8995  	8851  	8323  	7405  	6208  	5007  	3874  	2867  	1963  	1274  	783   	462   	276   	171   	101   	56    	35    	19    	8     	2     	1     	nan   
100000   	2    	5.568500e-03	1     	2     	4     	8     	16    	31    	62    	122   	232   	420   	715   	1200  	1921  	2870  	4022  	5171  	6409  	7428  	8258  	8555  	8397  	8089  	7505  	6694  	5757  	4650  	3577  	2652  	1871  	1252  	825   	522   	318   	194   	113   	69    	34    	18    	8     	4     	3     	1     
100000   	3    	5.701000e-03	1     	2     	4     	8     	16    	32    	63    	121   	230   	411   	719   	1204  	1893  	2865  	4011  	5298  	6510  	7599  	8396  	8960  	8895  	8587  	7854  	6637  	5451  	4267  	3131  	2331  	1613  	1085  	749   	467   	281   	146   	79    	43    	21    	11    	5     	2     	2     	nan   

