Criação das árvores ordenadas:
n_persons	index	time        
100000   	0    	5.588670e-02
100000   	1    	6.678180e-02
100000   	2    	5.722790e-02
100000   	3    	5.082400e-02

Procura de nós nas árvores:
n_persons	index	time        
100000   	0    	5.589860e-02
100000   	1    	6.394730e-02
100000   	2    	5.591960e-02
100000   	3    	1.034936e-01

Maior profundidade das árvores:
n_persons	index	time        	depth
100000   	0    	5.350600e-03	40   
100000   	1    	5.632700e-03	37   
100000   	2    	6.580300e-03	40   
100000   	3    	6.022500e-03	38   

Número de nós em cada nível:
n_persons	index	time        	lvl0  	lvl1  	lvl2  	lvl3  	lvl4  	lvl5  	lvl6  	lvl7  	lvl8  	lvl9  	lvl10 	lvl11 	lvl12 	lvl13 	lvl14 	lvl15 	lvl16 	lvl17 	lvl18 	lvl19 	lvl20 	lvl21 	lvl22 	lvl23 	lvl24 	lvl25 	lvl26 	lvl27 	lvl28 	lvl29 	lvl30 	lvl31 	lvl32 	lvl33 	lvl34 	lvl35 	lvl36 	lvl37 	lvl38 	lvl39 	lvl40 
100000   	0    	4.973100e-03	1     	2     	4     	8     	16    	32    	64    	124   	229   	414   	707   	1138  	1740  	2468  	3340  	4400  	5494  	6390  	7121  	7652  	8022  	8037  	7635  	7117  	6298  	5315  	4445  	3538  	2629  	1962  	1377  	914   	569   	351   	208   	112   	60    	38    	19    	9     	1     
100000   	1    	5.569800e-03	1     	2     	4     	8     	16    	32    	64    	127   	243   	448   	796   	1277  	1982  	2870  	3932  	5075  	6282  	7344  	8274  	8937  	8906  	8606  	7801  	6820  	5652  	4405  	3327  	2427  	1682  	1102  	674   	423   	247   	126   	49    	20    	12    	7     	nan   	nan   	nan   
100000   	2    	5.986800e-03	1     	2     	4     	8     	16    	32    	64    	128   	246   	447   	782   	1321  	2135  	3231  	4641  	6047  	7396  	8397  	8921  	8990  	8609  	7976  	6975  	5847  	4639  	3623  	2828  	2136  	1608  	1123  	766   	478   	276   	162   	82    	36    	14    	6     	5     	1     	1     
100000   	3    	5.447100e-03	1     	2     	4     	8     	16    	32    	64    	125   	238   	449   	804   	1316  	2052  	3018  	4155  	5424  	6638  	7632  	8413  	8738  	8567  	8089  	7375  	6326  	5333  	4325  	3468  	2635  	1843  	1208  	751   	427   	257   	133   	83    	32    	13    	3     	3     	nan   	nan   

