Criação das árvores ordenadas:
n_persons	index	time        
100000   	0    	7.818090e-02
100000   	1    	8.813210e-02
100000   	2    	7.818200e-02
100000   	3    	6.711840e-02

Procura de nós nas árvores:
n_persons	index	time        
100000   	0    	7.463150e-02
100000   	1    	8.656280e-02
100000   	2    	7.902900e-02
100000   	3    	6.379330e-02

Maior profundidade das árvores:
n_persons	index	time        	depth
100000   	0    	5.833300e-03	38   
100000   	1    	5.704800e-03	41   
100000   	2    	6.220900e-03	42   
100000   	3    	9.271800e-03	37   

Número de nós em cada nível:
n_persons	index	time        	lvl0  	lvl1  	lvl2  	lvl3  	lvl4  	lvl5  	lvl6  	lvl7  	lvl8  	lvl9  	lvl10 	lvl11 	lvl12 	lvl13 	lvl14 	lvl15 	lvl16 	lvl17 	lvl18 	lvl19 	lvl20 	lvl21 	lvl22 	lvl23 	lvl24 	lvl25 	lvl26 	lvl27 	lvl28 	lvl29 	lvl30 	lvl31 	lvl32 	lvl33 	lvl34 	lvl35 	lvl36 	lvl37 	lvl38 	lvl39 	lvl40 	lvl41 	lvl42 
100000   	0    	4.933800e-03	1     	2     	4     	8     	16    	31    	62    	117   	223   	411   	702   	1155  	1846  	2725  	3819  	5082  	6473  	7682  	8534  	9063  	9226  	8913  	8044  	6873  	5669  	4303  	3171  	2148  	1416  	890   	549   	348   	219   	132   	71    	44    	18    	7     	3     	nan   	nan   	nan   	nan   
100000   	1    	4.842100e-03	1     	2     	4     	8     	16    	32    	61    	106   	186   	322   	541   	874   	1339  	2009  	2783  	3710  	4679  	5808  	6895  	7655  	8368  	8571  	8396  	7829  	6930  	5838  	4751  	3738  	2776  	1994  	1411  	931   	557   	339   	223   	145   	77    	48    	30    	8     	6     	3     	nan   
100000   	2    	1.502420e-02	1     	2     	4     	8     	16    	32    	64    	125   	235   	421   	727   	1165  	1818  	2608  	3584  	4730  	5917  	6970  	7759  	8369  	8502  	8231  	7741  	6926  	5948  	4949  	3952  	2996  	2147  	1453  	1020  	657   	395   	228   	136   	70    	42    	27    	14    	6     	2     	2     	1     
100000   	3    	6.603800e-03	1     	2     	4     	8     	16    	32    	62    	122   	229   	429   	767   	1310  	2065  	3123  	4421  	5874  	7250  	8332  	9120  	9352  	9122  	8535  	7521  	6151  	4820  	3734  	2649  	1849  	1237  	801   	459   	256   	156   	88    	49    	27    	17    	10    	nan   	nan   	nan   	nan   	nan   

