Criação das árvores ordenadas:
n_persons	index	time        
100000   	0    	5.266170e-02
100000   	1    	6.040120e-02
100000   	2    	5.760310e-02
100000   	3    	4.846210e-02

Procura de nós nas árvores:
n_persons	index	time        
100000   	0    	5.164450e-02
100000   	1    	5.831080e-02
100000   	2    	5.647950e-02
100000   	3    	5.018350e-02

Maior profundidade das árvores:
n_persons	index	time        	depth
100000   	0    	4.646700e-03	39   
100000   	1    	4.478500e-03	35   
100000   	2    	4.776400e-03	41   
100000   	3    	4.935100e-03	38   

Número de nós em cada nível:
n_persons	index	time        	lvl0  	lvl1  	lvl2  	lvl3  	lvl4  	lvl5  	lvl6  	lvl7  	lvl8  	lvl9  	lvl10 	lvl11 	lvl12 	lvl13 	lvl14 	lvl15 	lvl16 	lvl17 	lvl18 	lvl19 	lvl20 	lvl21 	lvl22 	lvl23 	lvl24 	lvl25 	lvl26 	lvl27 	lvl28 	lvl29 	lvl30 	lvl31 	lvl32 	lvl33 	lvl34 	lvl35 	lvl36 	lvl37 	lvl38 	lvl39 	lvl40 	lvl41 
100000   	0    	3.948700e-03	1     	2     	4     	8     	16    	32    	63    	126   	243   	453   	799   	1365  	2115  	3157  	4443  	5724  	7017  	8112  	8864  	9166  	9117  	8566  	7484  	6252  	4985  	3730  	2736  	1946  	1295  	860   	510   	318   	196   	129   	67    	47    	34    	12    	5     	1     	nan   	nan   
100000   	1    	3.985400e-03	1     	2     	4     	8     	16    	32    	61    	117   	221   	398   	705   	1167  	1865  	2857  	4007  	5356  	6856  	8098  	9129  	9537  	9537  	8853  	7766  	6516  	5303  	4023  	2871  	1982  	1234  	719   	410   	201   	100   	33    	12    	3     	nan   	nan   	nan   	nan   	nan   	nan   
100000   	2    	4.471500e-03	1     	2     	4     	8     	16    	32    	63    	121   	231   	408   	701   	1138  	1773  	2521  	3409  	4344  	5248  	6025  	6636  	7094  	7438  	7499  	7238  	6994  	6374  	5715  	4951  	4078  	3064  	2252  	1608  	1138  	787   	494   	287   	162   	76    	41    	19    	7     	2     	1     
100000   	3    	4.543200e-03	1     	2     	4     	8     	16    	31    	62    	113   	186   	316   	515   	866   	1398  	2188  	3348  	4775  	6380  	7847  	9051  	9775  	9840  	9341  	8250  	6997  	5655  	4348  	3052  	2110  	1368  	879   	548   	346   	198   	107   	49    	20    	7     	2     	1     	nan   	nan   	nan   

