Criação das árvores ordenadas:
n_persons	index	time        
100000   	0    	5.070100e-02
100000   	1    	6.523010e-02
100000   	2    	5.465780e-02
100000   	3    	4.946180e-02

Procura de nós nas árvores:
n_persons	index	time        
100000   	0    	5.347570e-02
100000   	1    	5.922970e-02
100000   	2    	5.661550e-02
100000   	3    	5.163440e-02

Maior profundidade das árvores:
n_persons	index	time        	depth
100000   	0    	4.431200e-03	36   
100000   	1    	4.240500e-03	41   
100000   	2    	5.297300e-03	37   
100000   	3    	5.103800e-03	38   

Número de nós em cada nível:
n_persons	index	time        	lvl0  	lvl1  	lvl2  	lvl3  	lvl4  	lvl5  	lvl6  	lvl7  	lvl8  	lvl9  	lvl10 	lvl11 	lvl12 	lvl13 	lvl14 	lvl15 	lvl16 	lvl17 	lvl18 	lvl19 	lvl20 	lvl21 	lvl22 	lvl23 	lvl24 	lvl25 	lvl26 	lvl27 	lvl28 	lvl29 	lvl30 	lvl31 	lvl32 	lvl33 	lvl34 	lvl35 	lvl36 	lvl37 	lvl38 	lvl39 	lvl40 	lvl41 
100000   	0    	3.932700e-03	1     	2     	4     	8     	16    	32    	64    	124   	238   	427   	728   	1166  	1825  	2764  	3932  	5361  	6839  	8243  	9310  	9803  	9835  	9112  	7931  	6592  	5107  	3781  	2559  	1692  	1059  	640   	368   	227   	112   	56    	27    	11    	4     	nan   	nan   	nan   	nan   	nan   
100000   	1    	3.794300e-03	1     	2     	4     	8     	16    	32    	63    	120   	233   	439   	743   	1207  	1879  	2853  	3979  	5217  	6528  	7681  	8553  	9013  	9030  	8626  	7717  	6652  	5477  	4256  	3104  	2247  	1582  	1052  	687   	381   	220   	143   	96    	65    	41    	23    	17    	10    	2     	1     
100000   	2    	4.582900e-03	1     	2     	4     	8     	16    	32    	64    	124   	231   	416   	718   	1186  	1863  	2748  	3803  	5017  	6301  	7402  	8320  	8804  	8877  	8610  	7957  	6961  	5719  	4598  	3481  	2497  	1735  	1063  	646   	377   	214   	116   	56    	22    	8     	3     	nan   	nan   	nan   	nan   
100000   	3    	4.645700e-03	1     	2     	4     	8     	16    	32    	63    	121   	219   	394   	665   	1035  	1598  	2325  	3364  	4496  	5627  	6669  	7480  	8103  	8297  	8292  	7833  	7112  	6119  	5257  	4252  	3303  	2439  	1805  	1251  	785   	473   	288   	153   	70    	34    	14    	1     	nan   	nan   	nan   

