Criação das árvores ordenadas:
n_persons	index	time        
100000   	0    	5.445420e-02
100000   	1    	6.149760e-02
100000   	2    	5.365910e-02
100000   	3    	4.727250e-02

Procura de nós nas árvores:
n_persons	index	time        
100000   	0    	6.060850e-02
100000   	1    	5.913150e-02
100000   	2    	5.531960e-02
100000   	3    	5.044670e-02

Maior profundidade das árvores:
n_persons	index	time        	depth
100000   	0    	4.402400e-03	38   
100000   	1    	4.396200e-03	37   
100000   	2    	4.848400e-03	39   
100000   	3    	5.234700e-03	39   

Número de nós em cada nível:
n_persons	index	time        	lvl0  	lvl1  	lvl2  	lvl3  	lvl4  	lvl5  	lvl6  	lvl7  	lvl8  	lvl9  	lvl10 	lvl11 	lvl12 	lvl13 	lvl14 	lvl15 	lvl16 	lvl17 	lvl18 	lvl19 	lvl20 	lvl21 	lvl22 	lvl23 	lvl24 	lvl25 	lvl26 	lvl27 	lvl28 	lvl29 	lvl30 	lvl31 	lvl32 	lvl33 	lvl34 	lvl35 	lvl36 	lvl37 	lvl38 	lvl39 
100000   	0    	4.091300e-03	1     	2     	4     	8     	16    	32    	63    	125   	241   	439   	778   	1318  	2117  	3132  	4380  	5740  	7027  	8146  	8853  	9087  	8855  	8176  	7218  	6072  	4930  	3905  	2970  	2248  	1604  	1042  	623   	400   	229   	113   	59    	29    	12    	3     	3     	nan   
100000   	1    	4.066500e-03	1     	2     	4     	8     	15    	30    	59    	112   	207   	384   	658   	1066  	1692  	2476  	3460  	4618  	5782  	6847  	7638  	8291  	8542  	8304  	7836  	7109  	6127  	5182  	4140  	3209  	2356  	1569  	1005  	618   	336   	170   	97    	33    	13    	4     	nan   	nan   
100000   	2    	4.410200e-03	1     	2     	4     	8     	16    	32    	63    	118   	220   	387   	639   	1001  	1504  	2216  	3137  	4338  	5572  	6806  	7769  	8388  	8923  	8943  	8390  	7455  	6283  	5052  	3923  	2888  	2090  	1461  	1000  	647   	361   	189   	93    	45    	23    	7     	4     	2     
100000   	3    	4.509500e-03	1     	2     	4     	8     	16    	32    	63    	119   	212   	374   	609   	954   	1410  	2081  	2947  	4028  	5354  	6693  	7885  	8642  	8939  	8822  	8306  	7388  	6329  	5246  	4067  	3035  	2186  	1539  	1034  	660   	400   	262   	172   	91    	56    	18    	13    	3     

