Criação das árvores ordenadas:
n_persons	index	time        
100000   	0    	5.081910e-02
100000   	1    	6.334850e-02
100000   	2    	5.429400e-02
100000   	3    	4.617310e-02

Procura de nós nas árvores:
n_persons	index	time        
100000   	0    	5.487600e-02
100000   	1    	7.361080e-02
100000   	2    	6.221150e-02
100000   	3    	5.236050e-02

Maior profundidade das árvores:
n_persons	index	time        	depth
100000   	0    	4.405100e-03	40   
100000   	1    	4.281200e-03	40   
100000   	2    	4.806600e-03	38   
100000   	3    	5.334000e-03	40   

Número de nós em cada nível:
n_persons	index	time        	lvl0  	lvl1  	lvl2  	lvl3  	lvl4  	lvl5  	lvl6  	lvl7  	lvl8  	lvl9  	lvl10 	lvl11 	lvl12 	lvl13 	lvl14 	lvl15 	lvl16 	lvl17 	lvl18 	lvl19 	lvl20 	lvl21 	lvl22 	lvl23 	lvl24 	lvl25 	lvl26 	lvl27 	lvl28 	lvl29 	lvl30 	lvl31 	lvl32 	lvl33 	lvl34 	lvl35 	lvl36 	lvl37 	lvl38 	lvl39 	lvl40 
100000   	0    	4.171100e-03	1     	2     	4     	8     	16    	32    	64    	128   	244   	444   	760   	1192  	1809  	2591  	3580  	4716  	6045  	7184  	8094  	8632  	8487  	8035  	7518  	6716  	5806  	4792  	3924  	3065  	2207  	1460  	979   	579   	347   	217   	133   	92    	56    	28    	10    	2     	1     
100000   	1    	4.001300e-03	1     	2     	4     	8     	15    	30    	60    	120   	230   	411   	712   	1188  	1829  	2612  	3525  	4530  	5500  	6362  	7058  	7526  	7806  	7866  	7538  	6955  	6256  	5470  	4574  	3580  	2672  	1910  	1319  	887   	548   	356   	249   	157   	86    	30    	12    	4     	2     
100000   	2    	4.361400e-03	1     	2     	4     	8     	16    	32    	64    	126   	242   	447   	782   	1310  	2042  	2997  	4142  	5358  	6678  	7771  	8580  	8959  	8971  	8589  	7825  	6769  	5449  	4161  	3031  	2089  	1392  	870   	549   	320   	177   	119   	72    	30    	19    	6     	1     	nan   	nan   
100000   	3    	4.928000e-03	1     	2     	4     	8     	15    	28    	56    	110   	211   	389   	677   	1117  	1784  	2671  	3709  	4884  	6089  	7074  	7964  	8529  	8707  	8498  	7941  	7104  	6104  	4947  	3811  	2762  	1844  	1236  	766   	453   	240   	132   	58    	31    	21    	15    	4     	3     	1     

