Criação das árvores ordenadas:
n_persons	index	time        
100000   	0    	5.171410e-02
100000   	1    	6.277940e-02
100000   	2    	5.445930e-02
100000   	3    	5.656640e-02

Procura de nós nas árvores:
n_persons	index	time        
100000   	0    	5.154310e-02
100000   	1    	6.069230e-02
100000   	2    	5.716340e-02
100000   	3    	4.781540e-02

Maior profundidade das árvores:
n_persons	index	time        	depth
100000   	0    	4.324100e-03	42   
100000   	1    	4.496000e-03	37   
100000   	2    	4.848600e-03	43   
100000   	3    	4.866200e-03	41   

Número de nós em cada nível:
n_persons	index	time        	lvl0  	lvl1  	lvl2  	lvl3  	lvl4  	lvl5  	lvl6  	lvl7  	lvl8  	lvl9  	lvl10 	lvl11 	lvl12 	lvl13 	lvl14 	lvl15 	lvl16 	lvl17 	lvl18 	lvl19 	lvl20 	lvl21 	lvl22 	lvl23 	lvl24 	lvl25 	lvl26 	lvl27 	lvl28 	lvl29 	lvl30 	lvl31 	lvl32 	lvl33 	lvl34 	lvl35 	lvl36 	lvl37 	lvl38 	lvl39 	lvl40 	lvl41 	lvl42 	lvl43 
100000   	0    	3.892800e-03	1     	2     	4     	8     	16    	31    	60    	107   	195   	348   	566   	898   	1356  	2013  	2859  	3774  	4919  	6062  	6992  	7775  	8246  	8404  	8141  	7530  	6754  	5799  	4722  	3742  	2896  	2084  	1424  	915   	562   	346   	195   	120   	62    	33    	17    	8     	8     	4     	2     	nan   
100000   	1    	3.972200e-03	1     	2     	4     	8     	16    	32    	64    	126   	243   	444   	795   	1331  	2032  	2999  	4147  	5392  	6691  	7780  	8523  	9022  	8933  	8424  	7563  	6412  	5213  	4142  	3137  	2341  	1620  	1047  	692   	392   	210   	116   	62    	26    	13    	5     	nan   	nan   	nan   	nan   	nan   	nan   
100000   	2    	6.165900e-03	1     	2     	4     	8     	16    	32    	64    	119   	213   	386   	649   	1052  	1656  	2486  	3483  	4587  	5707  	6767  	7688  	8414  	8653  	8441  	7794  	6910  	5988  	4968  	3956  	3010  	2237  	1638  	1095  	718   	443   	296   	198   	116   	74    	46    	37    	26    	13    	5     	3     	1     
100000   	3    	5.189400e-03	1     	2     	4     	8     	16    	32    	61    	117   	212   	369   	595   	957   	1483  	2210  	3081  	4135  	5249  	6448  	7512  	8287  	8797  	8788  	8458  	7540  	6573  	5297  	4159  	3108  	2300  	1587  	1058  	667   	396   	240   	133   	57    	30    	19    	10    	2     	1     	1     	nan   	nan   

