Criação das árvores ordenadas:
n_persons	index	time        
100000   	0    	5.107580e-02
100000   	1    	6.156180e-02
100000   	2    	5.940080e-02
100000   	3    	4.976020e-02

Procura de nós nas árvores:
n_persons	index	time        
100000   	0    	5.234180e-02
100000   	1    	6.132480e-02
100000   	2    	5.625970e-02
100000   	3    	5.136280e-02

Maior profundidade das árvores:
n_persons	index	time        	depth
100000   	0    	4.336800e-03	39   
100000   	1    	4.303200e-03	42   
100000   	2    	5.225200e-03	37   
100000   	3    	4.938400e-03	40   

Número de nós em cada nível:
n_persons	index	time        	lvl0  	lvl1  	lvl2  	lvl3  	lvl4  	lvl5  	lvl6  	lvl7  	lvl8  	lvl9  	lvl10 	lvl11 	lvl12 	lvl13 	lvl14 	lvl15 	lvl16 	lvl17 	lvl18 	lvl19 	lvl20 	lvl21 	lvl22 	lvl23 	lvl24 	lvl25 	lvl26 	lvl27 	lvl28 	lvl29 	lvl30 	lvl31 	lvl32 	lvl33 	lvl34 	lvl35 	lvl36 	lvl37 	lvl38 	lvl39 	lvl40 	lvl41 	lvl42 
100000   	0    	3.932100e-03	1     	2     	4     	8     	16    	32    	63    	125   	241   	452   	802   	1338  	2077  	3034  	4122  	5335  	6598  	7675  	8521  	8966  	8827  	8224  	7410  	6364  	5270  	4197  	3131  	2337  	1641  	1082  	748   	511   	353   	215   	126   	80    	40    	20    	9     	3     	nan   	nan   	nan   
100000   	1    	4.015400e-03	1     	2     	4     	8     	16    	31    	61    	121   	235   	437   	765   	1246  	1927  	2815  	3833  	4993  	6035  	7098  	8023  	8715  	8785  	8568  	7880  	6849  	5706  	4517  	3425  	2505  	1804  	1261  	835   	547   	377   	230   	149   	83    	62    	27    	11    	5     	3     	3     	2     
100000   	2    	4.507600e-03	1     	2     	4     	8     	16    	32    	58    	108   	193   	329   	552   	891   	1394  	2114  	3042  	4248  	5528  	6824  	8034  	8785  	9166  	9072  	8521  	7635  	6512  	5235  	4003  	2941  	1965  	1227  	780   	433   	201   	88    	36    	17    	4     	1     	nan   	nan   	nan   	nan   	nan   
100000   	3    	4.543200e-03	1     	2     	4     	8     	16    	32    	62    	109   	187   	327   	556   	891   	1401  	2108  	2949  	3978  	5041  	6209  	7178  	7923  	8455  	8582  	8417  	7801  	6847  	5749  	4531  	3425  	2493  	1777  	1169  	754   	466   	272   	153   	68    	27    	19    	9     	2     	2     	nan   	nan   

