Criação das árvores ordenadas:
n_persons	index	time        
100000   	0    	7.038180e-02
100000   	1    	7.805680e-02
100000   	2    	6.832100e-02
100000   	3    	7.053560e-02

Procura de nós nas árvores:
n_persons	index	time        
100000   	0    	6.389540e-02
100000   	1    	8.043710e-02
100000   	2    	7.125340e-02
100000   	3    	5.561760e-02

Maior profundidade das árvores:
n_persons	index	time        	depth
100000   	0    	5.845800e-03	38   
100000   	1    	5.132100e-03	38   
100000   	2    	5.654900e-03	39   
100000   	3    	6.259800e-03	40   

Número de nós em cada nível:
n_persons	index	time        	lvl0  	lvl1  	lvl2  	lvl3  	lvl4  	lvl5  	lvl6  	lvl7  	lvl8  	lvl9  	lvl10 	lvl11 	lvl12 	lvl13 	lvl14 	lvl15 	lvl16 	lvl17 	lvl18 	lvl19 	lvl20 	lvl21 	lvl22 	lvl23 	lvl24 	lvl25 	lvl26 	lvl27 	lvl28 	lvl29 	lvl30 	lvl31 	lvl32 	lvl33 	lvl34 	lvl35 	lvl36 	lvl37 	lvl38 	lvl39 	lvl40 
100000   	0    	4.121200e-03	1     	2     	4     	8     	16    	32    	62    	122   	237   	450   	818   	1348  	2097  	3120  	4257  	5496  	6680  	7513  	8121  	8409  	8148  	7635  	7061  	6250  	5476  	4579  	3684  	2817  	2020  	1404  	924   	557   	317   	171   	96    	42    	13    	8     	5     	nan   	nan   
100000   	1    	5.028200e-03	1     	2     	4     	8     	16    	32    	59    	113   	213   	377   	673   	1118  	1735  	2530  	3624  	4850  	6201  	7542  	8713  	9511  	9716  	9340  	8409  	7138  	5757  	4263  	2975  	2048  	1272  	784   	436   	243   	151   	76    	36    	21    	10    	2     	1     	nan   	nan   
100000   	2    	5.266300e-03	1     	2     	4     	8     	16    	32    	62    	119   	231   	424   	709   	1169  	1766  	2555  	3461  	4581  	5597  	6555  	7223  	7826  	8042  	7950  	7525  	7050  	6432  	5570  	4504  	3401  	2500  	1746  	1138  	743   	456   	282   	160   	84    	44    	23    	8     	1     	nan   
100000   	3    	6.147800e-03	1     	2     	4     	8     	16    	32    	62    	121   	228   	409   	693   	1133  	1770  	2596  	3609  	4860  	6207  	7426  	8177  	8612  	8706  	8247  	7588  	6636  	5621  	4627  	3645  	2888  	2144  	1505  	1006  	608   	387   	209   	123   	51    	26    	10    	3     	3     	1     

