Criação das árvores ordenadas:
n_persons	index	time        
100000   	0    	5.218570e-02
100000   	1    	6.384880e-02
100000   	2    	5.499790e-02
100000   	3    	4.607120e-02

Procura de nós nas árvores:
n_persons	index	time        
100000   	0    	5.500180e-02
100000   	1    	1.154557e-01
100000   	2    	7.983420e-02
100000   	3    	5.507180e-02

Maior profundidade das árvores:
n_persons	index	time        	depth
100000   	0    	4.707800e-03	41   
100000   	1    	4.407300e-03	39   
100000   	2    	5.250500e-03	39   
100000   	3    	4.892500e-03	36   

Número de nós em cada nível:
n_persons	index	time        	lvl0  	lvl1  	lvl2  	lvl3  	lvl4  	lvl5  	lvl6  	lvl7  	lvl8  	lvl9  	lvl10 	lvl11 	lvl12 	lvl13 	lvl14 	lvl15 	lvl16 	lvl17 	lvl18 	lvl19 	lvl20 	lvl21 	lvl22 	lvl23 	lvl24 	lvl25 	lvl26 	lvl27 	lvl28 	lvl29 	lvl30 	lvl31 	lvl32 	lvl33 	lvl34 	lvl35 	lvl36 	lvl37 	lvl38 	lvl39 	lvl40 	lvl41 
100000   	0    	3.934600e-03	1     	2     	4     	8     	16    	32    	63    	123   	236   	442   	738   	1174  	1726  	2377  	3163  	4090  	5033  	5996  	6835  	7456  	7736  	7896  	7606  	7108  	6451  	5571  	4677  	3795  	2964  	2257  	1618  	1111  	765   	452   	243   	130   	56    	24    	11    	8     	5     	1     
100000   	1    	3.806700e-03	1     	2     	4     	8     	16    	32    	64    	127   	244   	445   	789   	1312  	2058  	3025  	4125  	5249  	6329  	7385  	8144  	8599  	8756  	8512  	7726  	6725  	5549  	4278  	3258  	2384  	1714  	1172  	809   	509   	316   	182   	91    	36    	15    	6     	2     	2     	nan   	nan   
100000   	2    	4.731900e-03	1     	2     	4     	8     	16    	32    	63    	125   	231   	415   	694   	1131  	1746  	2519  	3478  	4645  	5944  	7092  	8063  	8657  	8741  	8535  	8015  	7266  	6174  	4969  	3816  	2745  	1968  	1228  	761   	436   	244   	130   	66    	24    	8     	5     	2     	1     	nan   	nan   
100000   	3    	4.411000e-03	1     	2     	4     	8     	16    	32    	63    	123   	231   	429   	773   	1335  	2090  	3156  	4451  	5802  	7364  	8576  	9467  	9752  	9600  	8753  	7580  	6116  	4755  	3498  	2487  	1528  	915   	538   	295   	144   	69    	29    	11    	6     	1     	nan   	nan   	nan   	nan   	nan   

