Criação das árvores ordenadas:
n_persons	index	time        
100000   	0    	5.325490e-02
100000   	1    	6.257080e-02
100000   	2    	5.671320e-02
100000   	3    	4.809050e-02

Procura de nós nas árvores:
n_persons	index	time        
100000   	0    	5.352610e-02
100000   	1    	6.104980e-02
100000   	2    	5.643030e-02
100000   	3    	4.902110e-02

Maior profundidade das árvores:
n_persons	index	time        	depth
100000   	0    	4.772500e-03	39   
100000   	1    	5.106900e-03	42   
100000   	2    	5.380900e-03	38   
100000   	3    	5.381200e-03	38   

Número de nós em cada nível:
n_persons	index	time        	lvl0  	lvl1  	lvl2  	lvl3  	lvl4  	lvl5  	lvl6  	lvl7  	lvl8  	lvl9  	lvl10 	lvl11 	lvl12 	lvl13 	lvl14 	lvl15 	lvl16 	lvl17 	lvl18 	lvl19 	lvl20 	lvl21 	lvl22 	lvl23 	lvl24 	lvl25 	lvl26 	lvl27 	lvl28 	lvl29 	lvl30 	lvl31 	lvl32 	lvl33 	lvl34 	lvl35 	lvl36 	lvl37 	lvl38 	lvl39 	lvl40 	lvl41 	lvl42 
100000   	0    	4.581400e-03	1     	2     	4     	8     	16    	32    	64    	122   	234   	427   	731   	1222  	1870  	2776  	3810  	5006  	6152  	7202  	8092  	8442  	8553  	8233  	7522  	6802  	5742  	4756  	3701  	2792  	2028  	1382  	925   	596   	335   	191   	102   	60    	45    	15    	5     	2     	nan   	nan   	nan   
100000   	1    	4.441600e-03	1     	2     	4     	8     	16    	32    	64    	128   	245   	452   	782   	1288  	2009  	3013  	4171  	5398  	6613  	7636  	8466  	8825  	8837  	8301  	7650  	6578  	5374  	4232  	3245  	2303  	1566  	1056  	637   	386   	245   	150   	103   	58    	39    	29    	24    	17    	11    	3     	3     
100000   	2    	4.831300e-03	1     	2     	4     	8     	16    	32    	59    	112   	203   	365   	634   	1039  	1648  	2514  	3586  	4787  	6114  	7389  	8424  	9071  	9335  	9005  	8234  	7024  	5659  	4430  	3325  	2433  	1705  	1150  	739   	448   	255   	127   	65    	34    	16    	7     	1     	nan   	nan   	nan   	nan   
100000   	3    	5.016500e-03	1     	2     	4     	8     	16    	32    	64    	122   	232   	423   	738   	1210  	1861  	2679  	3628  	4564  	5617  	6722  	7609  	8163  	8450  	8423  	7952  	7229  	6172  	5182  	4135  	3089  	2121  	1454  	923   	563   	305   	160   	82    	40    	15    	7     	3     	nan   	nan   	nan   	nan   

