Criação das árvores ordenadas:
n_persons	index	time        
100000   	0    	5.359400e-02
100000   	1    	6.486330e-02
100000   	2    	5.613520e-02
100000   	3    	4.785110e-02

Procura de nós nas árvores:
n_persons	index	time        
100000   	0    	5.559700e-02
100000   	1    	6.460620e-02
100000   	2    	5.640390e-02
100000   	3    	5.264370e-02

Maior profundidade das árvores:
n_persons	index	time        	depth
100000   	0    	5.429700e-03	39   
100000   	1    	4.946800e-03	42   
100000   	2    	5.288900e-03	37   
100000   	3    	5.296600e-03	43   

Número de nós em cada nível:
n_persons	index	time        	lvl0  	lvl1  	lvl2  	lvl3  	lvl4  	lvl5  	lvl6  	lvl7  	lvl8  	lvl9  	lvl10 	lvl11 	lvl12 	lvl13 	lvl14 	lvl15 	lvl16 	lvl17 	lvl18 	lvl19 	lvl20 	lvl21 	lvl22 	lvl23 	lvl24 	lvl25 	lvl26 	lvl27 	lvl28 	lvl29 	lvl30 	lvl31 	lvl32 	lvl33 	lvl34 	lvl35 	lvl36 	lvl37 	lvl38 	lvl39 	lvl40 	lvl41 	lvl42 	lvl43 
100000   	0    	4.424000e-03	1     	2     	4     	8     	16    	32    	60    	110   	191   	328   	580   	963   	1530  	2368  	3405  	4582  	5716  	6766  	7641  	8190  	8367  	8220  	7755  	6891  	5882  	4935  	4066  	3232  	2521  	1869  	1346  	932   	629   	394   	251   	126   	52    	25    	13    	1     	nan   	nan   	nan   	nan   
100000   	1    	4.591000e-03	1     	2     	4     	8     	16    	32    	64    	127   	240   	446   	778   	1264  	1934  	2778  	3711  	4698  	5580  	6466  	7055  	7407  	7684  	7572  	7341  	6862  	6193  	5414  	4482  	3669  	2814  	1991  	1332  	797   	497   	303   	202   	113   	65    	33    	12    	6     	3     	3     	1     	nan   
100000   	2    	4.731600e-03	1     	2     	4     	8     	16    	32    	64    	124   	232   	418   	724   	1210  	1896  	2805  	3979  	5241  	6414  	7591  	8342  	8726  	8860  	8589  	7832  	6854  	5718  	4401  	3288  	2381  	1608  	1051  	689   	426   	227   	124   	70    	36    	10    	7     	nan   	nan   	nan   	nan   	nan   	nan   
100000   	3    	4.916800e-03	1     	2     	4     	8     	16    	31    	61    	118   	214   	382   	686   	1114  	1765  	2563  	3543  	4624  	5599  	6476  	7210  	7905  	8284  	8275  	7859  	7209  	6367  	5361  	4251  	3229  	2289  	1623  	1127  	761   	454   	264   	138   	85    	40    	25    	14    	6     	7     	5     	4     	1     

