Criação das árvores ordenadas:
n_persons	index	time        
100000   	0    	5.339210e-02
100000   	1    	6.132740e-02
100000   	2    	5.599000e-02
100000   	3    	4.568190e-02

Procura de nós nas árvores:
n_persons	index	time        
100000   	0    	5.259640e-02
100000   	1    	6.033060e-02
100000   	2    	5.649570e-02
100000   	3    	4.841160e-02

Maior profundidade das árvores:
n_persons	index	time        	depth
100000   	0    	4.349900e-03	41   
100000   	1    	4.294000e-03	39   
100000   	2    	5.213300e-03	39   
100000   	3    	5.381200e-03	36   

Número de nós em cada nível:
n_persons	index	time        	lvl0  	lvl1  	lvl2  	lvl3  	lvl4  	lvl5  	lvl6  	lvl7  	lvl8  	lvl9  	lvl10 	lvl11 	lvl12 	lvl13 	lvl14 	lvl15 	lvl16 	lvl17 	lvl18 	lvl19 	lvl20 	lvl21 	lvl22 	lvl23 	lvl24 	lvl25 	lvl26 	lvl27 	lvl28 	lvl29 	lvl30 	lvl31 	lvl32 	lvl33 	lvl34 	lvl35 	lvl36 	lvl37 	lvl38 	lvl39 	lvl40 	lvl41 
100000   	0    	3.935400e-03	1     	2     	4     	8     	16    	32    	64    	126   	238   	427   	740   	1193  	1849  	2676  	3700  	4842  	6000  	7204  	8009  	8415  	8591  	8349  	7745  	6938  	5890  	4809  	3716  	2746  	1958  	1345  	898   	602   	365   	231   	123   	76    	29    	19    	13    	6     	3     	2     
100000   	1    	3.727700e-03	1     	2     	4     	8     	16    	32    	62    	121   	233   	430   	730   	1206  	1880  	2689  	3718  	4861  	6068  	7193  	8158  	8684  	8761  	8405  	7609  	6609  	5531  	4383  	3450  	2645  	2037  	1502  	1080  	751   	498   	301   	186   	84    	43    	19    	6     	4     	nan   	nan   
100000   	2    	4.330900e-03	1     	2     	4     	8     	16    	31    	58    	109   	188   	334   	582   	977   	1554  	2360  	3386  	4584  	5878  	7043  	7985  	8578  	8720  	8430  	7775  	6803  	5688  	4600  	3653  	2891  	2297  	1767  	1287  	886   	576   	391   	276   	160   	83    	29    	8     	2     	nan   	nan   
100000   	3    	5.044100e-03	1     	2     	4     	8     	16    	32    	63    	126   	229   	445   	792   	1302  	2040  	3076  	4398  	5956  	7483  	8637  	9446  	9588  	9350  	8492  	7433  	6118  	4821  	3614  	2515  	1694  	1080  	590   	320   	174   	92    	41    	12    	9     	1     	nan   	nan   	nan   	nan   	nan   

