Criação das árvores ordenadas:
n_persons	index	time        
100000   	0    	5.594050e-02
100000   	1    	6.397500e-02
100000   	2    	6.282540e-02
100000   	3    	5.263950e-02

Procura de nós nas árvores:
n_persons	index	time        
100000   	0    	6.161390e-02
100000   	1    	6.477310e-02
100000   	2    	6.145030e-02
100000   	3    	5.522830e-02

Maior profundidade das árvores:
n_persons	index	time        	depth
100000   	0    	4.519400e-03	39   
100000   	1    	4.344000e-03	44   
100000   	2    	5.008200e-03	43   
100000   	3    	4.927500e-03	41   

Número de nós em cada nível:
n_persons	index	time        	lvl0  	lvl1  	lvl2  	lvl3  	lvl4  	lvl5  	lvl6  	lvl7  	lvl8  	lvl9  	lvl10 	lvl11 	lvl12 	lvl13 	lvl14 	lvl15 	lvl16 	lvl17 	lvl18 	lvl19 	lvl20 	lvl21 	lvl22 	lvl23 	lvl24 	lvl25 	lvl26 	lvl27 	lvl28 	lvl29 	lvl30 	lvl31 	lvl32 	lvl33 	lvl34 	lvl35 	lvl36 	lvl37 	lvl38 	lvl39 	lvl40 	lvl41 	lvl42 	lvl43 	lvl44 
100000   	0    	4.172300e-03	1     	2     	4     	8     	16    	32    	63    	124   	235   	414   	696   	1133  	1740  	2528  	3493  	4598  	5732  	6788  	7635  	8285  	8540  	8534  	7988  	7190  	6169  	5130  	4035  	2990  	2177  	1484  	950   	588   	342   	176   	87    	54    	25    	9     	3     	2     	nan   	nan   	nan   	nan   	nan   
100000   	1    	4.162500e-03	1     	2     	4     	8     	16    	31    	59    	113   	210   	370   	644   	1067  	1707  	2601  	3665  	4880  	6123  	7245  	8215  	8826  	8947  	8646  	7896  	6937  	5810  	4680  	3599  	2711  	1840  	1206  	756   	463   	292   	167   	105   	63    	33    	23    	17    	9     	4     	4     	2     	2     	1     
100000   	2    	4.640300e-03	1     	2     	4     	8     	16    	32    	61    	113   	214   	381   	636   	1024  	1578  	2308  	3147  	4058  	4983  	5703  	6275  	6735  	7004  	7160  	7083  	6884  	6556  	5876  	5203  	4311  	3425  	2604  	1934  	1431  	1079  	765   	534   	369   	221   	114   	78    	45    	28    	10    	6     	1     	nan   
100000   	3    	4.987000e-03	1     	2     	4     	8     	16    	32    	62    	118   	221   	409   	722   	1188  	1879  	2796  	3903  	5111  	6397  	7458  	8230  	8777  	8784  	8476  	7736  	6915  	5661  	4682  	3596  	2656  	1760  	1059  	618   	344   	183   	100   	37    	21    	14    	9     	7     	4     	3     	1     	nan   	nan   	nan   

