Criação das árvores ordenadas:
n_persons	index	time        
100000   	0    	5.519140e-02
100000   	1    	6.550380e-02
100000   	2    	5.459720e-02
100000   	3    	5.018050e-02

Procura de nós nas árvores:
n_persons	index	time        
100000   	0    	5.554760e-02
100000   	1    	6.862020e-02
100000   	2    	6.118780e-02
100000   	3    	5.366170e-02

Maior profundidade das árvores:
n_persons	index	time        	depth
100000   	0    	4.930000e-03	41   
100000   	1    	4.594300e-03	42   
100000   	2    	5.092200e-03	40   
100000   	3    	5.309500e-03	42   

Número de nós em cada nível:
n_persons	index	time        	lvl0  	lvl1  	lvl2  	lvl3  	lvl4  	lvl5  	lvl6  	lvl7  	lvl8  	lvl9  	lvl10 	lvl11 	lvl12 	lvl13 	lvl14 	lvl15 	lvl16 	lvl17 	lvl18 	lvl19 	lvl20 	lvl21 	lvl22 	lvl23 	lvl24 	lvl25 	lvl26 	lvl27 	lvl28 	lvl29 	lvl30 	lvl31 	lvl32 	lvl33 	lvl34 	lvl35 	lvl36 	lvl37 	lvl38 	lvl39 	lvl40 	lvl41 	lvl42 
100000   	0    	4.355200e-03	1     	2     	4     	8     	16    	32    	64    	121   	210   	371   	634   	1042  	1631  	2391  	3318  	4297  	5435  	6627  	7516  	8061  	8248  	8037  	7497  	6795  	5904  	4945  	4094  	3287  	2617  	2029  	1542  	1149  	800   	551   	346   	185   	96    	55    	24    	13    	4     	1     	nan   
100000   	1    	3.844700e-03	1     	2     	4     	8     	16    	32    	64    	125   	232   	419   	702   	1066  	1587  	2244  	2986  	3833  	4790  	5793  	6665  	7404  	7892  	8102  	7825  	7399  	6587  	5703  	4714  	3888  	3092  	2261  	1587  	1122  	744   	482   	288   	154   	88    	47    	28    	12    	9     	2     	1     
100000   	2    	4.352700e-03	1     	2     	4     	8     	16    	32    	63    	126   	245   	456   	814   	1373  	2150  	3314  	4685  	6235  	7630  	8790  	9613  	9753  	9322  	8305  	7065  	5705  	4471  	3344  	2454  	1622  	1059  	618   	356   	179   	88    	47    	22    	16    	10    	3     	1     	2     	1     	nan   	nan   
100000   	3    	4.872000e-03	1     	2     	4     	8     	16    	32    	64    	124   	233   	412   	695   	1103  	1774  	2600  	3572  	4686  	5765  	6780  	7557  	8116  	8360  	8221  	7684  	6992  	6067  	5111  	3931  	2994  	2237  	1597  	1087  	738   	535   	354   	236   	138   	76    	41    	23    	18    	10    	5     	1     

