Criação das árvores ordenadas:
n_persons	index	time        
100000   	0    	8.257930e-02
100000   	1    	7.757600e-02
100000   	2    	7.116880e-02
100000   	3    	6.813050e-02

Procura de nós nas árvores:
n_persons	index	time        
100000   	0    	7.904690e-02
100000   	1    	9.250140e-02
100000   	2    	6.759480e-02
100000   	3    	5.875680e-02

Maior profundidade das árvores:
n_persons	index	time        	depth
100000   	0    	4.380800e-03	41   
100000   	1    	4.569900e-03	38   
100000   	2    	5.520700e-03	39   
100000   	3    	4.858900e-03	40   

Número de nós em cada nível:
n_persons	index	time        	lvl0  	lvl1  	lvl2  	lvl3  	lvl4  	lvl5  	lvl6  	lvl7  	lvl8  	lvl9  	lvl10 	lvl11 	lvl12 	lvl13 	lvl14 	lvl15 	lvl16 	lvl17 	lvl18 	lvl19 	lvl20 	lvl21 	lvl22 	lvl23 	lvl24 	lvl25 	lvl26 	lvl27 	lvl28 	lvl29 	lvl30 	lvl31 	lvl32 	lvl33 	lvl34 	lvl35 	lvl36 	lvl37 	lvl38 	lvl39 	lvl40 	lvl41 
100000   	0    	4.317300e-03	1     	2     	4     	8     	16    	32    	62    	119   	217   	384   	648   	1053  	1596  	2297  	3188  	4192  	5373  	6467  	7398  	8067  	8458  	8524  	8151  	7562  	6672  	5568  	4352  	3199  	2224  	1559  	995   	646   	386   	245   	148   	95    	48    	23    	15    	4     	1     	1     
100000   	1    	4.033300e-03	1     	2     	4     	8     	16    	32    	64    	125   	241   	444   	781   	1301  	2033  	2961  	4064  	5197  	6402  	7462  	8369  	8998  	9036  	8487  	7712  	6648  	5428  	4216  	3220  	2326  	1583  	1077  	701   	442   	258   	167   	96    	55    	25    	14    	4     	nan   	nan   	nan   
100000   	2    	4.330100e-03	1     	2     	4     	8     	16    	32    	63    	124   	234   	432   	757   	1264  	2003  	3028  	4203  	5512  	6814  	7869  	8709  	9189  	9092  	8526  	7731  	6556  	5202  	3985  	2897  	2006  	1359  	884   	570   	362   	246   	150   	83    	46    	21    	11    	7     	2     	nan   	nan   
100000   	3    	4.584100e-03	1     	2     	4     	8     	16    	31    	60    	113   	213   	389   	684   	1152  	1801  	2674  	3800  	5065  	6371  	7423  	8267  	8755  	8709  	8326  	7601  	6669  	5538  	4406  	3402  	2618  	1947  	1372  	955   	630   	414   	241   	147   	85    	60    	30    	14    	5     	2     	nan   

