Criação das árvores ordenadas:
n_persons	index	time        
100000   	0    	5.241100e-02
100000   	1    	6.424540e-02
100000   	2    	5.445340e-02
100000   	3    	4.907280e-02

Procura de nós nas árvores:
n_persons	index	time        
100000   	0    	5.620020e-02
100000   	1    	6.952850e-02
100000   	2    	6.845390e-02
100000   	3    	5.817160e-02

Maior profundidade das árvores:
n_persons	index	time        	depth
100000   	0    	5.382100e-03	40   
100000   	1    	5.172700e-03	43   
100000   	2    	5.530000e-03	41   
100000   	3    	5.804100e-03	39   

Número de nós em cada nível:
n_persons	index	time        	lvl0  	lvl1  	lvl2  	lvl3  	lvl4  	lvl5  	lvl6  	lvl7  	lvl8  	lvl9  	lvl10 	lvl11 	lvl12 	lvl13 	lvl14 	lvl15 	lvl16 	lvl17 	lvl18 	lvl19 	lvl20 	lvl21 	lvl22 	lvl23 	lvl24 	lvl25 	lvl26 	lvl27 	lvl28 	lvl29 	lvl30 	lvl31 	lvl32 	lvl33 	lvl34 	lvl35 	lvl36 	lvl37 	lvl38 	lvl39 	lvl40 	lvl41 	lvl42 	lvl43 
100000   	0    	4.956300e-03	1     	2     	4     	8     	16    	32    	64    	126   	239   	428   	725   	1183  	1792  	2518  	3451  	4388  	5503  	6465  	7261  	7828  	8128  	8145  	7952  	7336  	6576  	5416  	4300  	3249  	2410  	1694  	1114  	702   	409   	265   	146   	62    	36    	11    	8     	5     	2     	nan   	nan   	nan   
100000   	1    	4.397200e-03	1     	2     	4     	8     	16    	32    	64    	128   	237   	435   	750   	1243  	1870  	2581  	3472  	4411  	5455  	6366  	7260  	7884  	8198  	8190  	7869  	7253  	6407  	5222  	4205  	3303  	2425  	1696  	1136  	735   	464   	295   	174   	97    	48    	25    	19    	7     	5     	3     	3     	2     
100000   	2    	4.613700e-03	1     	2     	4     	8     	16    	32    	63    	121   	226   	405   	673   	1067  	1616  	2364  	3254  	4176  	5097  	5925  	6539  	7049  	7366  	7579  	7583  	7396  	6763  	6002  	5117  	4146  	3097  	2284  	1519  	1010  	615   	387   	218   	133   	76    	36    	21    	11    	2     	1     	nan   	nan   
100000   	3    	4.731000e-03	1     	2     	4     	8     	16    	31    	59    	109   	194   	321   	536   	862   	1347  	1990  	2802  	3788  	4932  	5991  	6995  	7691  	8216  	8477  	8290  	7796  	6956  	5906  	4764  	3691  	2739  	1952  	1321  	856   	553   	353   	220   	117   	60    	32    	17    	5     	nan   	nan   	nan   	nan   

