Criação das árvores ordenadas:
n_persons	index	time        
100000   	0    	5.052660e-02
100000   	1    	6.354220e-02
100000   	2    	5.598170e-02
100000   	3    	4.854980e-02

Procura de nós nas árvores:
n_persons	index	time        
100000   	0    	5.179360e-02
100000   	1    	1.125787e-01
100000   	2    	8.245930e-02
100000   	3    	5.333340e-02

Maior profundidade das árvores:
n_persons	index	time        	depth
100000   	0    	4.357500e-03	41   
100000   	1    	4.966200e-03	40   
100000   	2    	5.457000e-03	40   
100000   	3    	5.271600e-03	39   

Número de nós em cada nível:
n_persons	index	time        	lvl0  	lvl1  	lvl2  	lvl3  	lvl4  	lvl5  	lvl6  	lvl7  	lvl8  	lvl9  	lvl10 	lvl11 	lvl12 	lvl13 	lvl14 	lvl15 	lvl16 	lvl17 	lvl18 	lvl19 	lvl20 	lvl21 	lvl22 	lvl23 	lvl24 	lvl25 	lvl26 	lvl27 	lvl28 	lvl29 	lvl30 	lvl31 	lvl32 	lvl33 	lvl34 	lvl35 	lvl36 	lvl37 	lvl38 	lvl39 	lvl40 	lvl41 
100000   	0    	4.135400e-03	1     	2     	4     	8     	16    	31    	61    	120   	232   	442   	809   	1345  	2137  	3178  	4497  	5882  	7164  	8247  	8853  	9057  	8766  	8133  	7318  	6247  	5043  	3830  	2808  	2019  	1368  	903   	623   	377   	218   	106   	79    	37    	16    	12    	5     	3     	2     	1     
100000   	1    	4.405200e-03	1     	2     	4     	8     	16    	32    	64    	126   	239   	448   	754   	1207  	1811  	2603  	3495  	4488  	5448  	6529  	7341  	7997  	8295  	8290  	7805  	7170  	6182  	5110  	4047  	3185  	2401  	1750  	1231  	788   	465   	273   	182   	107   	56    	34    	11    	4     	1     	nan   
100000   	2    	4.402800e-03	1     	2     	4     	8     	16    	32    	60    	116   	222   	416   	725   	1182  	1854  	2695  	3686  	4766  	5838  	7022  	8084  	8906  	9091  	8711  	7947  	6880  	5817  	4761  	3702  	2708  	1913  	1231  	695   	439   	248   	114   	67    	26    	7     	3     	2     	2     	1     	nan   
100000   	3    	4.598200e-03	1     	2     	4     	8     	16    	32    	63    	123   	227   	417   	720   	1197  	1870  	2735  	3760  	4892  	6130  	7193  	8050  	8593  	8691  	8250  	7497  	6497  	5465  	4468  	3521  	2756  	2151  	1556  	1105  	777   	511   	323   	193   	113   	52    	20    	15    	6     	nan   	nan   

