Criação das árvores ordenadas:
n_persons	index	time        
100000   	0    	5.385690e-02
100000   	1    	6.568370e-02
100000   	2    	5.637110e-02
100000   	3    	4.869340e-02

Procura de nós nas árvores:
n_persons	index	time        
100000   	0    	6.064620e-02
100000   	1    	7.440880e-02
100000   	2    	5.774130e-02
100000   	3    	4.886010e-02

Maior profundidade das árvores:
n_persons	index	time        	depth
100000   	0    	4.226200e-03	38   
100000   	1    	4.368800e-03	41   
100000   	2    	5.182300e-03	40   
100000   	3    	5.245000e-03	40   

Número de nós em cada nível:
n_persons	index	time        	lvl0  	lvl1  	lvl2  	lvl3  	lvl4  	lvl5  	lvl6  	lvl7  	lvl8  	lvl9  	lvl10 	lvl11 	lvl12 	lvl13 	lvl14 	lvl15 	lvl16 	lvl17 	lvl18 	lvl19 	lvl20 	lvl21 	lvl22 	lvl23 	lvl24 	lvl25 	lvl26 	lvl27 	lvl28 	lvl29 	lvl30 	lvl31 	lvl32 	lvl33 	lvl34 	lvl35 	lvl36 	lvl37 	lvl38 	lvl39 	lvl40 	lvl41 
100000   	0    	4.074700e-03	1     	2     	4     	8     	16    	32    	62    	119   	225   	413   	723   	1190  	1805  	2687  	3734  	4931  	6153  	7287  	8240  	8970  	9244  	8957  	8095  	7104  	5894  	4609  	3464  	2416  	1636  	942   	514   	275   	127   	60    	34    	17    	6     	2     	2     	nan   	nan   	nan   
100000   	1    	3.800200e-03	1     	2     	4     	8     	16    	30    	59    	108   	187   	334   	562   	888   	1398  	2130  	3143  	4449  	5840  	7131  	8186  	8689  	8878  	8608  	7959  	7014  	5976  	4759  	3788  	2924  	2089  	1512  	1099  	787   	535   	352   	245   	135   	80    	50    	26    	11    	6     	2     
100000   	2    	4.738000e-03	1     	2     	4     	8     	16    	32    	63    	122   	231   	424   	727   	1171  	1801  	2550  	3508  	4604  	5784  	6917  	7865  	8537  	8734  	8553  	7976  	6975  	5924  	4930  	3915  	2896  	2136  	1454  	915   	568   	334   	170   	71    	32    	24    	13    	6     	4     	3     	nan   
100000   	3    	4.555900e-03	1     	2     	4     	8     	16    	31    	62    	124   	244   	447   	794   	1343  	2104  	3074  	4215  	5310  	6340  	7335  	8007  	8292  	8233  	7859  	7276  	6465  	5510  	4621  	3674  	2797  	2097  	1450  	978   	580   	362   	182   	82    	49    	16    	7     	5     	2     	2     	nan   

