Criação das árvores ordenadas:
n_persons	index	time        
100000   	0    	5.126600e-02
100000   	1    	6.198940e-02
100000   	2    	5.694560e-02
100000   	3    	4.783090e-02

Procura de nós nas árvores:
n_persons	index	time        
100000   	0    	5.484800e-02
100000   	1    	6.700140e-02
100000   	2    	5.678340e-02
100000   	3    	4.998940e-02

Maior profundidade das árvores:
n_persons	index	time        	depth
100000   	0    	4.422800e-03	38   
100000   	1    	4.378100e-03	40   
100000   	2    	5.375800e-03	40   
100000   	3    	5.046500e-03	40   

Número de nós em cada nível:
n_persons	index	time        	lvl0  	lvl1  	lvl2  	lvl3  	lvl4  	lvl5  	lvl6  	lvl7  	lvl8  	lvl9  	lvl10 	lvl11 	lvl12 	lvl13 	lvl14 	lvl15 	lvl16 	lvl17 	lvl18 	lvl19 	lvl20 	lvl21 	lvl22 	lvl23 	lvl24 	lvl25 	lvl26 	lvl27 	lvl28 	lvl29 	lvl30 	lvl31 	lvl32 	lvl33 	lvl34 	lvl35 	lvl36 	lvl37 	lvl38 	lvl39 	lvl40 
100000   	0    	4.287300e-03	1     	2     	4     	8     	16    	32    	64    	127   	245   	447   	759   	1288  	2043  	2977  	4008  	5131  	6245  	7100  	7839  	8172  	8272  	7782  	7228  	6536  	5695  	4734  	3803  	2951  	2241  	1537  	1028  	682   	412   	258   	159   	89    	49    	24    	12    	nan   	nan   
100000   	1    	4.238200e-03	1     	2     	4     	8     	16    	32    	64    	125   	239   	452   	778   	1281  	1968  	2864  	3922  	5101  	6245  	7265  	7913  	8221  	8203  	7832  	7177  	6369  	5537  	4458  	3542  	2851  	2214  	1654  	1177  	839   	591   	420   	289   	152   	100   	54    	28    	11    	1     
100000   	2    	4.973200e-03	1     	2     	4     	8     	16    	32    	63    	124   	241   	445   	782   	1272  	1956  	2857  	4009  	5261  	6532  	7566  	8499  	8938  	8837  	8556  	7755  	6791  	5568  	4300  	3106  	2189  	1490  	1018  	661   	445   	261   	174   	108   	61    	40    	19    	6     	6     	1     
100000   	3    	4.971700e-03	1     	2     	4     	8     	16    	32    	64    	126   	247   	451   	800   	1334  	2107  	3145  	4477  	6009  	7386  	8524  	9250  	9306  	8913  	8102  	7191  	6016  	4819  	3689  	2737  	1923  	1304  	793   	488   	306   	185   	119   	54    	33    	20    	12    	4     	2     	1     

