Criação das árvores ordenadas:
n_persons	index	time        
100000   	0    	8.609320e-02
100000   	1    	1.011262e-01
100000   	2    	7.069170e-02
100000   	3    	6.043360e-02

Procura de nós nas árvores:
n_persons	index	time        
100000   	0    	6.195250e-02
100000   	1    	7.225930e-02
100000   	2    	6.708720e-02
100000   	3    	5.748710e-02

Maior profundidade das árvores:
n_persons	index	time        	depth
100000   	0    	4.658200e-03	39   
100000   	1    	4.656700e-03	41   
100000   	2    	5.571400e-03	38   
100000   	3    	5.277700e-03	37   

Número de nós em cada nível:
n_persons	index	time        	lvl0  	lvl1  	lvl2  	lvl3  	lvl4  	lvl5  	lvl6  	lvl7  	lvl8  	lvl9  	lvl10 	lvl11 	lvl12 	lvl13 	lvl14 	lvl15 	lvl16 	lvl17 	lvl18 	lvl19 	lvl20 	lvl21 	lvl22 	lvl23 	lvl24 	lvl25 	lvl26 	lvl27 	lvl28 	lvl29 	lvl30 	lvl31 	lvl32 	lvl33 	lvl34 	lvl35 	lvl36 	lvl37 	lvl38 	lvl39 	lvl40 	lvl41 
100000   	0    	4.358100e-03	1     	2     	4     	8     	16    	32    	64    	123   	225   	389   	638   	1002  	1470  	2061  	2830  	3689  	4691  	5791  	6783  	7614  	8160  	8323  	8216  	7784  	6984  	6121  	4927  	3828  	2877  	2022  	1353  	834   	510   	316   	162   	73    	45    	21    	9     	2     	nan   	nan   
100000   	1    	4.781900e-03	1     	2     	4     	8     	16    	30    	59    	113   	204   	363   	619   	1016  	1586  	2333  	3244  	4313  	5491  	6711  	7680  	8387  	8590  	8433  	7854  	6994  	6064  	5102  	4209  	3249  	2453  	1719  	1230  	811   	472   	273   	156   	100   	59    	24    	13    	9     	5     	1     
100000   	2    	6.413600e-03	1     	2     	4     	8     	16    	32    	64    	126   	247   	451   	808   	1362  	2175  	3290  	4497  	5819  	7013  	7994  	8611  	8848  	8702  	8166  	7258  	6242  	5220  	4034  	3003  	2188  	1506  	978   	596   	366   	199   	96    	47    	21    	6     	3     	1     	nan   	nan   	nan   
100000   	3    	4.824400e-03	1     	2     	4     	8     	16    	32    	64    	126   	246   	450   	771   	1231  	1904  	2751  	3820  	5139  	6465  	7772  	8747  	9225  	9112  	8683  	7791  	6683  	5480  	4246  	3170  	2221  	1479  	997   	609   	357   	196   	113   	56    	22    	9     	2     	nan   	nan   	nan   	nan   

