Criação das árvores ordenadas:
n_persons	index	time        
100000   	0    	5.500630e-02
100000   	1    	6.288290e-02
100000   	2    	5.440940e-02
100000   	3    	4.807400e-02

Procura de nós nas árvores:
n_persons	index	time        
100000   	0    	5.592060e-02
100000   	1    	6.505810e-02
100000   	2    	5.838640e-02
100000   	3    	5.076040e-02

Maior profundidade das árvores:
n_persons	index	time        	depth
100000   	0    	4.763000e-03	42   
100000   	1    	5.224500e-03	43   
100000   	2    	5.771000e-03	36   
100000   	3    	5.521600e-03	38   

Número de nós em cada nível:
n_persons	index	time        	lvl0  	lvl1  	lvl2  	lvl3  	lvl4  	lvl5  	lvl6  	lvl7  	lvl8  	lvl9  	lvl10 	lvl11 	lvl12 	lvl13 	lvl14 	lvl15 	lvl16 	lvl17 	lvl18 	lvl19 	lvl20 	lvl21 	lvl22 	lvl23 	lvl24 	lvl25 	lvl26 	lvl27 	lvl28 	lvl29 	lvl30 	lvl31 	lvl32 	lvl33 	lvl34 	lvl35 	lvl36 	lvl37 	lvl38 	lvl39 	lvl40 	lvl41 	lvl42 	lvl43 
100000   	0    	4.765800e-03	1     	2     	4     	8     	16    	32    	62    	115   	219   	384   	659   	1082  	1683  	2473  	3395  	4409  	5442  	6484  	7353  	7937  	8193  	8166  	7768  	7184  	6416  	5370  	4461  	3414  	2492  	1699  	1152  	771   	501   	278   	162   	87    	52    	30    	21    	9     	8     	4     	2     	nan   
100000   	1    	4.317500e-03	1     	2     	4     	8     	16    	32    	64    	121   	229   	408   	705   	1158  	1823  	2705  	3752  	4902  	6082  	7144  	8011  	8574  	8747  	8413  	7652  	6682  	5686  	4682  	3635  	2732  	2033  	1414  	966   	649   	409   	234   	126   	73    	41    	34    	18    	15    	8     	5     	4     	1     
100000   	2    	5.011600e-03	1     	2     	4     	8     	16    	32    	64    	124   	242   	446   	784   	1299  	2066  	3125  	4312  	5645  	6949  	8064  	8918  	9426  	9422  	8796  	7738  	6325  	5015  	3759  	2660  	1783  	1190  	778   	455   	273   	137   	76    	38    	23    	5     	nan   	nan   	nan   	nan   	nan   	nan   	nan   
100000   	3    	5.161100e-03	1     	2     	4     	8     	16    	32    	63    	118   	228   	412   	718   	1161  	1763  	2582  	3537  	4618  	5707  	6730  	7655  	8213  	8407  	8421  	8128  	7354  	6409  	5189  	4124  	3007  	2096  	1390  	875   	495   	260   	162   	66    	29    	15    	4     	1     	nan   	nan   	nan   	nan   	nan   

