Criação das árvores ordenadas:
n_persons	index	time        
100000   	0    	5.371730e-02
100000   	1    	6.988520e-02
100000   	2    	6.103780e-02
100000   	3    	5.080580e-02

Procura de nós nas árvores:
n_persons	index	time        
100000   	0    	5.834830e-02
100000   	1    	6.543560e-02
100000   	2    	8.033200e-02
100000   	3    	5.261350e-02

Maior profundidade das árvores:
n_persons	index	time        	depth
100000   	0    	4.946900e-03	37   
100000   	1    	4.562800e-03	43   
100000   	2    	5.036300e-03	39   
100000   	3    	4.934100e-03	40   

Número de nós em cada nível:
n_persons	index	time        	lvl0  	lvl1  	lvl2  	lvl3  	lvl4  	lvl5  	lvl6  	lvl7  	lvl8  	lvl9  	lvl10 	lvl11 	lvl12 	lvl13 	lvl14 	lvl15 	lvl16 	lvl17 	lvl18 	lvl19 	lvl20 	lvl21 	lvl22 	lvl23 	lvl24 	lvl25 	lvl26 	lvl27 	lvl28 	lvl29 	lvl30 	lvl31 	lvl32 	lvl33 	lvl34 	lvl35 	lvl36 	lvl37 	lvl38 	lvl39 	lvl40 	lvl41 	lvl42 	lvl43 
100000   	0    	4.708500e-03	1     	2     	4     	8     	16    	32    	63    	126   	245   	448   	751   	1250  	1943  	2897  	4068  	5331  	6818  	8104  	9020  	9470  	9271  	8648  	7711  	6524  	5233  	3903  	2878  	2005  	1352  	848   	507   	259   	147   	74    	32    	9     	1     	1     	nan   	nan   	nan   	nan   	nan   	nan   
100000   	1    	4.199500e-03	1     	2     	4     	8     	16    	30    	60    	118   	219   	388   	665   	1075  	1616  	2345  	3245  	4303  	5377  	6331  	7166  	7735  	7991  	8085  	7768  	7181  	6348  	5382  	4338  	3460  	2648  	1912  	1393  	973   	638   	444   	296   	190   	119   	75    	30    	10    	7     	5     	2     	1     
100000   	2    	4.386200e-03	1     	2     	4     	8     	16    	32    	63    	118   	216   	383   	649   	1026  	1576  	2282  	3148  	4278  	5590  	6773  	7854  	8515  	8798  	8730  	8202  	7302  	6146  	5013  	3886  	2988  	2207  	1554  	1094  	691   	416   	229   	108   	50    	29    	17    	5     	1     	nan   	nan   	nan   	nan   
100000   	3    	4.220100e-03	1     	2     	4     	8     	16    	32    	63    	123   	228   	414   	718   	1159  	1735  	2462  	3331  	4280  	5376  	6374  	7247  	7823  	8217  	8141  	7871  	7319  	6478  	5447  	4483  	3502  	2602  	1763  	1183  	727   	392   	224   	112   	66    	36    	23    	11    	5     	2     	nan   	nan   	nan   

