Criação das árvores ordenadas:
n_persons	index	time        
100000   	0    	5.105960e-02
100000   	1    	6.266140e-02
100000   	2    	5.697590e-02
100000   	3    	4.674940e-02

Procura de nós nas árvores:
n_persons	index	time        
100000   	0    	5.402520e-02
100000   	1    	6.622560e-02
100000   	2    	1.019190e-01
100000   	3    	7.689300e-02

Maior profundidade das árvores:
n_persons	index	time        	depth
100000   	0    	5.339400e-03	37   
100000   	1    	4.836000e-03	42   
100000   	2    	5.233100e-03	39   
100000   	3    	5.342000e-03	38   

Número de nós em cada nível:
n_persons	index	time        	lvl0  	lvl1  	lvl2  	lvl3  	lvl4  	lvl5  	lvl6  	lvl7  	lvl8  	lvl9  	lvl10 	lvl11 	lvl12 	lvl13 	lvl14 	lvl15 	lvl16 	lvl17 	lvl18 	lvl19 	lvl20 	lvl21 	lvl22 	lvl23 	lvl24 	lvl25 	lvl26 	lvl27 	lvl28 	lvl29 	lvl30 	lvl31 	lvl32 	lvl33 	lvl34 	lvl35 	lvl36 	lvl37 	lvl38 	lvl39 	lvl40 	lvl41 	lvl42 
100000   	0    	4.101200e-03	1     	2     	4     	8     	16    	32    	64    	128   	244   	447   	789   	1309  	2061  	3062  	4261  	5585  	6962  	8123  	8924  	9334  	8950  	8263  	7235  	6095  	5002  	3959  	2915  	2173  	1556  	1004  	641   	403   	243   	105   	56    	24    	11    	9     	nan   	nan   	nan   	nan   	nan   
100000   	1    	4.029000e-03	1     	2     	4     	8     	16    	32    	60    	113   	206   	368   	623   	985   	1439  	2113  	2963  	4008  	5228  	6426  	7532  	8323  	8853  	8921  	8561  	7709  	6597  	5426  	4271  	3160  	2228  	1470  	930   	560   	351   	211   	132   	73    	42    	22    	15    	10    	5     	2     	1     
100000   	2    	4.768300e-03	1     	2     	4     	8     	16    	32    	59    	112   	208   	374   	653   	1088  	1695  	2520  	3546  	4674  	5818  	6890  	7737  	8300  	8631  	8605  	8070  	7240  	6164  	5058  	4013  	2910  	2107  	1396  	877   	506   	285   	181   	118   	57    	27    	12    	5     	1     	nan   	nan   	nan   
100000   	3    	4.730200e-03	1     	2     	4     	8     	16    	32    	64    	126   	237   	430   	757   	1259  	1979  	2949  	4141  	5293  	6528  	7484  	8262  	8633  	8626  	8207  	7609  	6665  	5580  	4476  	3414  	2501  	1743  	1177  	758   	484   	274   	169   	67    	29    	11    	4     	1     	nan   	nan   	nan   	nan   

