Criação das árvores ordenadas:
n_persons	index	time        
100000   	0    	6.626640e-02
100000   	1    	1.126145e-01
100000   	2    	6.472810e-02
100000   	3    	4.837480e-02

Procura de nós nas árvores:
n_persons	index	time        
100000   	0    	5.967870e-02
100000   	1    	6.449270e-02
100000   	2    	5.787830e-02
100000   	3    	5.222190e-02

Maior profundidade das árvores:
n_persons	index	time        	depth
100000   	0    	4.645800e-03	42   
100000   	1    	5.548400e-03	39   
100000   	2    	5.335800e-03	43   
100000   	3    	4.852000e-03	39   

Número de nós em cada nível:
n_persons	index	time        	lvl0  	lvl1  	lvl2  	lvl3  	lvl4  	lvl5  	lvl6  	lvl7  	lvl8  	lvl9  	lvl10 	lvl11 	lvl12 	lvl13 	lvl14 	lvl15 	lvl16 	lvl17 	lvl18 	lvl19 	lvl20 	lvl21 	lvl22 	lvl23 	lvl24 	lvl25 	lvl26 	lvl27 	lvl28 	lvl29 	lvl30 	lvl31 	lvl32 	lvl33 	lvl34 	lvl35 	lvl36 	lvl37 	lvl38 	lvl39 	lvl40 	lvl41 	lvl42 	lvl43 
100000   	0    	4.358500e-03	1     	2     	4     	8     	16    	32    	63    	125   	226   	399   	685   	1135  	1793  	2658  	3721  	4937  	6231  	7411  	8324  	8823  	8880  	8566  	7749  	6723  	5645  	4572  	3492  	2467  	1720  	1178  	828   	577   	403   	243   	151   	91    	49    	25    	17    	12    	9     	8     	1     	nan   
100000   	1    	4.356700e-03	1     	2     	4     	8     	16    	31    	59    	109   	187   	310   	481   	720   	1032  	1442  	2021  	2817  	3792  	4944  	6279  	7658  	8805  	9395  	9530  	9000  	7885  	6734  	5392  	3960  	2764  	1814  	1184  	740   	434   	231   	105   	61    	31    	17    	3     	2     	nan   	nan   	nan   	nan   
100000   	2    	4.485200e-03	1     	2     	4     	8     	15    	30    	59    	112   	201   	349   	556   	845   	1251  	1816  	2580  	3440  	4490  	5652  	6825  	7806  	8540  	8691  	8721  	8050  	7228  	6207  	5092  	3791  	2747  	1882  	1179  	736   	444   	272   	155   	91    	63    	35    	21    	5     	3     	2     	2     	1     
100000   	3    	4.234900e-03	1     	2     	4     	8     	16    	32    	64    	125   	242   	448   	786   	1306  	2041  	2988  	4096  	5388  	6698  	7909  	8737  	9021  	9048  	8641  	7758  	6460  	5266  	4138  	2994  	2006  	1373  	859   	552   	357   	241   	157   	94    	69    	41    	19    	11    	4     	nan   	nan   	nan   	nan   

