Criação das árvores ordenadas:
n_persons	index	time        
100000   	0    	5.245850e-02
100000   	1    	6.199290e-02
100000   	2    	5.672950e-02
100000   	3    	4.710730e-02

Procura de nós nas árvores:
n_persons	index	time        
100000   	0    	5.387510e-02
100000   	1    	6.146900e-02
100000   	2    	5.551340e-02
100000   	3    	4.899980e-02

Maior profundidade das árvores:
n_persons	index	time        	depth
100000   	0    	5.984900e-03	40   
100000   	1    	4.891600e-03	45   
100000   	2    	4.908600e-03	39   
100000   	3    	5.024500e-03	39   

Número de nós em cada nível:
n_persons	index	time        	lvl0  	lvl1  	lvl2  	lvl3  	lvl4  	lvl5  	lvl6  	lvl7  	lvl8  	lvl9  	lvl10 	lvl11 	lvl12 	lvl13 	lvl14 	lvl15 	lvl16 	lvl17 	lvl18 	lvl19 	lvl20 	lvl21 	lvl22 	lvl23 	lvl24 	lvl25 	lvl26 	lvl27 	lvl28 	lvl29 	lvl30 	lvl31 	lvl32 	lvl33 	lvl34 	lvl35 	lvl36 	lvl37 	lvl38 	lvl39 	lvl40 	lvl41 	lvl42 	lvl43 	lvl44 	lvl45 
100000   	0    	4.040600e-03	1     	2     	4     	8     	16    	32    	63    	122   	234   	425   	757   	1301  	2034  	2973  	4061  	5298  	6476  	7545  	8337  	8813  	8800  	8307  	7610  	6701  	5607  	4413  	3361  	2433  	1649  	1092  	672   	383   	224   	117   	63    	35    	23    	4     	2     	1     	1     	nan   	nan   	nan   	nan   	nan   
100000   	1    	4.049200e-03	1     	2     	4     	8     	16    	32    	64    	125   	235   	423   	736   	1233  	1927  	2762  	3772  	4978  	6223  	7414  	8252  	8715  	8727  	8278  	7470  	6649  	5571  	4440  	3441  	2607  	1908  	1294  	914   	631   	414   	270   	177   	119   	66    	37    	25    	16    	11    	6     	1     	2     	3     	1     
100000   	2    	4.253700e-03	1     	2     	4     	8     	16    	32    	63    	124   	238   	439   	772   	1305  	2040  	3093  	4440  	5946  	7424  	8762  	9530  	9831  	9400  	8558  	7318  	6049  	4615  	3337  	2351  	1600  	1033  	674   	418   	241   	158   	78    	45    	24    	16    	7     	6     	2     	nan   	nan   	nan   	nan   	nan   	nan   
100000   	3    	4.570100e-03	1     	2     	4     	8     	16    	32    	60    	112   	212   	377   	667   	1110  	1765  	2639  	3811  	5197  	6664  	7805  	8644  	9010  	9042  	8577  	7841  	6860  	5729  	4437  	3278  	2360  	1556  	990   	582   	315   	154   	80    	29    	17    	11    	3     	2     	1     	nan   	nan   	nan   	nan   	nan   	nan   

