Criação das árvores ordenadas:
n_persons	index	time        
100000   	0    	5.573270e-02
100000   	1    	7.104500e-02
100000   	2    	5.565450e-02
100000   	3    	4.872820e-02

Procura de nós nas árvores:
n_persons	index	time        
100000   	0    	5.612560e-02
100000   	1    	7.410210e-02
100000   	2    	5.965690e-02
100000   	3    	5.157700e-02

Maior profundidade das árvores:
n_persons	index	time        	depth
100000   	0    	4.738700e-03	40   
100000   	1    	4.348500e-03	39   
100000   	2    	5.006100e-03	41   
100000   	3    	5.132000e-03	38   

Número de nós em cada nível:
n_persons	index	time        	lvl0  	lvl1  	lvl2  	lvl3  	lvl4  	lvl5  	lvl6  	lvl7  	lvl8  	lvl9  	lvl10 	lvl11 	lvl12 	lvl13 	lvl14 	lvl15 	lvl16 	lvl17 	lvl18 	lvl19 	lvl20 	lvl21 	lvl22 	lvl23 	lvl24 	lvl25 	lvl26 	lvl27 	lvl28 	lvl29 	lvl30 	lvl31 	lvl32 	lvl33 	lvl34 	lvl35 	lvl36 	lvl37 	lvl38 	lvl39 	lvl40 	lvl41 
100000   	0    	4.066400e-03	1     	2     	4     	8     	16    	32    	64    	125   	237   	441   	766   	1264  	2031  	3041  	4230  	5578  	7041  	8109  	8826  	9084  	8899  	8395  	7484  	6281  	5103  	3980  	2881  	2071  	1460  	962   	629   	395   	231   	145   	97    	46    	23    	10    	4     	3     	1     	nan   
100000   	1    	3.988700e-03	1     	2     	4     	8     	16    	32    	60    	110   	196   	345   	582   	939   	1398  	2024  	2776  	3613  	4529  	5535  	6584  	7358  	7954  	8231  	8055  	7774  	7116  	6188  	5106  	4154  	3124  	2258  	1582  	1004  	641   	362   	186   	93    	39    	16    	4     	1     	nan   	nan   
100000   	2    	4.504300e-03	1     	2     	4     	8     	16    	32    	63    	124   	234   	432   	748   	1225  	1910  	2769  	3802  	4899  	5998  	7120  	7918  	8378  	8553  	8244  	7695  	6811  	5803  	4716  	3716  	2775  	1987  	1433  	994   	616   	418   	247   	138   	81    	44    	20    	13    	6     	5     	2     
100000   	3    	4.976600e-03	1     	2     	4     	8     	16    	32    	62    	121   	228   	417   	710   	1149  	1803  	2663  	3706  	4791  	5900  	6902  	7701  	8308  	8519  	8313  	7819  	7027  	6058  	5025  	3877  	2840  	2058  	1498  	994   	604   	376   	205   	124   	75    	38    	21    	5     	nan   	nan   	nan   

