Criação das árvores ordenadas:
n_persons	index	time        
100000   	0    	5.269410e-02
100000   	1    	7.841020e-02
100000   	2    	6.029180e-02
100000   	3    	5.950670e-02

Procura de nós nas árvores:
n_persons	index	time        
100000   	0    	6.182590e-02
100000   	1    	8.121730e-02
100000   	2    	5.847710e-02
100000   	3    	5.474140e-02

Maior profundidade das árvores:
n_persons	index	time        	depth
100000   	0    	4.899000e-03	38   
100000   	1    	5.559400e-03	41   
100000   	2    	5.662800e-03	46   
100000   	3    	5.557800e-03	37   

Número de nós em cada nível:
n_persons	index	time        	lvl0  	lvl1  	lvl2  	lvl3  	lvl4  	lvl5  	lvl6  	lvl7  	lvl8  	lvl9  	lvl10 	lvl11 	lvl12 	lvl13 	lvl14 	lvl15 	lvl16 	lvl17 	lvl18 	lvl19 	lvl20 	lvl21 	lvl22 	lvl23 	lvl24 	lvl25 	lvl26 	lvl27 	lvl28 	lvl29 	lvl30 	lvl31 	lvl32 	lvl33 	lvl34 	lvl35 	lvl36 	lvl37 	lvl38 	lvl39 	lvl40 	lvl41 	lvl42 	lvl43 	lvl44 	lvl45 	lvl46 
100000   	0    	4.376000e-03	1     	2     	4     	8     	16    	32    	61    	119   	223   	413   	700   	1131  	1706  	2511  	3507  	4758  	6040  	7182  	7972  	8471  	8591  	8360  	7659  	6812  	5765  	4737  	3792  	2968  	2205  	1607  	1075  	660   	417   	241   	135   	66    	30    	17    	6     	nan   	nan   	nan   	nan   	nan   	nan   	nan   	nan   
100000   	1    	4.904900e-03	1     	2     	4     	8     	16    	32    	63    	122   	229   	431   	740   	1228  	1919  	2843  	4013  	5352  	6732  	7955  	8955  	9405  	9336  	8661  	7619  	6388  	5086  	3805  	2739  	2016  	1406  	984   	674   	438   	292   	195   	119   	76    	56    	33    	19    	6     	1     	1     	nan   	nan   	nan   	nan   	nan   
100000   	2    	4.943400e-03	1     	2     	4     	8     	16    	32    	62    	115   	208   	344   	552   	859   	1277  	1837  	2535  	3337  	4214  	5172  	6179  	7073  	7671  	7984  	8108  	7887  	7104  	6091  	5067  	4124  	3141  	2414  	1818  	1371  	1047  	733   	495   	341   	241   	158   	116   	83    	72    	43    	28    	20    	10    	5     	1     
100000   	3    	4.905700e-03	1     	2     	4     	8     	16    	32    	64    	125   	246   	454   	813   	1316  	1990  	2932  	4046  	5303  	6571  	7637  	8414  	9029  	9062  	8581  	7648  	6512  	5324  	4261  	3178  	2282  	1591  	1098  	670   	384   	223   	91    	49    	26    	13    	4     	nan   	nan   	nan   	nan   	nan   	nan   	nan   	nan   	nan   

