Criação das árvores ordenadas:
n_persons	index	time        
100000   	0    	5.683710e-02
100000   	1    	9.431140e-02
100000   	2    	1.028645e-01
100000   	3    	6.771060e-02

Procura de nós nas árvores:
n_persons	index	time        
100000   	0    	6.787760e-02
100000   	1    	7.347760e-02
100000   	2    	6.532410e-02
100000   	3    	5.621490e-02

Maior profundidade das árvores:
n_persons	index	time        	depth
100000   	0    	4.742600e-03	38   
100000   	1    	4.531500e-03	38   
100000   	2    	4.887000e-03	41   
100000   	3    	5.138800e-03	37   

Número de nós em cada nível:
n_persons	index	time        	lvl0  	lvl1  	lvl2  	lvl3  	lvl4  	lvl5  	lvl6  	lvl7  	lvl8  	lvl9  	lvl10 	lvl11 	lvl12 	lvl13 	lvl14 	lvl15 	lvl16 	lvl17 	lvl18 	lvl19 	lvl20 	lvl21 	lvl22 	lvl23 	lvl24 	lvl25 	lvl26 	lvl27 	lvl28 	lvl29 	lvl30 	lvl31 	lvl32 	lvl33 	lvl34 	lvl35 	lvl36 	lvl37 	lvl38 	lvl39 	lvl40 	lvl41 
100000   	0    	4.524700e-03	1     	2     	4     	8     	16    	32    	64    	127   	242   	457   	794   	1322  	2064  	3086  	4350  	5603  	6871  	7923  	8778  	9130  	8991  	8218  	7370  	6188  	5081  	4028  	3025  	2221  	1589  	1006  	648   	372   	212   	105   	47    	16    	6     	2     	1     	nan   	nan   	nan   
100000   	1    	4.049400e-03	1     	2     	4     	8     	16    	32    	64    	125   	239   	436   	757   	1247  	1962  	2882  	3965  	5143  	6399  	7567  	8716  	9385  	9417  	8964  	8185  	6926  	5471  	4247  	3028  	1998  	1237  	734   	394   	209   	119   	59    	31    	17    	8     	5     	1     	nan   	nan   	nan   
100000   	2    	4.389300e-03	1     	2     	4     	8     	16    	32    	64    	127   	245   	450   	786   	1293  	1982  	2880  	3978  	5239  	6411  	7515  	8388  	8910  	9042  	8564  	7735  	6725  	5548  	4306  	3248  	2419  	1610  	1065  	615   	364   	206   	99    	52    	31    	15    	11    	6     	4     	3     	1     
100000   	3    	4.507200e-03	1     	2     	4     	8     	16    	32    	64    	126   	246   	466   	819   	1354  	2090  	3096  	4164  	5412  	6567  	7692  	8518  	8933  	8827  	8305  	7471  	6367  	5269  	4216  	3251  	2428  	1679  	1086  	675   	399   	212   	122   	52    	23    	6     	2     	nan   	nan   	nan   	nan   

