Criação das árvores ordenadas:
n_persons	index	time        
100000   	0    	5.122440e-02
100000   	1    	6.396400e-02
100000   	2    	6.046240e-02
100000   	3    	4.700420e-02

Procura de nós nas árvores:
n_persons	index	time        
100000   	0    	5.124240e-02
100000   	1    	6.020410e-02
100000   	2    	5.626540e-02
100000   	3    	4.817230e-02

Maior profundidade das árvores:
n_persons	index	time        	depth
100000   	0    	4.355800e-03	40   
100000   	1    	4.311900e-03	40   
100000   	2    	5.272800e-03	43   
100000   	3    	4.857300e-03	40   

Número de nós em cada nível:
n_persons	index	time        	lvl0  	lvl1  	lvl2  	lvl3  	lvl4  	lvl5  	lvl6  	lvl7  	lvl8  	lvl9  	lvl10 	lvl11 	lvl12 	lvl13 	lvl14 	lvl15 	lvl16 	lvl17 	lvl18 	lvl19 	lvl20 	lvl21 	lvl22 	lvl23 	lvl24 	lvl25 	lvl26 	lvl27 	lvl28 	lvl29 	lvl30 	lvl31 	lvl32 	lvl33 	lvl34 	lvl35 	lvl36 	lvl37 	lvl38 	lvl39 	lvl40 	lvl41 	lvl42 	lvl43 
100000   	0    	3.706700e-03	1     	2     	4     	8     	16    	32    	64    	127   	241   	435   	761   	1287  	2064  	3119  	4283  	5637  	6943  	8065  	8883  	9167  	8903  	8346  	7444  	6299  	5104  	3919  	2937  	2104  	1473  	958   	604   	335   	204   	115   	55    	28    	16    	8     	5     	3     	1     	nan   	nan   	nan   
100000   	1    	3.719400e-03	1     	2     	4     	8     	16    	32    	64    	119   	219   	390   	674   	1092  	1731  	2529  	3539  	4681  	5974  	7270  	8282  	8853  	8900  	8670  	7991  	7178  	6067  	4809  	3582  	2570  	1768  	1185  	725   	427   	264   	156   	87    	62    	40    	24    	10    	4     	1     	nan   	nan   	nan   
100000   	2    	4.807300e-03	1     	2     	4     	8     	16    	30    	58    	108   	200   	359   	608   	944   	1405  	2030  	2792  	3744  	4855  	6069  	7152  	7960  	8311  	8317  	8045  	7524  	6634  	5594  	4546  	3613  	2776  	2027  	1462  	999   	676   	400   	257   	175   	120   	79    	41    	28    	15    	9     	5     	2     
100000   	3    	4.421200e-03	1     	2     	4     	8     	11    	16    	31    	61    	121   	229   	436   	781   	1294  	1970  	2812  	3902  	5051  	6279  	7493  	8269  	8812  	8773  	8497  	7754  	6730  	5571  	4354  	3363  	2452  	1705  	1216  	780   	489   	304   	210   	111   	60    	27    	12    	8     	1     	nan   	nan   	nan   

