Criação das árvores ordenadas:
n_persons	index	time        
100000   	0    	5.560260e-02
100000   	1    	6.459630e-02
100000   	2    	5.522290e-02
100000   	3    	4.814610e-02

Procura de nós nas árvores:
n_persons	index	time        
100000   	0    	5.279950e-02
100000   	1    	7.583720e-02
100000   	2    	5.767690e-02
100000   	3    	5.005400e-02

Maior profundidade das árvores:
n_persons	index	time        	depth
100000   	0    	4.928800e-03	37   
100000   	1    	5.210700e-03	39   
100000   	2    	5.434500e-03	39   
100000   	3    	5.454500e-03	36   

Número de nós em cada nível:
n_persons	index	time        	lvl0  	lvl1  	lvl2  	lvl3  	lvl4  	lvl5  	lvl6  	lvl7  	lvl8  	lvl9  	lvl10 	lvl11 	lvl12 	lvl13 	lvl14 	lvl15 	lvl16 	lvl17 	lvl18 	lvl19 	lvl20 	lvl21 	lvl22 	lvl23 	lvl24 	lvl25 	lvl26 	lvl27 	lvl28 	lvl29 	lvl30 	lvl31 	lvl32 	lvl33 	lvl34 	lvl35 	lvl36 	lvl37 	lvl38 	lvl39 
100000   	0    	4.447800e-03	1     	2     	4     	8     	16    	32    	62    	112   	197   	340   	548   	840   	1244  	1840  	2537  	3446  	4565  	5801  	6985  	7991  	8649  	8896  	8865  	8319  	7409  	6244  	4949  	3607  	2487  	1626  	1017  	628   	368   	207   	95    	44    	16    	3     	nan   	nan   
100000   	1    	4.897400e-03	1     	2     	4     	8     	16    	29    	56    	100   	191   	342   	573   	930   	1419  	2042  	2903  	3915  	4917  	6033  	6946  	7713  	8135  	8310  	7996  	7368  	6610  	5752  	4769  	3809  	2899  	2125  	1458  	1068  	692   	410   	242   	123   	51    	30    	12    	1     
100000   	2    	4.917600e-03	1     	2     	4     	8     	16    	32    	64    	123   	220   	383   	677   	1127  	1760  	2634  	3647  	4789  	6065  	7131  	7994  	8460  	8603  	8205  	7511  	6564  	5516  	4494  	3649  	2971  	2353  	1721  	1263  	823   	532   	315   	185   	95    	42    	16    	4     	1     
100000   	3    	4.838500e-03	1     	2     	4     	8     	16    	32    	64    	126   	240   	427   	747   	1259  	1942  	2866  	3839  	5079  	6403  	7548  	8435  	9055  	9215  	8847  	8074  	6961  	5770  	4469  	3187  	2113  	1376  	865   	511   	268   	133   	69    	35    	12    	2     	nan   	nan   	nan   

