Criação das árvores ordenadas:
n_persons	index	time        
100000   	0    	5.359920e-02
100000   	1    	6.329360e-02
100000   	2    	5.637110e-02
100000   	3    	4.962080e-02

Procura de nós nas árvores:
n_persons	index	time        
100000   	0    	5.464720e-02
100000   	1    	6.097680e-02
100000   	2    	5.936450e-02
100000   	3    	5.193050e-02

Maior profundidade das árvores:
n_persons	index	time        	depth
100000   	0    	4.611500e-03	38   
100000   	1    	4.600100e-03	40   
100000   	2    	4.971000e-03	39   
100000   	3    	4.998100e-03	39   

Número de nós em cada nível:
n_persons	index	time        	lvl0  	lvl1  	lvl2  	lvl3  	lvl4  	lvl5  	lvl6  	lvl7  	lvl8  	lvl9  	lvl10 	lvl11 	lvl12 	lvl13 	lvl14 	lvl15 	lvl16 	lvl17 	lvl18 	lvl19 	lvl20 	lvl21 	lvl22 	lvl23 	lvl24 	lvl25 	lvl26 	lvl27 	lvl28 	lvl29 	lvl30 	lvl31 	lvl32 	lvl33 	lvl34 	lvl35 	lvl36 	lvl37 	lvl38 	lvl39 	lvl40 
100000   	0    	4.057200e-03	1     	2     	4     	8     	16    	31    	59    	115   	209   	380   	673   	1114  	1713  	2542  	3507  	4614  	5834  	7032  	7939  	8532  	8863  	8579  	7949  	7225  	6165  	4931  	3792  	2805  	1931  	1343  	892   	551   	301   	162   	91    	53    	29    	12    	1     	nan   	nan   
100000   	1    	4.057100e-03	1     	2     	4     	8     	16    	32    	64    	124   	214   	368   	582   	903   	1359  	1947  	2702  	3612  	4642  	5706  	6684  	7542  	7955  	8088  	7864  	7447  	6672  	5908  	5029  	4121  	3265  	2422  	1712  	1160  	751   	449   	294   	163   	102   	46    	24    	13    	3     
100000   	2    	4.528400e-03	1     	2     	4     	8     	16    	32    	63    	125   	233   	438   	770   	1253  	1928  	2846  	3946  	5164  	6325  	7399  	8204  	8613  	8771  	8442  	7678  	6706  	5713  	4634  	3535  	2542  	1720  	1118  	751   	503   	275   	133   	64    	26    	9     	5     	2     	3     	nan   
100000   	3    	5.271900e-03	1     	2     	4     	8     	16    	32    	63    	119   	220   	402   	678   	1073  	1641  	2343  	3298  	4424  	5582  	6741  	7686  	8432  	8738  	8641  	8098  	7274  	6221  	5113  	4059  	3101  	2225  	1500  	950   	558   	348   	198   	107   	58    	27    	15    	3     	1     	nan   

