Criação das árvores ordenadas:
n_persons	index	time        
100000   	0    	5.185280e-02
100000   	1    	6.312340e-02
100000   	2    	5.731530e-02
100000   	3    	4.684010e-02

Procura de nós nas árvores:
n_persons	index	time        
100000   	0    	5.543630e-02
100000   	1    	6.461090e-02
100000   	2    	5.846580e-02
100000   	3    	5.121580e-02

Maior profundidade das árvores:
n_persons	index	time        	depth
100000   	0    	5.071200e-03	39   
100000   	1    	4.684100e-03	42   
100000   	2    	5.444300e-03	41   
100000   	3    	5.467200e-03	41   

Número de nós em cada nível:
n_persons	index	time        	lvl0  	lvl1  	lvl2  	lvl3  	lvl4  	lvl5  	lvl6  	lvl7  	lvl8  	lvl9  	lvl10 	lvl11 	lvl12 	lvl13 	lvl14 	lvl15 	lvl16 	lvl17 	lvl18 	lvl19 	lvl20 	lvl21 	lvl22 	lvl23 	lvl24 	lvl25 	lvl26 	lvl27 	lvl28 	lvl29 	lvl30 	lvl31 	lvl32 	lvl33 	lvl34 	lvl35 	lvl36 	lvl37 	lvl38 	lvl39 	lvl40 	lvl41 	lvl42 
100000   	0    	4.107800e-03	1     	2     	4     	8     	16    	32    	62    	115   	210   	368   	633   	1056  	1676  	2537  	3605  	4828  	6152  	7406  	8438  	9014  	9026  	8714  	7924  	6936  	5754  	4502  	3532  	2629  	1826  	1215  	770   	465   	272   	143   	59    	35    	15    	12    	7     	1     	nan   	nan   	nan   
100000   	1    	4.193000e-03	1     	2     	4     	8     	16    	31    	61    	116   	222   	405   	719   	1187  	1861  	2746  	3911  	5184  	6538  	7759  	8711  	9314  	9548  	9104  	8084  	6821  	5382  	4043  	2827  	1908  	1297  	835   	538   	342   	194   	122   	66    	32    	22    	9     	9     	9     	7     	4     	1     
100000   	2    	4.668000e-03	1     	2     	4     	8     	16    	31    	61    	118   	226   	411   	732   	1236  	1962  	2918  	4057  	5238  	6523  	7656  	8427  	8757  	8578  	7988  	7151  	6179  	5251  	4352  	3508  	2694  	2020  	1441  	952   	605   	382   	243   	138   	71    	39    	15    	5     	2     	1     	1     	nan   
100000   	3    	5.115900e-03	1     	2     	4     	8     	16    	32    	63    	124   	235   	430   	748   	1190  	1823  	2650  	3621  	4655  	5692  	6665  	7419  	7906  	8100  	7949  	7499  	6833  	6020  	5216  	4218  	3305  	2408  	1737  	1203  	807   	536   	336   	212   	127   	100   	56    	28    	18    	6     	2     	nan   

