Criação das árvores ordenadas:
n_persons	index	time        
100000   	0    	8.664740e-02
100000   	1    	9.968150e-02
100000   	2    	9.122800e-02
100000   	3    	7.332320e-02

Procura de nós nas árvores:
n_persons	index	time        
100000   	0    	7.663810e-02
100000   	1    	9.458380e-02
100000   	2    	8.786310e-02
100000   	3    	1.151500e-01

Maior profundidade das árvores:
n_persons	index	time        	depth
100000   	0    	6.857600e-03	40   
100000   	1    	5.716800e-03	41   
100000   	2    	5.495800e-03	38   
100000   	3    	6.631500e-03	44   

Número de nós em cada nível:
n_persons	index	time        	lvl0  	lvl1  	lvl2  	lvl3  	lvl4  	lvl5  	lvl6  	lvl7  	lvl8  	lvl9  	lvl10 	lvl11 	lvl12 	lvl13 	lvl14 	lvl15 	lvl16 	lvl17 	lvl18 	lvl19 	lvl20 	lvl21 	lvl22 	lvl23 	lvl24 	lvl25 	lvl26 	lvl27 	lvl28 	lvl29 	lvl30 	lvl31 	lvl32 	lvl33 	lvl34 	lvl35 	lvl36 	lvl37 	lvl38 	lvl39 	lvl40 	lvl41 	lvl42 	lvl43 	lvl44 
100000   	0    	4.887400e-03	1     	2     	4     	8     	16    	32    	63    	121   	231   	401   	694   	1100  	1642  	2383  	3221  	4193  	5296  	6457  	7447  	8218  	8662  	8470  	7989  	7426  	6409  	5372  	4296  	3231  	2304  	1539  	1021  	661   	414   	283   	167   	95    	65    	31    	21    	12    	2     	nan   	nan   	nan   	nan   
100000   	1    	4.462000e-03	1     	2     	4     	8     	15    	30    	58    	111   	208   	380   	655   	1078  	1725  	2598  	3698  	5004  	6288  	7534  	8592  	9282  	9252  	8701  	7862  	6828  	5599  	4324  	3110  	2205  	1567  	1079  	723   	481   	352   	229   	159   	111   	60    	37    	29    	13    	6     	2     	nan   	nan   	nan   
100000   	2    	5.196500e-03	1     	2     	4     	8     	16    	32    	64    	122   	232   	428   	756   	1293  	2070  	3152  	4420  	5755  	7036  	8150  	8813  	9119  	8981  	8288  	7121  	5877  	4723  	3735  	2895  	2188  	1545  	1066  	737   	526   	351   	206   	123   	81    	53    	23    	8     	nan   	nan   	nan   	nan   	nan   	nan   
100000   	3    	4.646300e-03	1     	2     	4     	8     	16    	32    	61    	117   	224   	405   	727   	1204  	1852  	2707  	3728  	4805  	5828  	6742  	7335  	7583  	7493  	7195  	6685  	6005  	5367  	4687  	3957  	3287  	2688  	2210  	1765  	1418  	1153  	868   	638   	479   	312   	205   	110   	51    	24    	11    	6     	4     	1     

