Criação das árvores ordenadas:
n_persons	index	time        
100000   	0    	5.220480e-02
100000   	1    	6.217260e-02
100000   	2    	5.608260e-02
100000   	3    	4.925380e-02

Procura de nós nas árvores:
n_persons	index	time        
100000   	0    	5.435020e-02
100000   	1    	6.615580e-02
100000   	2    	5.993050e-02
100000   	3    	5.278020e-02

Maior profundidade das árvores:
n_persons	index	time        	depth
100000   	0    	4.442200e-03	36   
100000   	1    	4.328600e-03	38   
100000   	2    	4.881300e-03	42   
100000   	3    	5.337900e-03	44   

Número de nós em cada nível:
n_persons	index	time        	lvl0  	lvl1  	lvl2  	lvl3  	lvl4  	lvl5  	lvl6  	lvl7  	lvl8  	lvl9  	lvl10 	lvl11 	lvl12 	lvl13 	lvl14 	lvl15 	lvl16 	lvl17 	lvl18 	lvl19 	lvl20 	lvl21 	lvl22 	lvl23 	lvl24 	lvl25 	lvl26 	lvl27 	lvl28 	lvl29 	lvl30 	lvl31 	lvl32 	lvl33 	lvl34 	lvl35 	lvl36 	lvl37 	lvl38 	lvl39 	lvl40 	lvl41 	lvl42 	lvl43 	lvl44 
100000   	0    	3.925900e-03	1     	2     	4     	8     	16    	30    	49    	89    	154   	264   	459   	774   	1256  	1973  	2915  	4033  	5386  	6803  	8023  	8921  	9320  	9231  	8762  	7880  	6801  	5267  	3996  	2842  	1971  	1283  	751   	392   	207   	100   	26    	8     	3     	nan   	nan   	nan   	nan   	nan   	nan   	nan   	nan   
100000   	1    	3.964600e-03	1     	2     	4     	8     	14    	24    	48    	92    	176   	327   	587   	989   	1609  	2502  	3672  	5048  	6461  	7694  	8747  	9302  	9371  	8791  	7940  	6807  	5607  	4352  	3258  	2313  	1608  	1093  	687   	413   	223   	115   	58    	28    	16    	9     	4     	nan   	nan   	nan   	nan   	nan   	nan   
100000   	2    	4.734100e-03	1     	2     	4     	8     	16    	32    	61    	113   	205   	350   	605   	977   	1510  	2232  	3146  	4235  	5444  	6660  	7671  	8522  	8938  	8787  	8164  	7451  	6523  	5236  	4088  	2981  	2123  	1444  	942   	612   	411   	228   	122   	73    	39    	22    	11    	5     	2     	3     	1     	nan   	nan   
100000   	3    	4.460600e-03	1     	2     	4     	8     	16    	32    	63    	112   	201   	346   	536   	788   	1119  	1564  	2019  	2547  	3100  	3814  	4621  	5379  	6186  	6795  	7218  	7452  	7387  	7052  	6487  	5734  	4850  	4024  	3132  	2378  	1745  	1242  	839   	544   	323   	168   	89    	49    	20    	9     	3     	1     	1     

