Criação das árvores ordenadas:
n_persons	index	time        
100000   	0    	5.471530e-02
100000   	1    	6.466210e-02
100000   	2    	5.363950e-02
100000   	3    	4.627250e-02

Procura de nós nas árvores:
n_persons	index	time        
100000   	0    	5.077260e-02
100000   	1    	5.936690e-02
100000   	2    	5.544870e-02
100000   	3    	4.773250e-02

Maior profundidade das árvores:
n_persons	index	time        	depth
100000   	0    	4.379600e-03	37   
100000   	1    	4.267200e-03	42   
100000   	2    	5.184200e-03	42   
100000   	3    	4.831600e-03	38   

Número de nós em cada nível:
n_persons	index	time        	lvl0  	lvl1  	lvl2  	lvl3  	lvl4  	lvl5  	lvl6  	lvl7  	lvl8  	lvl9  	lvl10 	lvl11 	lvl12 	lvl13 	lvl14 	lvl15 	lvl16 	lvl17 	lvl18 	lvl19 	lvl20 	lvl21 	lvl22 	lvl23 	lvl24 	lvl25 	lvl26 	lvl27 	lvl28 	lvl29 	lvl30 	lvl31 	lvl32 	lvl33 	lvl34 	lvl35 	lvl36 	lvl37 	lvl38 	lvl39 	lvl40 	lvl41 	lvl42 
100000   	0    	3.835200e-03	1     	2     	4     	8     	16    	32    	64    	126   	229   	414   	716   	1129  	1733  	2576  	3710  	4971  	6263  	7561  	8450  	8962  	9176  	8726  	8054  	7121  	5867  	4605  	3333  	2287  	1570  	985   	582   	368   	188   	101   	49    	14    	4     	3     	nan   	nan   	nan   	nan   	nan   
100000   	1    	3.738200e-03	1     	2     	4     	8     	16    	32    	63    	118   	206   	348   	580   	876   	1356  	1914  	2600  	3474  	4357  	5339  	6205  	6918  	7370  	7720  	7749  	7603  	7005  	6181  	5269  	4399  	3562  	2801  	2076  	1407  	940   	604   	352   	215   	155   	96    	44    	20    	10    	4     	1     
100000   	2    	4.089700e-03	1     	2     	4     	8     	16    	32    	61    	118   	224   	393   	683   	1114  	1740  	2617  	3695  	4923  	6168  	7294  	8137  	8554  	8564  	8131  	7320  	6264  	5228  	4310  	3476  	2699  	2192  	1766  	1386  	1042  	724   	440   	284   	179   	106   	55    	28    	15    	4     	2     	1     
100000   	3    	5.071500e-03	1     	2     	4     	8     	16    	32    	62    	118   	224   	396   	680   	1121  	1772  	2631  	3789  	5024  	6385  	7675  	8604  	9102  	9139  	8738  	7861  	6764  	5591  	4439  	3354  	2333  	1635  	1057  	631   	371   	204   	111   	57    	40    	18    	8     	3     	nan   	nan   	nan   	nan   

