Criação das árvores ordenadas:
n_persons	index	time        
100000   	0    	7.272090e-02
100000   	1    	6.610790e-02
100000   	2    	6.197160e-02
100000   	3    	4.944130e-02

Procura de nós nas árvores:
n_persons	index	time        
100000   	0    	5.736720e-02
100000   	1    	5.958090e-02
100000   	2    	5.549810e-02
100000   	3    	5.576840e-02

Maior profundidade das árvores:
n_persons	index	time        	depth
100000   	0    	4.691800e-03	40   
100000   	1    	5.100100e-03	42   
100000   	2    	5.113600e-03	43   
100000   	3    	4.966100e-03	40   

Número de nós em cada nível:
n_persons	index	time        	lvl0  	lvl1  	lvl2  	lvl3  	lvl4  	lvl5  	lvl6  	lvl7  	lvl8  	lvl9  	lvl10 	lvl11 	lvl12 	lvl13 	lvl14 	lvl15 	lvl16 	lvl17 	lvl18 	lvl19 	lvl20 	lvl21 	lvl22 	lvl23 	lvl24 	lvl25 	lvl26 	lvl27 	lvl28 	lvl29 	lvl30 	lvl31 	lvl32 	lvl33 	lvl34 	lvl35 	lvl36 	lvl37 	lvl38 	lvl39 	lvl40 	lvl41 	lvl42 	lvl43 
100000   	0    	3.855900e-03	1     	2     	4     	8     	14    	28    	54    	105   	201   	365   	641   	1011  	1586  	2300  	3168  	4039  	5083  	6136  	7001  	7757  	8223  	8382  	8083  	7347  	6570  	5609  	4627  	3610  	2761  	1957  	1352  	844   	526   	295   	151   	84    	40    	19    	11    	4     	1     	nan   	nan   	nan   
100000   	1    	3.899200e-03	1     	2     	4     	8     	16    	32    	63    	124   	239   	443   	750   	1255  	1955  	2825  	3871  	4999  	6237  	7412  	8301  	8807  	8847  	8565  	7755  	6738  	5616  	4450  	3415  	2484  	1683  	1138  	759   	467   	279   	177   	109   	70    	38    	31    	17    	10    	5     	2     	1     	nan   
100000   	2    	5.905000e-03	1     	2     	4     	8     	16    	32    	64    	128   	237   	443   	789   	1283  	1968  	2828  	3873  	5086  	6295  	7470  	8406  	9029  	9094  	8842  	8070  	6933  	5737  	4394  	3155  	2198  	1482  	942   	515   	297   	162   	84    	50    	32    	22    	15    	8     	2     	1     	1     	1     	1     
100000   	3    	4.937600e-03	1     	2     	4     	8     	16    	32    	63    	118   	215   	384   	649   	1044  	1625  	2400  	3282  	4273  	5286  	6160  	7037  	7856  	8325  	8489  	8263  	7679  	6809  	5836  	4560  	3340  	2371  	1623  	997   	582   	332   	164   	83    	43    	25    	14    	6     	3     	1     	nan   	nan   	nan   

