Criação das árvores ordenadas:
n_persons	index	time        
100000   	0    	6.341210e-02
100000   	1    	6.476870e-02
100000   	2    	5.546200e-02
100000   	3    	5.068120e-02

Procura de nós nas árvores:
n_persons	index	time        
100000   	0    	5.537160e-02
100000   	1    	6.464500e-02
100000   	2    	6.105650e-02
100000   	3    	5.211100e-02

Maior profundidade das árvores:
n_persons	index	time        	depth
100000   	0    	4.597900e-03	40   
100000   	1    	4.895400e-03	41   
100000   	2    	5.010600e-03	45   
100000   	3    	4.962500e-03	42   

Número de nós em cada nível:
n_persons	index	time        	lvl0  	lvl1  	lvl2  	lvl3  	lvl4  	lvl5  	lvl6  	lvl7  	lvl8  	lvl9  	lvl10 	lvl11 	lvl12 	lvl13 	lvl14 	lvl15 	lvl16 	lvl17 	lvl18 	lvl19 	lvl20 	lvl21 	lvl22 	lvl23 	lvl24 	lvl25 	lvl26 	lvl27 	lvl28 	lvl29 	lvl30 	lvl31 	lvl32 	lvl33 	lvl34 	lvl35 	lvl36 	lvl37 	lvl38 	lvl39 	lvl40 	lvl41 	lvl42 	lvl43 	lvl44 	lvl45 
100000   	0    	4.269500e-03	1     	2     	4     	8     	16    	32    	64    	124   	236   	429   	720   	1169  	1814  	2605  	3511  	4552  	5518  	6434  	7176  	7686  	8004  	7967  	7759  	7174  	6268  	5261  	4300  	3354  	2517  	1792  	1205  	839   	575   	399   	235   	120   	71    	35    	17    	4     	3     	nan   	nan   	nan   	nan   	nan   
100000   	1    	4.292100e-03	1     	2     	4     	8     	16    	32    	63    	126   	242   	442   	783   	1292  	2049  	3023  	4165  	5438  	6713  	7768  	8561  	8871  	8839  	8302  	7560  	6531  	5418  	4361  	3318  	2332  	1562  	989   	554   	305   	158   	77    	48    	27    	9     	4     	4     	1     	1     	1     	nan   	nan   	nan   	nan   
100000   	2    	4.685100e-03	1     	2     	4     	8     	16    	32    	63    	114   	208   	366   	599   	962   	1439  	2056  	2830  	3668  	4527  	5220  	5723  	5994  	6209  	6159  	6137  	6207  	6059  	5715  	5385  	4850  	4304  	3777  	3022  	2384  	1808  	1334  	954   	645   	437   	297   	193   	112   	86    	47    	27    	16    	3     	1     
100000   	3    	4.882500e-03	1     	2     	4     	8     	16    	29    	56    	101   	181   	318   	522   	837   	1271  	1799  	2445  	3185  	4000  	4788  	5491  	6090  	6546  	6912  	7084  	7046  	6938  	6537  	5938  	5107  	4263  	3442  	2634  	2035  	1453  	1059  	746   	498   	312   	163   	78    	31    	18    	11    	5     	nan   	nan   	nan   

