Criação das árvores ordenadas:
n_persons	index	time        
100000   	0    	5.168230e-02
100000   	1    	6.278200e-02
100000   	2    	5.373120e-02
100000   	3    	5.274000e-02

Procura de nós nas árvores:
n_persons	index	time        
100000   	0    	1.547180e-01
100000   	1    	1.284872e-01
100000   	2    	5.984270e-02
100000   	3    	5.173820e-02

Maior profundidade das árvores:
n_persons	index	time        	depth
100000   	0    	5.798700e-03	39   
100000   	1    	5.347700e-03	39   
100000   	2    	6.721900e-03	39   
100000   	3    	6.640300e-03	40   

Número de nós em cada nível:
n_persons	index	time        	lvl0  	lvl1  	lvl2  	lvl3  	lvl4  	lvl5  	lvl6  	lvl7  	lvl8  	lvl9  	lvl10 	lvl11 	lvl12 	lvl13 	lvl14 	lvl15 	lvl16 	lvl17 	lvl18 	lvl19 	lvl20 	lvl21 	lvl22 	lvl23 	lvl24 	lvl25 	lvl26 	lvl27 	lvl28 	lvl29 	lvl30 	lvl31 	lvl32 	lvl33 	lvl34 	lvl35 	lvl36 	lvl37 	lvl38 	lvl39 	lvl40 
100000   	0    	4.755300e-03	1     	2     	4     	8     	16    	32    	62    	122   	237   	443   	821   	1407  	2196  	3274  	4627  	6047  	7444  	8536  	9017  	9143  	8698  	8014  	7076  	5890  	4647  	3601  	2699  	1975  	1461  	968   	616   	391   	233   	127   	73    	42    	25    	17    	5     	3     	nan   
100000   	1    	6.926600e-03	1     	2     	4     	8     	16    	32    	64    	127   	244   	424   	708   	1162  	1842  	2734  	3832  	5014  	6211  	7387  	8431  	9128  	9426  	9003  	8037  	6828  	5444  	4228  	3143  	2315  	1601  	1069  	658   	387   	231   	128   	70    	37    	15    	6     	2     	1     	nan   
100000   	2    	4.706700e-03	1     	2     	4     	8     	16    	32    	64    	121   	228   	413   	703   	1167  	1859  	2720  	3788  	5036  	6313  	7432  	8244  	8773  	8973  	8734  	7987  	6936  	5702  	4480  	3288  	2359  	1681  	1138  	734   	459   	288   	158   	89    	40    	15    	8     	5     	2     	nan   
100000   	3    	4.887000e-03	1     	2     	4     	8     	16    	32    	64    	125   	236   	447   	807   	1361  	2183  	3209  	4373  	5591  	6756  	7621  	8210  	8382  	8471  	7976  	7275  	6350  	5363  	4260  	3359  	2446  	1730  	1233  	831   	557   	361   	199   	77    	41    	27    	10    	3     	2     	1     

