Criação das árvores ordenadas:
n_persons	index	time        
100000   	0    	5.010130e-02
100000   	1    	6.168860e-02
100000   	2    	5.612670e-02
100000   	3    	5.018510e-02

Procura de nós nas árvores:
n_persons	index	time        
100000   	0    	5.754530e-02
100000   	1    	7.161740e-02
100000   	2    	5.937660e-02
100000   	3    	4.976180e-02

Maior profundidade das árvores:
n_persons	index	time        	depth
100000   	0    	4.317100e-03	38   
100000   	1    	4.337400e-03	37   
100000   	2    	5.194900e-03	39   
100000   	3    	4.897600e-03	41   

Número de nós em cada nível:
n_persons	index	time        	lvl0  	lvl1  	lvl2  	lvl3  	lvl4  	lvl5  	lvl6  	lvl7  	lvl8  	lvl9  	lvl10 	lvl11 	lvl12 	lvl13 	lvl14 	lvl15 	lvl16 	lvl17 	lvl18 	lvl19 	lvl20 	lvl21 	lvl22 	lvl23 	lvl24 	lvl25 	lvl26 	lvl27 	lvl28 	lvl29 	lvl30 	lvl31 	lvl32 	lvl33 	lvl34 	lvl35 	lvl36 	lvl37 	lvl38 	lvl39 	lvl40 	lvl41 
100000   	0    	3.936400e-03	1     	2     	4     	8     	16    	32    	64    	125   	237   	437   	775   	1284  	2000  	2875  	4011  	5273  	6582  	7691  	8428  	8719  	8581  	8173  	7534  	6622  	5523  	4423  	3442  	2521  	1825  	1207  	723   	427   	232   	116   	54    	17    	7     	5     	4     	nan   	nan   	nan   
100000   	1    	3.820100e-03	1     	2     	4     	8     	16    	32    	62    	121   	226   	410   	735   	1248  	1994  	3011  	4273  	5677  	7050  	8302  	9069  	9510  	9306  	8590  	7633  	6451  	5102  	3842  	2673  	1801  	1173  	725   	425   	240   	126   	78    	42    	26    	13    	3     	nan   	nan   	nan   	nan   
100000   	2    	4.376100e-03	1     	2     	4     	8     	16    	32    	62    	123   	232   	424   	747   	1216  	1914  	2750  	3775  	4972  	6096  	7127  	7918  	8362  	8520  	8143  	7634  	6764  	5939  	4908  	3869  	2851  	2015  	1378  	915   	568   	347   	192   	102   	47    	14    	7     	4     	2     	nan   	nan   
100000   	3    	4.787600e-03	1     	2     	4     	8     	16    	32    	62    	120   	219   	392   	648   	1015  	1534  	2242  	3080  	4016  	4972  	5991  	6905  	7524  	7866  	8000  	7757  	7166  	6348  	5451  	4688  	3842  	3034  	2291  	1684  	1195  	814   	498   	301   	159   	78    	26    	8     	7     	3     	1     

