Criação das árvores ordenadas:
n_persons	index	time        
100000   	0    	6.064180e-02
100000   	1    	1.106845e-01
100000   	2    	6.655490e-02
100000   	3    	4.773250e-02

Procura de nós nas árvores:
n_persons	index	time        
100000   	0    	5.500350e-02
100000   	1    	6.407590e-02
100000   	2    	5.621560e-02
100000   	3    	4.909790e-02

Maior profundidade das árvores:
n_persons	index	time        	depth
100000   	0    	4.792000e-03	39   
100000   	1    	4.441200e-03	38   
100000   	2    	4.792900e-03	42   
100000   	3    	4.948700e-03	42   

Número de nós em cada nível:
n_persons	index	time        	lvl0  	lvl1  	lvl2  	lvl3  	lvl4  	lvl5  	lvl6  	lvl7  	lvl8  	lvl9  	lvl10 	lvl11 	lvl12 	lvl13 	lvl14 	lvl15 	lvl16 	lvl17 	lvl18 	lvl19 	lvl20 	lvl21 	lvl22 	lvl23 	lvl24 	lvl25 	lvl26 	lvl27 	lvl28 	lvl29 	lvl30 	lvl31 	lvl32 	lvl33 	lvl34 	lvl35 	lvl36 	lvl37 	lvl38 	lvl39 	lvl40 	lvl41 	lvl42 
100000   	0    	4.445300e-03	1     	2     	4     	8     	16    	32    	62    	123   	230   	413   	685   	1126  	1751  	2507  	3417  	4368  	5330  	6229  	7060  	7817  	8213  	8263  	7922  	7225  	6322  	5414  	4316  	3341  	2573  	1852  	1274  	835   	503   	321   	204   	122   	61    	34    	18    	6     	nan   	nan   	nan   
100000   	1    	4.249200e-03	1     	2     	4     	8     	16    	31    	59    	110   	208   	380   	672   	1122  	1778  	2612  	3629  	4710  	5824  	6974  	7923  	8504  	8671  	8481  	7894  	6955  	5914  	4795  	3760  	2875  	2115  	1513  	995   	626   	362   	208   	138   	76    	37    	13    	5     	nan   	nan   	nan   	nan   
100000   	2    	4.577300e-03	1     	2     	4     	8     	16    	30    	54    	98    	173   	300   	518   	855   	1352  	2042  	2852  	3794  	4824  	5977  	7029  	7924  	8469  	8537  	8364  	7631  	6566  	5446  	4355  	3452  	2695  	2070  	1486  	1043  	717   	489   	321   	200   	126   	84    	52    	27    	9     	4     	4     
100000   	3    	4.487100e-03	1     	2     	4     	8     	16    	32    	63    	121   	229   	402   	674   	1078  	1639  	2464  	3400  	4378  	5301  	6131  	6746  	7109  	7372  	7321  	7055  	6695  	6142  	5449  	4731  	4003  	3297  	2559  	1945  	1360  	966   	574   	340   	174   	105   	58    	23    	17    	10    	5     	1     

