Criação das árvores ordenadas:
n_persons	index	time        
100000   	0    	5.332800e-02
100000   	1    	6.447140e-02
100000   	2    	5.784480e-02
100000   	3    	4.894140e-02

Procura de nós nas árvores:
n_persons	index	time        
100000   	0    	5.868380e-02
100000   	1    	6.449380e-02
100000   	2    	9.435910e-02
100000   	3    	9.309630e-02

Maior profundidade das árvores:
n_persons	index	time        	depth
100000   	0    	5.588000e-03	40   
100000   	1    	5.298500e-03	38   
100000   	2    	7.044400e-03	45   
100000   	3    	6.710800e-03	38   

Número de nós em cada nível:
n_persons	index	time        	lvl0  	lvl1  	lvl2  	lvl3  	lvl4  	lvl5  	lvl6  	lvl7  	lvl8  	lvl9  	lvl10 	lvl11 	lvl12 	lvl13 	lvl14 	lvl15 	lvl16 	lvl17 	lvl18 	lvl19 	lvl20 	lvl21 	lvl22 	lvl23 	lvl24 	lvl25 	lvl26 	lvl27 	lvl28 	lvl29 	lvl30 	lvl31 	lvl32 	lvl33 	lvl34 	lvl35 	lvl36 	lvl37 	lvl38 	lvl39 	lvl40 	lvl41 	lvl42 	lvl43 	lvl44 	lvl45 
100000   	0    	4.562500e-03	1     	2     	4     	8     	16    	31    	61    	122   	230   	417   	741   	1192  	1837  	2589  	3402  	4326  	5431  	6263  	7026  	7443  	7845  	7910  	7616  	7017  	6391  	5535  	4596  	3693  	2851  	2006  	1333  	857   	558   	315   	176   	89    	44    	17    	6     	2     	1     	nan   	nan   	nan   	nan   	nan   
100000   	1    	4.453100e-03	1     	2     	4     	8     	16    	32    	64    	126   	239   	437   	760   	1266  	2006  	2923  	4009  	5269  	6386  	7365  	8219  	8704  	8717  	8552  	7820  	6908  	5810  	4662  	3464  	2363  	1537  	983   	585   	327   	195   	106   	64    	40    	22    	8     	1     	nan   	nan   	nan   	nan   	nan   	nan   	nan   
100000   	2    	5.215400e-03	1     	2     	4     	8     	16    	32    	55    	98    	163   	272   	436   	707   	1116  	1671  	2402  	3322  	4424  	5622  	6712  	7620  	8209  	8316  	8067  	7425  	6701  	5735  	4747  	3925  	3200  	2561  	2003  	1526  	1039  	736   	455   	291   	170   	110   	39    	24    	11    	10    	9     	5     	2     	1     
100000   	3    	4.664000e-03	1     	2     	4     	8     	16    	31    	62    	119   	228   	418   	703   	1160  	1807  	2601  	3701  	4888  	6092  	7091  	7830  	8210  	8177  	7966  	7311  	6487  	5641  	4824  	4001  	3163  	2466  	1814  	1281  	802   	513   	312   	151   	71    	39    	8     	1     	nan   	nan   	nan   	nan   	nan   	nan   	nan   

