Criação das árvores ordenadas:
n_persons	index	time        
100000   	0    	6.402100e-02
100000   	1    	6.340620e-02
100000   	2    	5.478080e-02
100000   	3    	4.917720e-02

Procura de nós nas árvores:
n_persons	index	time        
100000   	0    	5.371850e-02
100000   	1    	6.008270e-02
100000   	2    	5.648670e-02
100000   	3    	5.063470e-02

Maior profundidade das árvores:
n_persons	index	time        	depth
100000   	0    	4.544000e-03	40   
100000   	1    	4.417000e-03	36   
100000   	2    	4.862600e-03	38   
100000   	3    	4.970400e-03	40   

Número de nós em cada nível:
n_persons	index	time        	lvl0  	lvl1  	lvl2  	lvl3  	lvl4  	lvl5  	lvl6  	lvl7  	lvl8  	lvl9  	lvl10 	lvl11 	lvl12 	lvl13 	lvl14 	lvl15 	lvl16 	lvl17 	lvl18 	lvl19 	lvl20 	lvl21 	lvl22 	lvl23 	lvl24 	lvl25 	lvl26 	lvl27 	lvl28 	lvl29 	lvl30 	lvl31 	lvl32 	lvl33 	lvl34 	lvl35 	lvl36 	lvl37 	lvl38 	lvl39 	lvl40 
100000   	0    	4.191400e-03	1     	2     	4     	8     	16    	32    	60    	120   	230   	420   	748   	1236  	1912  	2819  	3946  	5228  	6512  	7647  	8562  	9135  	9183  	8763  	7767  	6664  	5440  	4201  	3151  	2219  	1493  	961   	611   	367   	242   	129   	69    	38    	30    	20    	9     	3     	2     
100000   	1    	4.000000e-03	1     	2     	4     	8     	16    	32    	64    	128   	246   	458   	807   	1319  	2033  	2966  	4140  	5390  	6666  	7838  	8739  	9237  	9059  	8696  	7815  	6604  	5270  	4014  	2968  	2073  	1385  	913   	525   	298   	156   	84    	33    	11    	2     	nan   	nan   	nan   	nan   
100000   	2    	4.297500e-03	1     	2     	4     	8     	16    	32    	62    	118   	214   	386   	691   	1171  	1853  	2775  	3952  	5202  	6510  	7623  	8535  	8989  	9068  	8821  	8024  	6963  	5633  	4397  	3151  	2187  	1461  	941   	553   	323   	158   	84    	42    	25    	14    	8     	3     	nan   	nan   
100000   	3    	4.477600e-03	1     	2     	4     	8     	16    	32    	55    	102   	178   	309   	513   	799   	1238  	1821  	2517  	3375  	4366  	5400  	6490  	7445  	8202  	8683  	8803  	8462  	7556  	6405  	5224  	4033  	2898  	2013  	1293  	782   	436   	264   	138   	74    	43    	14    	4     	1     	1     

