Criação das árvores ordenadas:
n_persons	index	time        
100000   	0    	5.136880e-02
100000   	1    	6.254090e-02
100000   	2    	5.445730e-02
100000   	3    	4.670540e-02

Procura de nós nas árvores:
n_persons	index	time        
100000   	0    	5.444450e-02
100000   	1    	6.540420e-02
100000   	2    	5.640440e-02
100000   	3    	5.169010e-02

Maior profundidade das árvores:
n_persons	index	time        	depth
100000   	0    	5.020100e-03	42   
100000   	1    	4.575300e-03	40   
100000   	2    	5.064600e-03	38   
100000   	3    	4.916300e-03	42   

Número de nós em cada nível:
n_persons	index	time        	lvl0  	lvl1  	lvl2  	lvl3  	lvl4  	lvl5  	lvl6  	lvl7  	lvl8  	lvl9  	lvl10 	lvl11 	lvl12 	lvl13 	lvl14 	lvl15 	lvl16 	lvl17 	lvl18 	lvl19 	lvl20 	lvl21 	lvl22 	lvl23 	lvl24 	lvl25 	lvl26 	lvl27 	lvl28 	lvl29 	lvl30 	lvl31 	lvl32 	lvl33 	lvl34 	lvl35 	lvl36 	lvl37 	lvl38 	lvl39 	lvl40 	lvl41 	lvl42 
100000   	0    	4.326100e-03	1     	2     	4     	8     	16    	32    	64    	125   	240   	447   	778   	1280  	1994  	2935  	4113  	5356  	6601  	7570  	8317  	8638  	8579  	8087  	7301  	6314  	5169  	4151  	3291  	2440  	1767  	1297  	943   	666   	466   	341   	248   	166   	107   	64    	44    	19    	10    	6     	3     
100000   	1    	3.894500e-03	1     	2     	4     	8     	16    	31    	62    	123   	231   	409   	678   	1079  	1650  	2423  	3376  	4497  	5687  	6739  	7547  	8002  	8274  	8102  	7668  	6938  	6148  	5252  	4285  	3359  	2542  	1835  	1250  	786   	444   	266   	147   	81    	36    	11    	7     	3     	1     	nan   	nan   
100000   	2    	4.528200e-03	1     	2     	4     	8     	16    	32    	63    	120   	232   	430   	765   	1274  	2000  	2969  	4183  	5470  	6772  	7822  	8677  	9011  	9032  	8509  	7652  	6576  	5257  	3986  	2990  	2137  	1463  	998   	631   	423   	237   	138   	64    	33    	13    	6     	4     	nan   	nan   	nan   	nan   
100000   	3    	4.353900e-03	1     	2     	4     	8     	16    	32    	64    	122   	233   	404   	710   	1214  	1953  	2926  	4121  	5399  	6701  	7751  	8581  	8955  	8942  	8498  	7699  	6598  	5462  	4203  	3113  	2215  	1527  	1015  	689   	419   	215   	107   	53    	23    	7     	5     	5     	3     	2     	2     	1     

