Criação das árvores ordenadas:
n_persons	index	time        
100000   	0    	5.001900e-02
100000   	1    	6.154300e-02
100000   	2    	6.063250e-02
100000   	3    	4.624830e-02

Procura de nós nas árvores:
n_persons	index	time        
100000   	0    	5.185310e-02
100000   	1    	6.414460e-02
100000   	2    	5.643600e-02
100000   	3    	4.919430e-02

Maior profundidade das árvores:
n_persons	index	time        	depth
100000   	0    	4.555200e-03	37   
100000   	1    	4.766900e-03	40   
100000   	2    	5.326600e-03	39   
100000   	3    	5.186800e-03	35   

Número de nós em cada nível:
n_persons	index	time        	lvl0  	lvl1  	lvl2  	lvl3  	lvl4  	lvl5  	lvl6  	lvl7  	lvl8  	lvl9  	lvl10 	lvl11 	lvl12 	lvl13 	lvl14 	lvl15 	lvl16 	lvl17 	lvl18 	lvl19 	lvl20 	lvl21 	lvl22 	lvl23 	lvl24 	lvl25 	lvl26 	lvl27 	lvl28 	lvl29 	lvl30 	lvl31 	lvl32 	lvl33 	lvl34 	lvl35 	lvl36 	lvl37 	lvl38 	lvl39 	lvl40 
100000   	0    	3.877900e-03	1     	2     	4     	8     	16    	32    	64    	125   	234   	419   	723   	1185  	1858  	2732  	3703  	4860  	6016  	7099  	8053  	8704  	8994  	8770  	8193  	7351  	6125  	4841  	3469  	2456  	1628  	1052  	595   	335   	179   	94    	46    	19    	13    	2     	nan   	nan   	nan   
100000   	1    	4.314800e-03	1     	2     	4     	8     	16    	32    	64    	122   	233   	432   	781   	1324  	2144  	3169  	4443  	5894  	7307  	8355  	8997  	9184  	8983  	8315  	7312  	6162  	5013  	3839  	2759  	1908  	1281  	802   	494   	294   	164   	73    	41    	27    	11    	5     	2     	1     	2     
100000   	2    	4.565800e-03	1     	2     	4     	8     	16    	32    	64    	126   	234   	414   	695   	1108  	1657  	2382  	3228  	4259  	5270  	6240  	7182  	7979  	8301  	8354  	7903  	7206  	6419  	5486  	4494  	3428  	2535  	1833  	1225  	793   	518   	291   	157   	83    	45    	16    	8     	4     	nan   
100000   	3    	4.410200e-03	1     	2     	4     	8     	16    	32    	64    	121   	227   	419   	726   	1224  	1955  	2982  	4241  	5568  	7074  	8292  	9234  	9602  	9371  	8703  	7577  	6345  	5074  	3830  	2781  	1869  	1162  	685   	396   	235   	119   	42    	16    	3     	nan   	nan   	nan   	nan   	nan   

