Criação das árvores ordenadas:
n_persons	index	time        
100000   	0    	5.087600e-02
100000   	1    	6.192760e-02
100000   	2    	5.456140e-02
100000   	3    	4.770070e-02

Procura de nós nas árvores:
n_persons	index	time        
100000   	0    	5.305940e-02
100000   	1    	6.238120e-02
100000   	2    	5.687440e-02
100000   	3    	4.947090e-02

Maior profundidade das árvores:
n_persons	index	time        	depth
100000   	0    	4.373200e-03	39   
100000   	1    	4.391700e-03	40   
100000   	2    	5.121100e-03	38   
100000   	3    	4.971300e-03	39   

Número de nós em cada nível:
n_persons	index	time        	lvl0  	lvl1  	lvl2  	lvl3  	lvl4  	lvl5  	lvl6  	lvl7  	lvl8  	lvl9  	lvl10 	lvl11 	lvl12 	lvl13 	lvl14 	lvl15 	lvl16 	lvl17 	lvl18 	lvl19 	lvl20 	lvl21 	lvl22 	lvl23 	lvl24 	lvl25 	lvl26 	lvl27 	lvl28 	lvl29 	lvl30 	lvl31 	lvl32 	lvl33 	lvl34 	lvl35 	lvl36 	lvl37 	lvl38 	lvl39 	lvl40 
100000   	0    	3.895700e-03	1     	2     	4     	8     	16    	32    	63    	123   	233   	409   	664   	1085  	1695  	2516  	3509  	4668  	5929  	7128  	7947  	8447  	8470  	8243  	7696  	6967  	6006  	4953  	3953  	2959  	2161  	1518  	995   	635   	390   	258   	163   	81    	42    	24    	6     	1     	nan   
100000   	1    	3.995500e-03	1     	2     	4     	8     	16    	32    	62    	120   	222   	397   	698   	1126  	1708  	2489  	3439  	4528  	5657  	6753  	7587  	8119  	8471  	8406  	8114  	7231  	6168  	5104  	4091  	3094  	2325  	1592  	980   	622   	384   	211   	111   	62    	28    	20    	10    	5     	3     
100000   	2    	4.637100e-03	1     	2     	4     	8     	16    	31    	56    	111   	209   	379   	646   	1060  	1657  	2428  	3380  	4443  	5618  	6717  	7674  	8453  	8692  	8537  	8083  	7381  	6218  	5091  	4037  	2954  	2159  	1474  	979   	644   	411   	232   	112   	57    	28    	14    	4     	nan   	nan   
100000   	3    	4.408000e-03	1     	2     	4     	8     	16    	32    	60    	116   	216   	383   	657   	1051  	1590  	2287  	3036  	4012  	5095  	6268  	7317  	8092  	8611  	8756  	8351  	7722  	6761  	5463  	4284  	3193  	2328  	1640  	1142  	722   	381   	214   	109   	53    	16    	6     	4     	1     	nan   

