Criação das árvores ordenadas:
n_persons	index	time        
100000   	0    	5.441900e-02
100000   	1    	6.499790e-02
100000   	2    	5.712320e-02
100000   	3    	4.786780e-02

Procura de nós nas árvores:
n_persons	index	time        
100000   	0    	5.561910e-02
100000   	1    	6.559130e-02
100000   	2    	6.375380e-02
100000   	3    	5.158750e-02

Maior profundidade das árvores:
n_persons	index	time        	depth
100000   	0    	4.382900e-03	39   
100000   	1    	4.287100e-03	44   
100000   	2    	5.540000e-03	38   
100000   	3    	4.982100e-03	36   

Número de nós em cada nível:
n_persons	index	time        	lvl0  	lvl1  	lvl2  	lvl3  	lvl4  	lvl5  	lvl6  	lvl7  	lvl8  	lvl9  	lvl10 	lvl11 	lvl12 	lvl13 	lvl14 	lvl15 	lvl16 	lvl17 	lvl18 	lvl19 	lvl20 	lvl21 	lvl22 	lvl23 	lvl24 	lvl25 	lvl26 	lvl27 	lvl28 	lvl29 	lvl30 	lvl31 	lvl32 	lvl33 	lvl34 	lvl35 	lvl36 	lvl37 	lvl38 	lvl39 	lvl40 	lvl41 	lvl42 	lvl43 	lvl44 
100000   	0    	4.200700e-03	1     	2     	4     	8     	16    	32    	64    	127   	244   	449   	785   	1302  	2101  	3123  	4338  	5674  	6986  	8095  	8723  	8903  	8701  	8074  	7278  	6209  	5143  	4104  	3067  	2229  	1548  	1015  	665   	446   	255   	151   	79    	32    	16    	8     	2     	1     	nan   	nan   	nan   	nan   	nan   
100000   	1    	4.649500e-03	1     	2     	4     	8     	16    	30    	57    	105   	196   	352   	614   	1029  	1575  	2333  	3227  	4159  	5178  	6150  	7110  	7775  	8079  	8087  	7647  	7004  	6158  	5190  	4349  	3484  	2650  	2027  	1570  	1167  	844   	615   	420   	295   	201   	120   	76    	37    	32    	16    	8     	2     	1     
100000   	2    	5.604300e-03	1     	2     	4     	8     	16    	31    	59    	114   	218   	395   	711   	1191  	1889  	2815  	3900  	5173  	6516  	7612  	8478  	8907  	8864  	8326  	7469  	6437  	5233  	4099  	3364  	2503  	1836  	1300  	936   	632   	385   	255   	153   	93    	52    	18    	5     	nan   	nan   	nan   	nan   	nan   	nan   
100000   	3    	4.481400e-03	1     	2     	4     	8     	16    	32    	63    	122   	231   	419   	724   	1220  	1892  	2843  	3996  	5279  	6615  	7743  	8459  	8869  	8879  	8426  	7596  	6604  	5419  	4337  	3329  	2372  	1669  	1142  	694   	458   	274   	155   	77    	25    	6     	nan   	nan   	nan   	nan   	nan   	nan   	nan   	nan   

