Criação das árvores ordenadas:
n_persons	index	time        
100000   	0    	5.262520e-02
100000   	1    	6.537450e-02
100000   	2    	5.514320e-02
100000   	3    	5.511360e-02

Procura de nós nas árvores:
n_persons	index	time        
100000   	0    	5.427800e-02
100000   	1    	6.034310e-02
100000   	2    	5.992480e-02
100000   	3    	5.017380e-02

Maior profundidade das árvores:
n_persons	index	time        	depth
100000   	0    	4.665200e-03	43   
100000   	1    	5.075300e-03	38   
100000   	2    	5.382500e-03	41   
100000   	3    	5.389900e-03	43   

Número de nós em cada nível:
n_persons	index	time        	lvl0  	lvl1  	lvl2  	lvl3  	lvl4  	lvl5  	lvl6  	lvl7  	lvl8  	lvl9  	lvl10 	lvl11 	lvl12 	lvl13 	lvl14 	lvl15 	lvl16 	lvl17 	lvl18 	lvl19 	lvl20 	lvl21 	lvl22 	lvl23 	lvl24 	lvl25 	lvl26 	lvl27 	lvl28 	lvl29 	lvl30 	lvl31 	lvl32 	lvl33 	lvl34 	lvl35 	lvl36 	lvl37 	lvl38 	lvl39 	lvl40 	lvl41 	lvl42 	lvl43 
100000   	0    	4.635900e-03	1     	2     	4     	8     	16    	32    	56    	102   	187   	314   	519   	856   	1351  	2033  	2981  	4012  	5141  	6235  	7148  	7879  	8148  	8024  	7614  	7108  	6316  	5554  	4648  	3740  	2976  	2347  	1673  	1144  	741   	439   	252   	159   	104   	56    	37    	22    	12    	6     	2     	1     
100000   	1    	4.364000e-03	1     	2     	4     	8     	16    	30    	58    	113   	204   	350   	572   	877   	1310  	1857  	2588  	3539  	4738  	6062  	7368  	8397  	8954  	9106  	8716  	7961  	7025  	5829  	4522  	3343  	2384  	1590  	1059  	639   	383   	210   	101   	46    	24    	10    	4     	nan   	nan   	nan   	nan   	nan   
100000   	2    	4.464100e-03	1     	2     	4     	8     	16    	32    	61    	110   	200   	357   	598   	987   	1527  	2281  	3247  	4408  	5601  	6846  	7806  	8461  	8684  	8579  	8082  	7287  	6353  	5260  	4087  	3143  	2240  	1512  	987   	566   	333   	165   	90    	37    	19    	12    	5     	4     	1     	1     	nan   	nan   
100000   	3    	4.885800e-03	1     	2     	4     	8     	16    	32    	63    	119   	216   	362   	608   	933   	1389  	1973  	2753  	3708  	4643  	5606  	6623  	7406  	7929  	8155  	8092  	7694  	6884  	5955  	5018  	4113  	3179  	2283  	1585  	1058  	674   	388   	246   	155   	79    	28    	9     	7     	1     	1     	1     	1     

