Criação das árvores ordenadas:
n_persons	index	time        
100000   	0    	5.205520e-02
100000   	1    	6.375950e-02
100000   	2    	5.416580e-02
100000   	3    	4.750750e-02

Procura de nós nas árvores:
n_persons	index	time        
100000   	0    	5.140620e-02
100000   	1    	5.835340e-02
100000   	2    	5.768980e-02
100000   	3    	4.997630e-02

Maior profundidade das árvores:
n_persons	index	time        	depth
100000   	0    	4.958100e-03	37   
100000   	1    	4.380600e-03	38   
100000   	2    	4.925200e-03	38   
100000   	3    	5.170100e-03	39   

Número de nós em cada nível:
n_persons	index	time        	lvl0  	lvl1  	lvl2  	lvl3  	lvl4  	lvl5  	lvl6  	lvl7  	lvl8  	lvl9  	lvl10 	lvl11 	lvl12 	lvl13 	lvl14 	lvl15 	lvl16 	lvl17 	lvl18 	lvl19 	lvl20 	lvl21 	lvl22 	lvl23 	lvl24 	lvl25 	lvl26 	lvl27 	lvl28 	lvl29 	lvl30 	lvl31 	lvl32 	lvl33 	lvl34 	lvl35 	lvl36 	lvl37 	lvl38 	lvl39 
100000   	0    	4.325000e-03	1     	2     	4     	8     	16    	32    	64    	128   	253   	462   	813   	1374  	2194  	3274  	4536  	5971  	7327  	8412  	9167  	9448  	9214  	8368  	7278  	5934  	4689  	3521  	2581  	1771  	1182  	800   	517   	314   	164   	96    	50    	22    	10    	3     	nan   	nan   
100000   	1    	4.074200e-03	1     	2     	4     	8     	16    	32    	64    	123   	230   	413   	708   	1150  	1741  	2519  	3548  	4800  	6127  	7206  	8032  	8637  	8917  	8807  	8102  	7195  	6013  	4760  	3658  	2662  	1845  	1189  	709   	403   	187   	117   	50    	16    	6     	2     	1     	nan   
100000   	2    	4.919200e-03	1     	2     	4     	8     	16    	32    	64    	127   	244   	449   	802   	1339  	2141  	3117  	4258  	5410  	6539  	7610  	8343  	8750  	8762  	8362  	7562  	6501  	5281  	4121  	3192  	2410  	1654  	1154  	750   	448   	256   	146   	74    	38    	21    	10    	2     	nan   
100000   	3    	5.512700e-03	1     	2     	4     	8     	15    	28    	56    	108   	210   	379   	674   	1110  	1782  	2693  	3816  	5017  	6178  	7324  	8260  	8898  	8946  	8660  	8047  	7044  	5887  	4629  	3397  	2436  	1658  	1106  	683   	411   	241   	139   	81    	42    	19    	7     	2     	2     

