Criação das árvores ordenadas:
n_persons	index	time        
100000   	0    	5.354420e-02
100000   	1    	7.909070e-02
100000   	2    	5.728950e-02
100000   	3    	5.984150e-02

Procura de nós nas árvores:
n_persons	index	time        
100000   	0    	8.086180e-02
100000   	1    	6.709890e-02
100000   	2    	6.253560e-02
100000   	3    	5.154100e-02

Maior profundidade das árvores:
n_persons	index	time        	depth
100000   	0    	4.305100e-03	39   
100000   	1    	4.341500e-03	40   
100000   	2    	4.854700e-03	44   
100000   	3    	5.201300e-03	38   

Número de nós em cada nível:
n_persons	index	time        	lvl0  	lvl1  	lvl2  	lvl3  	lvl4  	lvl5  	lvl6  	lvl7  	lvl8  	lvl9  	lvl10 	lvl11 	lvl12 	lvl13 	lvl14 	lvl15 	lvl16 	lvl17 	lvl18 	lvl19 	lvl20 	lvl21 	lvl22 	lvl23 	lvl24 	lvl25 	lvl26 	lvl27 	lvl28 	lvl29 	lvl30 	lvl31 	lvl32 	lvl33 	lvl34 	lvl35 	lvl36 	lvl37 	lvl38 	lvl39 	lvl40 	lvl41 	lvl42 	lvl43 	lvl44 
100000   	0    	3.911600e-03	1     	2     	4     	8     	16    	32    	64    	125   	236   	423   	696   	1120  	1697  	2474  	3357  	4509  	5766  	7036  	8077  	8819  	9123  	8901  	8294  	7267  	5982  	4724  	3519  	2579  	1854  	1302  	814   	537   	307   	194   	91    	34    	10    	3     	2     	1     	nan   	nan   	nan   	nan   	nan   
100000   	1    	3.875000e-03	1     	2     	4     	8     	16    	32    	63    	119   	227   	413   	718   	1187  	1893  	2771  	3895  	5214  	6530  	7718  	8475  	8814  	8824  	8442  	7682  	6624  	5453  	4497  	3432  	2491  	1717  	1099  	657   	408   	239   	156   	80    	49    	31    	14    	3     	1     	1     	nan   	nan   	nan   	nan   
100000   	2    	4.452800e-03	1     	2     	4     	8     	16    	31    	61    	120   	229   	412   	715   	1155  	1777  	2551  	3535  	4647  	5753  	6719  	7514  	8102  	8305  	8132  	7663  	6830  	5796  	4765  	3874  	3034  	2388  	1805  	1364  	949   	696   	423   	254   	138   	87    	58    	30    	22    	15    	8     	6     	4     	2     
100000   	3    	5.022200e-03	1     	2     	4     	8     	16    	32    	64    	125   	238   	424   	712   	1151  	1780  	2601  	3574  	4700  	6005  	7179  	8098  	8575  	8676  	8601  	7918  	6931  	5770  	4696  	3652  	2753  	1967  	1366  	936   	601   	386   	235   	120   	63    	29    	9     	2     	nan   	nan   	nan   	nan   	nan   	nan   

