Criação das árvores ordenadas:
n_persons	index	time        
100000   	0    	5.222580e-02
100000   	1    	6.156660e-02
100000   	2    	5.441020e-02
100000   	3    	5.280420e-02

Procura de nós nas árvores:
n_persons	index	time        
100000   	0    	5.350010e-02
100000   	1    	6.543590e-02
100000   	2    	5.742780e-02
100000   	3    	5.118400e-02

Maior profundidade das árvores:
n_persons	index	time        	depth
100000   	0    	4.291900e-03	43   
100000   	1    	4.304200e-03	40   
100000   	2    	5.212600e-03	37   
100000   	3    	4.970200e-03	38   

Número de nós em cada nível:
n_persons	index	time        	lvl0  	lvl1  	lvl2  	lvl3  	lvl4  	lvl5  	lvl6  	lvl7  	lvl8  	lvl9  	lvl10 	lvl11 	lvl12 	lvl13 	lvl14 	lvl15 	lvl16 	lvl17 	lvl18 	lvl19 	lvl20 	lvl21 	lvl22 	lvl23 	lvl24 	lvl25 	lvl26 	lvl27 	lvl28 	lvl29 	lvl30 	lvl31 	lvl32 	lvl33 	lvl34 	lvl35 	lvl36 	lvl37 	lvl38 	lvl39 	lvl40 	lvl41 	lvl42 	lvl43 
100000   	0    	4.078400e-03	1     	2     	4     	8     	16    	32    	62    	116   	215   	361   	609   	967   	1468  	2105  	3023  	4215  	5488  	6838  	7914  	8560  	8675  	8403  	7647  	6752  	5739  	4692  	3750  	3010  	2342  	1844  	1456  	1107  	794   	567   	400   	279   	204   	145   	80    	47    	29    	24    	8     	2     
100000   	1    	3.759000e-03	1     	2     	4     	8     	16    	30    	57    	105   	177   	306   	524   	863   	1370  	2137  	3131  	4348  	5608  	6760  	7814  	8433  	8636  	8590  	8049  	7212  	6190  	5036  	4148  	3292  	2424  	1644  	1121  	764   	504   	311   	170   	96    	61    	32    	17    	8     	1     	nan   	nan   	nan   
100000   	2    	4.478400e-03	1     	2     	4     	8     	16    	32    	64    	126   	240   	437   	769   	1264  	1962  	2880  	3980  	5196  	6454  	7492  	8334  	8786  	8905  	8639  	7876  	6905  	5650  	4510  	3365  	2403  	1568  	954   	573   	336   	149   	76    	30    	10    	3     	1     	nan   	nan   	nan   	nan   	nan   	nan   
100000   	3    	4.380900e-03	1     	2     	4     	8     	16    	31    	62    	118   	208   	372   	616   	963   	1525  	2272  	3234  	4428  	5631  	6803  	7734  	8405  	8637  	8427  	7931  	7083  	6257  	5183  	4197  	3204  	2349  	1724  	1075  	665   	389   	219   	113   	57    	34    	15    	8     	nan   	nan   	nan   	nan   	nan   

