Criação das árvores ordenadas:
n_persons	index	time        
100000   	0    	5.242540e-02
100000   	1    	6.086830e-02
100000   	2    	5.559180e-02
100000   	3    	4.588020e-02

Procura de nós nas árvores:
n_persons	index	time        
100000   	0    	5.621850e-02
100000   	1    	1.143536e-01
100000   	2    	7.144820e-02
100000   	3    	5.138280e-02

Maior profundidade das árvores:
n_persons	index	time        	depth
100000   	0    	4.326000e-03	47   
100000   	1    	4.336800e-03	41   
100000   	2    	5.126700e-03	42   
100000   	3    	5.284400e-03	39   

Número de nós em cada nível:
n_persons	index	time        	lvl0  	lvl1  	lvl2  	lvl3  	lvl4  	lvl5  	lvl6  	lvl7  	lvl8  	lvl9  	lvl10 	lvl11 	lvl12 	lvl13 	lvl14 	lvl15 	lvl16 	lvl17 	lvl18 	lvl19 	lvl20 	lvl21 	lvl22 	lvl23 	lvl24 	lvl25 	lvl26 	lvl27 	lvl28 	lvl29 	lvl30 	lvl31 	lvl32 	lvl33 	lvl34 	lvl35 	lvl36 	lvl37 	lvl38 	lvl39 	lvl40 	lvl41 	lvl42 	lvl43 	lvl44 	lvl45 	lvl46 	lvl47 
100000   	0    	3.953500e-03	1     	2     	4     	7     	14    	27    	51    	99    	183   	328   	554   	887   	1389  	1998  	2749  	3549  	4437  	5325  	6140  	6810  	7330  	7565  	7385  	7050  	6570  	5759  	4995  	4181  	3364  	2686  	2144  	1659  	1318  	1033  	781   	546   	374   	250   	159   	101   	71    	46    	31    	22    	14    	8     	3     	1     
100000   	1    	3.893000e-03	1     	2     	4     	8     	16    	32    	64    	127   	229   	403   	698   	1153  	1814  	2707  	3746  	5095  	6278  	7466  	8299  	8918  	8892  	8430  	7666  	6730  	5631  	4486  	3424  	2516  	1763  	1205  	827   	541   	343   	220   	124   	62    	39    	21    	11    	5     	3     	1     	nan   	nan   	nan   	nan   	nan   	nan   
100000   	2    	4.575100e-03	1     	2     	4     	8     	16    	32    	64    	125   	237   	428   	734   	1173  	1777  	2592  	3601  	4633  	5585  	6374  	6942  	7180  	7178  	6939  	6523  	6134  	5671  	5232  	4626  	3975  	3345  	2656  	1985  	1476  	1042  	668   	443   	274   	155   	87    	49    	18    	9     	4     	3     	nan   	nan   	nan   	nan   	nan   
100000   	3    	5.716700e-03	1     	2     	4     	8     	16    	32    	63    	124   	244   	461   	839   	1416  	2254  	3390  	4702  	6142  	7560  	8645  	9254  	9459  	9125  	8190  	7022  	5837  	4637  	3615  	2563  	1797  	1138  	683   	397   	207   	91    	44    	17    	9     	4     	3     	2     	3     	nan   	nan   	nan   	nan   	nan   	nan   	nan   	nan   

