Criação das árvores ordenadas:
n_persons	index	time        
100000   	0    	5.333210e-02
100000   	1    	6.184070e-02
100000   	2    	5.632840e-02
100000   	3    	4.665190e-02

Procura de nós nas árvores:
n_persons	index	time        
100000   	0    	5.717970e-02
100000   	1    	6.365510e-02
100000   	2    	6.054730e-02
100000   	3    	5.242200e-02

Maior profundidade das árvores:
n_persons	index	time        	depth
100000   	0    	4.315200e-03	38   
100000   	1    	4.224300e-03	38   
100000   	2    	6.175900e-03	38   
100000   	3    	4.910200e-03	37   

Número de nós em cada nível:
n_persons	index	time        	lvl0  	lvl1  	lvl2  	lvl3  	lvl4  	lvl5  	lvl6  	lvl7  	lvl8  	lvl9  	lvl10 	lvl11 	lvl12 	lvl13 	lvl14 	lvl15 	lvl16 	lvl17 	lvl18 	lvl19 	lvl20 	lvl21 	lvl22 	lvl23 	lvl24 	lvl25 	lvl26 	lvl27 	lvl28 	lvl29 	lvl30 	lvl31 	lvl32 	lvl33 	lvl34 	lvl35 	lvl36 	lvl37 	lvl38 
100000   	0    	3.994900e-03	1     	2     	4     	8     	16    	32    	62    	120   	222   	405   	712   	1203  	1880  	2821  	3960  	5179  	6485  	7646  	8339  	8848  	8740  	8313  	7500  	6547  	5491  	4499  	3446  	2572  	1809  	1181  	811   	517   	294   	165   	90    	46    	20    	13    	1     
100000   	1    	3.958100e-03	1     	2     	4     	8     	16    	32    	64    	123   	231   	415   	697   	1121  	1728  	2485  	3354  	4400  	5505  	6546  	7370  	8053  	8373  	8352  	8058  	7530  	6644  	5430  	4285  	3167  	2201  	1484  	979   	613   	356   	189   	106   	52    	19    	5     	2     
100000   	2    	4.661200e-03	1     	2     	4     	8     	16    	32    	63    	123   	227   	411   	698   	1123  	1683  	2426  	3416  	4525  	5765  	6846  	7851  	8447  	8866  	8911  	8266  	7315  	6181  	4971  	3818  	2765  	2003  	1344  	846   	504   	295   	135   	74    	25    	9     	3     	2     
100000   	3    	4.732500e-03	1     	2     	4     	8     	16    	32    	64    	124   	228   	403   	702   	1197  	1953  	2982  	4246  	5779  	7294  	8618  	9658  	10115 	9844  	8999  	7782  	6136  	4636  	3253  	2241  	1463  	916   	561   	336   	189   	110   	58    	29    	10    	7     	4     	nan   

