Criação das árvores ordenadas:
n_persons	index	time        
100000   	0    	1.783546e-01
100000   	1    	1.034468e-01
100000   	2    	7.516150e-02
100000   	3    	5.312440e-02

Procura de nós nas árvores:
n_persons	index	time        
100000   	0    	5.683920e-02
100000   	1    	7.072450e-02
100000   	2    	6.382850e-02
100000   	3    	5.523470e-02

Maior profundidade das árvores:
n_persons	index	time        	depth
100000   	0    	4.918400e-03	41   
100000   	1    	4.983000e-03	44   
100000   	2    	5.203700e-03	38   
100000   	3    	9.178200e-03	36   

Número de nós em cada nível:
n_persons	index	time        	lvl0  	lvl1  	lvl2  	lvl3  	lvl4  	lvl5  	lvl6  	lvl7  	lvl8  	lvl9  	lvl10 	lvl11 	lvl12 	lvl13 	lvl14 	lvl15 	lvl16 	lvl17 	lvl18 	lvl19 	lvl20 	lvl21 	lvl22 	lvl23 	lvl24 	lvl25 	lvl26 	lvl27 	lvl28 	lvl29 	lvl30 	lvl31 	lvl32 	lvl33 	lvl34 	lvl35 	lvl36 	lvl37 	lvl38 	lvl39 	lvl40 	lvl41 	lvl42 	lvl43 	lvl44 
100000   	0    	5.307500e-03	1     	2     	4     	8     	16    	31    	61    	119   	228   	417   	694   	1118  	1685  	2376  	3256  	4277  	5357  	6472  	7410  	8083  	8336  	8353  	8049  	7442  	6542  	5440  	4387  	3266  	2351  	1612  	1103  	695   	381   	224   	95    	49    	27    	16    	9     	5     	2     	1     	nan   	nan   	nan   
100000   	1    	4.919300e-03	1     	2     	4     	8     	16    	32    	62    	122   	235   	432   	751   	1267  	1903  	2762  	3841  	5043  	6097  	7189  	7882  	8209  	8302  	8105  	7491  	6744  	5839  	4719  	3798  	2915  	2079  	1502  	980   	599   	396   	273   	176   	105   	59    	34    	16    	5     	1     	1     	1     	1     	1     
100000   	2    	8.072300e-03	1     	2     	4     	8     	16    	32    	63    	123   	236   	434   	794   	1350  	2178  	3156  	4420  	5699  	6854  	7766  	8485  	8578  	8528  	8026  	7278  	6337  	5285  	4132  	3128  	2308  	1627  	1147  	779   	524   	320   	187   	105   	54    	23    	11    	2     	nan   	nan   	nan   	nan   	nan   	nan   
100000   	3    	5.440600e-03	1     	2     	4     	8     	16    	32    	62    	122   	232   	424   	745   	1233  	1908  	2840  	3968  	5299  	6581  	7841  	8853  	9540  	9580  	8965  	7903  	6573  	5244  	4022  	2931  	2001  	1337  	827   	463   	239   	110   	56    	21    	12    	5     	nan   	nan   	nan   	nan   	nan   	nan   	nan   	nan   

