Criação das árvores ordenadas:
n_persons	index	time        
100000   	0    	1.034349e-01
100000   	1    	7.554210e-02
100000   	2    	5.606970e-02
100000   	3    	4.905860e-02

Procura de nós nas árvores:
n_persons	index	time        
100000   	0    	5.472090e-02
100000   	1    	6.847620e-02
100000   	2    	6.020550e-02
100000   	3    	5.124830e-02

Maior profundidade das árvores:
n_persons	index	time        	depth
100000   	0    	4.325900e-03	45   
100000   	1    	4.743100e-03	39   
100000   	2    	4.987500e-03	38   
100000   	3    	4.974200e-03	41   

Número de nós em cada nível:
n_persons	index	time        	lvl0  	lvl1  	lvl2  	lvl3  	lvl4  	lvl5  	lvl6  	lvl7  	lvl8  	lvl9  	lvl10 	lvl11 	lvl12 	lvl13 	lvl14 	lvl15 	lvl16 	lvl17 	lvl18 	lvl19 	lvl20 	lvl21 	lvl22 	lvl23 	lvl24 	lvl25 	lvl26 	lvl27 	lvl28 	lvl29 	lvl30 	lvl31 	lvl32 	lvl33 	lvl34 	lvl35 	lvl36 	lvl37 	lvl38 	lvl39 	lvl40 	lvl41 	lvl42 	lvl43 	lvl44 	lvl45 
100000   	0    	3.927600e-03	1     	2     	4     	8     	16    	31    	61    	111   	200   	344   	524   	762   	1080  	1486  	2048  	2751  	3550  	4380  	5255  	6194  	7047  	7793  	8108  	8141  	7906  	7242  	6208  	5042  	4059  	3045  	2206  	1574  	1069  	682   	424   	261   	157   	91    	49    	32    	23    	15    	9     	6     	1     	2     
100000   	1    	4.021600e-03	1     	2     	4     	8     	16    	31    	62    	119   	222   	399   	704   	1173  	1827  	2637  	3622  	4664  	5672  	6598  	7441  	8121  	8408  	8211  	7828  	7144  	6362  	5308  	4223  	3207  	2213  	1507  	936   	584   	349   	186   	108   	60    	33    	7     	2     	1     	nan   	nan   	nan   	nan   	nan   	nan   
100000   	2    	4.847500e-03	1     	2     	4     	8     	16    	32    	62    	119   	235   	428   	753   	1263  	1990  	2969  	4164  	5444  	6684  	7814  	8552  	8920  	8767  	8184  	7433  	6529  	5469  	4371  	3330  	2393  	1618  	1038  	631   	362   	211   	110   	56    	24    	10    	3     	1     	nan   	nan   	nan   	nan   	nan   	nan   	nan   
100000   	3    	4.440400e-03	1     	2     	4     	8     	16    	31    	61    	119   	217   	395   	698   	1151  	1788  	2598  	3613  	4735  	6006  	7219  	8176  	8791  	8853  	8449  	7801  	6847  	5705  	4587  	3625  	2777  	1964  	1398  	885   	555   	373   	245   	134   	80    	50    	29    	8     	3     	2     	1     	nan   	nan   	nan   	nan   

