Criação das árvores ordenadas:
n_persons	index	time        
100000   	0    	5.122700e-02
100000   	1    	6.175680e-02
100000   	2    	5.788400e-02
100000   	3    	4.674830e-02

Procura de nós nas árvores:
n_persons	index	time        
100000   	0    	5.366230e-02
100000   	1    	5.989220e-02
100000   	2    	5.698700e-02
100000   	3    	4.901290e-02

Maior profundidade das árvores:
n_persons	index	time        	depth
100000   	0    	4.833200e-03	38   
100000   	1    	4.674700e-03	40   
100000   	2    	5.079900e-03	41   
100000   	3    	5.273100e-03	39   

Número de nós em cada nível:
n_persons	index	time        	lvl0  	lvl1  	lvl2  	lvl3  	lvl4  	lvl5  	lvl6  	lvl7  	lvl8  	lvl9  	lvl10 	lvl11 	lvl12 	lvl13 	lvl14 	lvl15 	lvl16 	lvl17 	lvl18 	lvl19 	lvl20 	lvl21 	lvl22 	lvl23 	lvl24 	lvl25 	lvl26 	lvl27 	lvl28 	lvl29 	lvl30 	lvl31 	lvl32 	lvl33 	lvl34 	lvl35 	lvl36 	lvl37 	lvl38 	lvl39 	lvl40 	lvl41 
100000   	0    	4.366200e-03	1     	2     	4     	8     	16    	32    	64    	125   	242   	439   	757   	1253  	2017  	2949  	4139  	5567  	7042  	8391  	9287  	9688  	9563  	8750  	7756  	6349  	4947  	3632  	2543  	1698  	1095  	683   	433   	237   	150   	78    	33    	19    	7     	3     	1     	nan   	nan   	nan   
100000   	1    	4.217800e-03	1     	2     	4     	8     	16    	32    	64    	123   	232   	410   	718   	1230  	1983  	3036  	4358  	5863  	7322  	8579  	9455  	9865  	9770  	8952  	7539  	6023  	4574  	3348  	2395  	1540  	1027  	635   	386   	213   	116   	57    	44    	35    	28    	10    	4     	2     	1     	nan   
100000   	2    	4.654000e-03	1     	2     	4     	8     	16    	31    	59    	111   	187   	311   	523   	837   	1297  	1910  	2670  	3592  	4601  	5557  	6425  	7071  	7625  	7871  	7968  	7616  	7001  	6258  	5292  	4461  	3534  	2539  	1764  	1171  	750   	477   	265   	110   	52    	17    	6     	5     	3     	2     
100000   	3    	5.123200e-03	1     	2     	4     	8     	16    	32    	61    	117   	218   	394   	663   	1057  	1586  	2290  	3078  	4083  	5266  	6357  	7363  	8030  	8419  	8344  	7951  	7307  	6403  	5354  	4270  	3283  	2401  	1878  	1400  	962   	652   	377   	198   	96    	52    	19    	7     	1     	nan   	nan   

