Criação das árvores ordenadas:
n_persons	index	time        
100000   	0    	9.243650e-02
100000   	1    	7.850670e-02
100000   	2    	5.710380e-02
100000   	3    	4.686610e-02

Procura de nós nas árvores:
n_persons	index	time        
100000   	0    	5.248710e-02
100000   	1    	6.546530e-02
100000   	2    	5.765290e-02
100000   	3    	4.967780e-02

Maior profundidade das árvores:
n_persons	index	time        	depth
100000   	0    	4.470700e-03	40   
100000   	1    	4.424400e-03	39   
100000   	2    	4.906200e-03	39   
100000   	3    	5.070800e-03	41   

Número de nós em cada nível:
n_persons	index	time        	lvl0  	lvl1  	lvl2  	lvl3  	lvl4  	lvl5  	lvl6  	lvl7  	lvl8  	lvl9  	lvl10 	lvl11 	lvl12 	lvl13 	lvl14 	lvl15 	lvl16 	lvl17 	lvl18 	lvl19 	lvl20 	lvl21 	lvl22 	lvl23 	lvl24 	lvl25 	lvl26 	lvl27 	lvl28 	lvl29 	lvl30 	lvl31 	lvl32 	lvl33 	lvl34 	lvl35 	lvl36 	lvl37 	lvl38 	lvl39 	lvl40 	lvl41 
100000   	0    	3.921600e-03	1     	2     	4     	8     	16    	32    	64    	127   	249   	460   	820   	1365  	2102  	2985  	3979  	5085  	6172  	7145  	7783  	8104  	8065  	7913  	7481  	6733  	5697  	4690  	3718  	2814  	2016  	1442  	1043  	721   	453   	305   	187   	120   	60    	25    	10    	3     	1     	nan   
100000   	1    	3.757900e-03	1     	2     	4     	8     	16    	32    	63    	120   	221   	399   	665   	1081  	1706  	2559  	3685  	5019  	6478  	7778  	8770  	9185  	9216  	8824  	8077  	6807  	5660  	4455  	3252  	2315  	1493  	925   	556   	303   	151   	79    	50    	24    	9     	7     	4     	1     	nan   	nan   
100000   	2    	4.462300e-03	1     	2     	4     	8     	16    	29    	55    	106   	192   	325   	529   	844   	1255  	1848  	2608  	3418  	4400  	5365  	6426  	7343  	7945  	8169  	8241  	7763  	7026  	6029  	5103  	4159  	3234  	2462  	1813  	1296  	850   	527   	315   	160   	88    	34    	10    	2     	nan   	nan   
100000   	3    	4.565500e-03	1     	2     	4     	8     	16    	32    	64    	122   	231   	443   	804   	1385  	2213  	3383  	4740  	6174  	7459  	8506  	9190  	9227  	8767  	7893  	6867  	5912  	4778  	3648  	2686  	1869  	1271  	888   	581   	350   	193   	123   	77    	41    	20    	12    	10    	7     	2     	1     

