Criação das árvores ordenadas:
n_persons	index	time        
100000   	0    	5.149660e-02
100000   	1    	7.852440e-02
100000   	2    	1.086644e-01
100000   	3    	5.675550e-02

Procura de nós nas árvores:
n_persons	index	time        
100000   	0    	5.482360e-02
100000   	1    	6.725100e-02
100000   	2    	5.915960e-02
100000   	3    	5.011190e-02

Maior profundidade das árvores:
n_persons	index	time        	depth
100000   	0    	4.447500e-03	39   
100000   	1    	4.331100e-03	39   
100000   	2    	4.692200e-03	40   
100000   	3    	5.018700e-03	36   

Número de nós em cada nível:
n_persons	index	time        	lvl0  	lvl1  	lvl2  	lvl3  	lvl4  	lvl5  	lvl6  	lvl7  	lvl8  	lvl9  	lvl10 	lvl11 	lvl12 	lvl13 	lvl14 	lvl15 	lvl16 	lvl17 	lvl18 	lvl19 	lvl20 	lvl21 	lvl22 	lvl23 	lvl24 	lvl25 	lvl26 	lvl27 	lvl28 	lvl29 	lvl30 	lvl31 	lvl32 	lvl33 	lvl34 	lvl35 	lvl36 	lvl37 	lvl38 	lvl39 	lvl40 
100000   	0    	3.911000e-03	1     	2     	4     	8     	16    	32    	63    	122   	236   	430   	744   	1264  	2016  	2970  	4182  	5612  	7042  	8171  	9124  	9459  	9191  	8654  	7659  	6253  	5022  	3772  	2734  	1908  	1268  	833   	503   	298   	175   	95    	54    	36    	25    	13    	8     	1     	nan   
100000   	1    	4.172700e-03	1     	2     	4     	8     	16    	32    	64    	125   	223   	383   	622   	975   	1470  	2136  	2934  	3995  	5098  	6364  	7452  	8430  	9029  	9083  	8694  	7853  	6685  	5366  	4060  	2996  	2133  	1435  	941   	593   	364   	207   	119   	65    	26    	12    	3     	2     	nan   
100000   	2    	4.839700e-03	1     	2     	4     	8     	16    	32    	64    	123   	229   	398   	678   	1117  	1772  	2572  	3568  	4810  	6093  	7405  	8360  	9119  	9325  	8929  	8163  	7053  	5886  	4562  	3291  	2322  	1529  	992   	632   	391   	248   	160   	83    	29    	16    	9     	6     	2     	1     
100000   	3    	4.457300e-03	1     	2     	4     	8     	16    	32    	64    	126   	237   	435   	755   	1260  	1994  	3002  	4136  	5604  	7118  	8412  	9372  	9827  	9468  	8672  	7609  	6299  	4907  	3649  	2550  	1767  	1109  	701   	434   	235   	114   	47    	21    	11    	2     	nan   	nan   	nan   	nan   

