Criação das árvores ordenadas:
n_persons	index	time        
100000   	0    	5.221770e-02
100000   	1    	6.281590e-02
100000   	2    	5.512600e-02
100000   	3    	5.095020e-02

Procura de nós nas árvores:
n_persons	index	time        
100000   	0    	6.487800e-02
100000   	1    	8.835620e-02
100000   	2    	1.001330e-01
100000   	3    	6.078090e-02

Maior profundidade das árvores:
n_persons	index	time        	depth
100000   	0    	4.757700e-03	44   
100000   	1    	4.746100e-03	41   
100000   	2    	5.022200e-03	41   
100000   	3    	4.964600e-03	40   

Número de nós em cada nível:
n_persons	index	time        	lvl0  	lvl1  	lvl2  	lvl3  	lvl4  	lvl5  	lvl6  	lvl7  	lvl8  	lvl9  	lvl10 	lvl11 	lvl12 	lvl13 	lvl14 	lvl15 	lvl16 	lvl17 	lvl18 	lvl19 	lvl20 	lvl21 	lvl22 	lvl23 	lvl24 	lvl25 	lvl26 	lvl27 	lvl28 	lvl29 	lvl30 	lvl31 	lvl32 	lvl33 	lvl34 	lvl35 	lvl36 	lvl37 	lvl38 	lvl39 	lvl40 	lvl41 	lvl42 	lvl43 	lvl44 
100000   	0    	4.067900e-03	1     	2     	4     	8     	16    	32    	63    	126   	235   	415   	706   	1137  	1699  	2430  	3238  	4035  	4886  	5724  	6386  	6793  	7141  	7277  	7213  	6989  	6547  	5949  	5136  	4202  	3367  	2640  	1918  	1341  	921   	571   	354   	233   	128   	68    	33    	20    	9     	4     	1     	1     	1     
100000   	1    	4.162900e-03	1     	2     	4     	8     	16    	32    	64    	123   	233   	402   	664   	1046  	1569  	2228  	3047  	3941  	4902  	5948  	6689  	7201  	7545  	7662  	7398  	6913  	6206  	5368  	4536  	3745  	3088  	2533  	2034  	1521  	1132  	821   	571   	348   	223   	127   	66    	29    	11    	3     	nan   	nan   	nan   
100000   	2    	4.576100e-03	1     	2     	4     	8     	16    	32    	61    	117   	204   	376   	637   	1034  	1596  	2337  	3156  	4104  	5149  	6066  	6915  	7610  	8105  	8215  	7899  	7300  	6524  	5597  	4649  	3775  	2910  	2018  	1371  	885   	603   	335   	192   	95    	62    	21    	9     	5     	3     	2     	nan   	nan   	nan   
100000   	3    	4.528800e-03	1     	2     	4     	8     	16    	30    	59    	112   	207   	364   	617   	996   	1533  	2202  	3039  	4065  	5260  	6441  	7438  	8204  	8847  	8838  	8464  	7743  	6714  	5360  	4171  	3161  	2292  	1590  	1000  	603   	313   	153   	83    	36    	17    	10    	5     	1     	1     	nan   	nan   	nan   	nan   

