Criação das árvores ordenadas:
n_persons	index	time        
100000   	0    	6.402220e-02
100000   	1    	7.498260e-02
100000   	2    	1.107569e-01
100000   	3    	1.139883e-01

Procura de nós nas árvores:
n_persons	index	time        
100000   	0    	1.311150e-01
100000   	1    	1.076324e-01
100000   	2    	6.525590e-02
100000   	3    	6.006430e-02

Maior profundidade das árvores:
n_persons	index	time        	depth
100000   	0    	4.690000e-03	43   
100000   	1    	4.623600e-03	40   
100000   	2    	5.169200e-03	39   
100000   	3    	5.346400e-03	42   

Número de nós em cada nível:
n_persons	index	time        	lvl0  	lvl1  	lvl2  	lvl3  	lvl4  	lvl5  	lvl6  	lvl7  	lvl8  	lvl9  	lvl10 	lvl11 	lvl12 	lvl13 	lvl14 	lvl15 	lvl16 	lvl17 	lvl18 	lvl19 	lvl20 	lvl21 	lvl22 	lvl23 	lvl24 	lvl25 	lvl26 	lvl27 	lvl28 	lvl29 	lvl30 	lvl31 	lvl32 	lvl33 	lvl34 	lvl35 	lvl36 	lvl37 	lvl38 	lvl39 	lvl40 	lvl41 	lvl42 	lvl43 
100000   	0    	4.059000e-03	1     	2     	4     	8     	16    	32    	64    	121   	218   	391   	658   	1071  	1649  	2331  	3177  	4154  	5152  	6086  	6911  	7550  	7889  	7885  	7631  	7117  	6377  	5532  	4660  	3695  	2878  	2164  	1551  	1039  	730   	476   	317   	192   	116   	63    	37    	20    	15    	7     	8     	5     
100000   	1    	3.929900e-03	1     	2     	4     	8     	16    	32    	64    	128   	247   	457   	826   	1371  	2155  	3221  	4495  	5849  	7189  	8311  	9078  	9156  	8868  	8094  	7063  	6009  	4878  	3767  	2836  	2001  	1427  	984   	593   	363   	234   	121   	63    	43    	22    	10    	8     	4     	2     	nan   	nan   	nan   
100000   	2    	4.479700e-03	1     	2     	4     	8     	16    	32    	64    	124   	241   	445   	783   	1249  	1925  	2843  	3923  	5122  	6364  	7573  	8400  	8907  	8838  	8512  	7797  	6811  	5602  	4421  	3333  	2372  	1649  	1093  	675   	410   	224   	117   	69    	26    	13    	7     	3     	2     	nan   	nan   	nan   	nan   
100000   	3    	4.730400e-03	1     	2     	4     	8     	16    	31    	60    	111   	188   	303   	478   	751   	1152  	1691  	2412  	3349  	4502  	5787  	7002  	8007  	8711  	8837  	8720  	8027  	7027  	6025  	4783  	3630  	2670  	1870  	1310  	872   	571   	379   	239   	172   	103   	75    	48    	45    	21    	8     	2     	nan   

