Criação das árvores ordenadas:
n_persons	index	time        
100000   	0    	5.284900e-02
100000   	1    	6.377290e-02
100000   	2    	5.648800e-02
100000   	3    	1.218363e-01

Procura de nós nas árvores:
n_persons	index	time        
100000   	0    	8.662710e-02
100000   	1    	7.925330e-02
100000   	2    	6.553570e-02
100000   	3    	5.241930e-02

Maior profundidade das árvores:
n_persons	index	time        	depth
100000   	0    	4.320700e-03	40   
100000   	1    	4.389700e-03	40   
100000   	2    	5.103000e-03	39   
100000   	3    	5.067000e-03	39   

Número de nós em cada nível:
n_persons	index	time        	lvl0  	lvl1  	lvl2  	lvl3  	lvl4  	lvl5  	lvl6  	lvl7  	lvl8  	lvl9  	lvl10 	lvl11 	lvl12 	lvl13 	lvl14 	lvl15 	lvl16 	lvl17 	lvl18 	lvl19 	lvl20 	lvl21 	lvl22 	lvl23 	lvl24 	lvl25 	lvl26 	lvl27 	lvl28 	lvl29 	lvl30 	lvl31 	lvl32 	lvl33 	lvl34 	lvl35 	lvl36 	lvl37 	lvl38 	lvl39 	lvl40 
100000   	0    	3.945100e-03	1     	2     	4     	8     	15    	30    	58    	113   	210   	367   	648   	1041  	1572  	2224  	2999  	3957  	5068  	6057  	7107  	7958  	8473  	8624  	8391  	7727  	6790  	5691  	4507  	3414  	2459  	1707  	1130  	744   	460   	228   	121   	59    	25    	3     	3     	3     	2     
100000   	1    	3.851700e-03	1     	2     	4     	8     	16    	32    	61    	122   	233   	417   	733   	1236  	1903  	2768  	3786  	4903  	6009  	7089  	7942  	8424  	8473  	8366  	7905  	7049  	5880  	4829  	3785  	2836  	1981  	1334  	779   	495   	288   	157   	71    	40    	23    	11    	5     	3     	1     
100000   	2    	4.367700e-03	1     	2     	4     	8     	16    	32    	60    	106   	192   	340   	551   	873   	1281  	1820  	2450  	3272  	4235  	5270  	6244  	7053  	7763  	8098  	8284  	7979  	7348  	6570  	5489  	4474  	3434  	2464  	1665  	1112  	684   	407   	228   	111   	50    	22    	6     	2     	nan   
100000   	3    	4.684900e-03	1     	2     	4     	8     	16    	32    	63    	123   	234   	429   	757   	1291  	2050  	3021  	4164  	5363  	6549  	7689  	8453  	8836  	8840  	8507  	7815  	6733  	5549  	4286  	3246  	2285  	1445  	907   	593   	336   	184   	101   	43    	26    	10    	5     	3     	1     	nan   

