Criação das árvores ordenadas:
n_persons	index	time        
100000   	0    	5.109280e-02
100000   	1    	6.245460e-02
100000   	2    	5.478750e-02
100000   	3    	4.961650e-02

Procura de nós nas árvores:
n_persons	index	time        
100000   	0    	5.352870e-02
100000   	1    	6.506070e-02
100000   	2    	5.811270e-02
100000   	3    	5.984850e-02

Maior profundidade das árvores:
n_persons	index	time        	depth
100000   	0    	5.962700e-03	39   
100000   	1    	7.655900e-03	39   
100000   	2    	8.469400e-03	40   
100000   	3    	7.044700e-03	36   

Número de nós em cada nível:
n_persons	index	time        	lvl0  	lvl1  	lvl2  	lvl3  	lvl4  	lvl5  	lvl6  	lvl7  	lvl8  	lvl9  	lvl10 	lvl11 	lvl12 	lvl13 	lvl14 	lvl15 	lvl16 	lvl17 	lvl18 	lvl19 	lvl20 	lvl21 	lvl22 	lvl23 	lvl24 	lvl25 	lvl26 	lvl27 	lvl28 	lvl29 	lvl30 	lvl31 	lvl32 	lvl33 	lvl34 	lvl35 	lvl36 	lvl37 	lvl38 	lvl39 	lvl40 
100000   	0    	5.103300e-03	1     	2     	4     	8     	16    	32    	64    	123   	234   	416   	711   	1167  	1825  	2727  	3897  	5236  	6635  	7885  	9043  	9557  	9509  	8866  	7950  	6637  	5263  	3907  	2881  	2032  	1364  	823   	510   	294   	172   	104   	58    	24    	16    	5     	1     	1     	nan   
100000   	1    	7.133300e-03	1     	2     	4     	8     	16    	32    	61    	114   	205   	374   	662   	1105  	1732  	2577  	3657  	4822  	5983  	7131  	8023  	8592  	8779  	8550  	7961  	7053  	5966  	4779  	3745  	2776  	1954  	1348  	895   	539   	284   	153   	69    	24    	13    	7     	3     	1     	nan   
100000   	2    	7.230100e-03	1     	2     	4     	8     	16    	32    	63    	122   	230   	424   	749   	1272  	2030  	2980  	4099  	5339  	6576  	7513  	8213  	8577  	8414  	8056  	7290  	6449  	5425  	4564  	3607  	2722  	1973  	1309  	828   	493   	293   	161   	80    	34    	25    	14    	7     	5     	1     
100000   	3    	6.402300e-03	1     	2     	4     	8     	16    	32    	64    	127   	245   	459   	811   	1318  	2037  	2960  	4022  	5293  	6551  	7766  	8515  	8914  	8947  	8526  	7794  	6615  	5531  	4377  	3276  	2310  	1506  	900   	529   	278   	152   	74    	30    	9     	1     	nan   	nan   	nan   	nan   

