Criação das árvores ordenadas:
n_persons	index	time        
100000   	0    	9.564230e-02
100000   	1    	7.734230e-02
100000   	2    	5.657390e-02
100000   	3    	4.719360e-02

Procura de nós nas árvores:
n_persons	index	time        
100000   	0    	5.196250e-02
100000   	1    	6.962250e-02
100000   	2    	5.635510e-02
100000   	3    	5.208320e-02

Maior profundidade das árvores:
n_persons	index	time        	depth
100000   	0    	4.298500e-03	37   
100000   	1    	4.208300e-03	40   
100000   	2    	5.232800e-03	38   
100000   	3    	5.049400e-03	39   

Número de nós em cada nível:
n_persons	index	time        	lvl0  	lvl1  	lvl2  	lvl3  	lvl4  	lvl5  	lvl6  	lvl7  	lvl8  	lvl9  	lvl10 	lvl11 	lvl12 	lvl13 	lvl14 	lvl15 	lvl16 	lvl17 	lvl18 	lvl19 	lvl20 	lvl21 	lvl22 	lvl23 	lvl24 	lvl25 	lvl26 	lvl27 	lvl28 	lvl29 	lvl30 	lvl31 	lvl32 	lvl33 	lvl34 	lvl35 	lvl36 	lvl37 	lvl38 	lvl39 	lvl40 
100000   	0    	3.927400e-03	1     	2     	4     	8     	16    	30    	60    	116   	226   	408   	692   	1138  	1791  	2735  	3800  	5114  	6521  	7863  	8828  	9377  	9302  	8784  	7810  	6637  	5444  	4328  	3223  	2194  	1505  	922   	540   	276   	144   	80    	45    	23    	11    	2     	nan   	nan   	nan   
100000   	1    	3.851100e-03	1     	2     	4     	8     	16    	32    	60    	117   	218   	395   	697   	1159  	1794  	2683  	3705  	4833  	5881  	6860  	7782  	8497  	8756  	8609  	8095  	7159  	5965  	4766  	3632  	2724  	1897  	1311  	868   	582   	383   	246   	147   	71    	23    	16    	4     	1     	1     
100000   	2    	4.652500e-03	1     	2     	4     	8     	16    	32    	61    	114   	201   	354   	589   	939   	1476  	2153  	3034  	4001  	5011  	5888  	6711  	7312  	7581  	7724  	7679  	7257  	6737  	6003  	5312  	4304  	3334  	2433  	1590  	967   	565   	314   	173   	74    	31    	12    	3     	nan   	nan   
100000   	3    	4.472500e-03	1     	2     	4     	8     	16    	32    	64    	122   	233   	424   	706   	1143  	1743  	2529  	3450  	4462  	5583  	6586  	7480  	8074  	8372  	8276  	7765  	6922  	6012  	4978  	4072  	3226  	2490  	1810  	1258  	864   	546   	365   	211   	96    	51    	18    	5     	1     	nan   

