Criação das árvores ordenadas:
n_persons	index	time        
100000   	0    	5.113430e-02
100000   	1    	6.357550e-02
100000   	2    	6.004380e-02
100000   	3    	4.764460e-02

Procura de nós nas árvores:
n_persons	index	time        
100000   	0    	5.435600e-02
100000   	1    	6.320240e-02
100000   	2    	5.936390e-02
100000   	3    	5.129680e-02

Maior profundidade das árvores:
n_persons	index	time        	depth
100000   	0    	4.630800e-03	43   
100000   	1    	4.826000e-03	37   
100000   	2    	5.550800e-03	38   
100000   	3    	5.318200e-03	39   

Número de nós em cada nível:
n_persons	index	time        	lvl0  	lvl1  	lvl2  	lvl3  	lvl4  	lvl5  	lvl6  	lvl7  	lvl8  	lvl9  	lvl10 	lvl11 	lvl12 	lvl13 	lvl14 	lvl15 	lvl16 	lvl17 	lvl18 	lvl19 	lvl20 	lvl21 	lvl22 	lvl23 	lvl24 	lvl25 	lvl26 	lvl27 	lvl28 	lvl29 	lvl30 	lvl31 	lvl32 	lvl33 	lvl34 	lvl35 	lvl36 	lvl37 	lvl38 	lvl39 	lvl40 	lvl41 	lvl42 	lvl43 
100000   	0    	3.936800e-03	1     	2     	4     	8     	15    	27    	53    	102   	192   	345   	581   	982   	1597  	2458  	3496  	4702  	5848  	6930  	7819  	8515  	8552  	8282  	7617  	6898  	5773  	4753  	3809  	3040  	2293  	1739  	1280  	878   	568   	317   	192   	131   	94    	41    	26    	18    	11    	7     	3     	1     
100000   	1    	3.809700e-03	1     	2     	4     	8     	16    	32    	63    	122   	226   	399   	718   	1202  	1928  	2840  	3945  	5078  	6255  	7409  	8224  	8746  	8686  	8278  	7696  	6778  	5787  	4551  	3522  	2602  	1841  	1263  	767   	467   	281   	147   	77    	26    	9     	4     	nan   	nan   	nan   	nan   	nan   	nan   
100000   	2    	4.388600e-03	1     	2     	4     	8     	16    	32    	61    	109   	195   	334   	566   	917   	1476  	2297  	3397  	4778  	6240  	7771  	9022  	9527  	9666  	9272  	8473  	7062  	5736  	4307  	3089  	2119  	1370  	888   	552   	317   	175   	100   	65    	35    	17    	3     	1     	nan   	nan   	nan   	nan   	nan   
100000   	3    	4.860300e-03	1     	2     	4     	8     	16    	32    	64    	124   	230   	417   	716   	1200  	1881  	2794  	3978  	5266  	6433  	7468  	8271  	8855  	8864  	8384  	7545  	6582  	5499  	4484  	3430  	2603  	1813  	1167  	739   	500   	295   	170   	86    	44    	26    	6     	2     	1     	nan   	nan   	nan   	nan   

