Criação das árvores ordenadas:
n_persons	index	time        
100000   	0    	5.228230e-02
100000   	1    	6.249770e-02
100000   	2    	5.572300e-02
100000   	3    	5.014770e-02

Procura de nós nas árvores:
n_persons	index	time        
100000   	0    	5.376900e-02
100000   	1    	6.654860e-02
100000   	2    	6.458120e-02
100000   	3    	5.026780e-02

Maior profundidade das árvores:
n_persons	index	time        	depth
100000   	0    	4.377200e-03	41   
100000   	1    	4.610500e-03	41   
100000   	2    	5.102900e-03	39   
100000   	3    	4.820700e-03	42   

Número de nós em cada nível:
n_persons	index	time        	lvl0  	lvl1  	lvl2  	lvl3  	lvl4  	lvl5  	lvl6  	lvl7  	lvl8  	lvl9  	lvl10 	lvl11 	lvl12 	lvl13 	lvl14 	lvl15 	lvl16 	lvl17 	lvl18 	lvl19 	lvl20 	lvl21 	lvl22 	lvl23 	lvl24 	lvl25 	lvl26 	lvl27 	lvl28 	lvl29 	lvl30 	lvl31 	lvl32 	lvl33 	lvl34 	lvl35 	lvl36 	lvl37 	lvl38 	lvl39 	lvl40 	lvl41 	lvl42 
100000   	0    	5.385000e-03	1     	2     	4     	8     	16    	32    	64    	127   	240   	422   	728   	1171  	1788  	2635  	3610  	4751  	5964  	7185  	8219  	8815  	9094  	8779  	8096  	7052  	5903  	4555  	3425  	2491  	1738  	1230  	803   	483   	274   	134   	83    	40    	19    	10    	5     	2     	1     	1     	nan   
100000   	1    	4.240300e-03	1     	2     	4     	8     	16    	32    	64    	124   	232   	417   	722   	1201  	1873  	2704  	3715  	4871  	6159  	7225  	8095  	8695  	8903  	8517  	7769  	6845  	5786  	4682  	3525  	2587  	1837  	1305  	832   	514   	317   	197   	111   	51    	26    	24    	7     	3     	1     	1     	nan   
100000   	2    	4.466600e-03	1     	2     	4     	8     	16    	32    	64    	121   	213   	376   	612   	997   	1619  	2443  	3467  	4732  	6071  	7337  	8313  	9080  	9189  	8990  	8098  	6980  	5781  	4595  	3484  	2497  	1774  	1144  	737   	482   	308   	191   	116   	69    	29    	15    	11    	2     	nan   	nan   	nan   
100000   	3    	4.470500e-03	1     	2     	4     	8     	16    	31    	59    	117   	221   	395   	698   	1162  	1783  	2544  	3374  	4266  	5078  	5851  	6355  	6647  	6883  	6955  	6842  	6636  	6045  	5498  	4826  	4206  	3555  	2764  	2194  	1665  	1135  	816   	518   	360   	207   	124   	77    	45    	24    	10    	3     

