Criação das árvores ordenadas:
n_persons	index	time        
100000   	0    	5.325460e-02
100000   	1    	6.134300e-02
100000   	2    	5.928920e-02
100000   	3    	4.790020e-02

Procura de nós nas árvores:
n_persons	index	time        
100000   	0    	5.746230e-02
100000   	1    	6.001810e-02
100000   	2    	6.007660e-02
100000   	3    	5.237070e-02

Maior profundidade das árvores:
n_persons	index	time        	depth
100000   	0    	4.393700e-03	42   
100000   	1    	4.253000e-03	39   
100000   	2    	5.094100e-03	39   
100000   	3    	5.053900e-03	42   

Número de nós em cada nível:
n_persons	index	time        	lvl0  	lvl1  	lvl2  	lvl3  	lvl4  	lvl5  	lvl6  	lvl7  	lvl8  	lvl9  	lvl10 	lvl11 	lvl12 	lvl13 	lvl14 	lvl15 	lvl16 	lvl17 	lvl18 	lvl19 	lvl20 	lvl21 	lvl22 	lvl23 	lvl24 	lvl25 	lvl26 	lvl27 	lvl28 	lvl29 	lvl30 	lvl31 	lvl32 	lvl33 	lvl34 	lvl35 	lvl36 	lvl37 	lvl38 	lvl39 	lvl40 	lvl41 	lvl42 
100000   	0    	3.977400e-03	1     	2     	4     	8     	15    	29    	58    	106   	188   	327   	548   	845   	1283  	1847  	2497  	3193  	3973  	4793  	5600  	6270  	6755  	7129  	7452  	7569  	7333  	6894  	6219  	5265  	4195  	3175  	2339  	1567  	1029  	635   	382   	213   	128   	57    	35    	19    	12    	8     	3     
100000   	1    	3.835600e-03	1     	2     	4     	8     	16    	32    	64    	125   	237   	425   	750   	1244  	1951  	2863  	3962  	5326  	6590  	7849  	8650  	9008  	8877  	8358  	7533  	6433  	5277  	4071  	3072  	2277  	1629  	1175  	792   	555   	355   	239   	122   	73    	32    	17    	4     	2     	nan   	nan   	nan   
100000   	2    	5.066100e-03	1     	2     	4     	8     	16    	32    	64    	126   	238   	442   	767   	1257  	1918  	2698  	3641  	4587  	5628  	6591  	7498  	8017  	8177  	8047  	7592  	6880  	6006  	5027  	4020  	3102  	2390  	1769  	1250  	871   	555   	365   	203   	120   	62    	17    	10    	2     	nan   	nan   	nan   
100000   	3    	4.626000e-03	1     	2     	4     	8     	16    	32    	60    	110   	192   	332   	559   	906   	1435  	2173  	3044  	4000  	4983  	5916  	6761  	7372  	7693  	7620  	7360  	6981  	6244  	5381  	4657  	3822  	3149  	2469  	1982  	1499  	1092  	750   	535   	366   	231   	125   	76    	41    	16    	4     	1     

