Criação das árvores ordenadas:
n_persons	index	time        
100000   	0    	5.048590e-02
100000   	1    	6.495680e-02
100000   	2    	5.457450e-02
100000   	3    	4.719850e-02

Procura de nós nas árvores:
n_persons	index	time        
100000   	0    	5.255560e-02
100000   	1    	6.230420e-02
100000   	2    	5.614270e-02
100000   	3    	4.877580e-02

Maior profundidade das árvores:
n_persons	index	time        	depth
100000   	0    	4.429400e-03	38   
100000   	1    	4.322600e-03	38   
100000   	2    	5.047800e-03	40   
100000   	3    	5.405100e-03	39   

Número de nós em cada nível:
n_persons	index	time        	lvl0  	lvl1  	lvl2  	lvl3  	lvl4  	lvl5  	lvl6  	lvl7  	lvl8  	lvl9  	lvl10 	lvl11 	lvl12 	lvl13 	lvl14 	lvl15 	lvl16 	lvl17 	lvl18 	lvl19 	lvl20 	lvl21 	lvl22 	lvl23 	lvl24 	lvl25 	lvl26 	lvl27 	lvl28 	lvl29 	lvl30 	lvl31 	lvl32 	lvl33 	lvl34 	lvl35 	lvl36 	lvl37 	lvl38 	lvl39 	lvl40 
100000   	0    	4.160100e-03	1     	2     	4     	8     	16    	32    	64    	128   	246   	457   	834   	1370  	2152  	3161  	4376  	5584  	6889  	8044  	8905  	9265  	9115  	8481  	7519  	6441  	5222  	3932  	2820  	1914  	1231  	762   	434   	253   	161   	87    	49    	24    	13    	3     	1     	nan   	nan   
100000   	1    	3.842200e-03	1     	2     	4     	8     	16    	31    	62    	119   	230   	427   	748   	1232  	1936  	2873  	4018  	5234  	6559  	7556  	8409  	9046  	9037  	8597  	7914  	6838  	5585  	4281  	3148  	2229  	1556  	1017  	596   	328   	173   	81    	47    	31    	18    	10    	3     	nan   	nan   
100000   	2    	4.436800e-03	1     	2     	4     	8     	16    	31    	61    	102   	177   	300   	472   	756   	1210  	1837  	2725  	3824  	5126  	6382  	7513  	8481  	9044  	9148  	8717  	8025  	6807  	5556  	4331  	3215  	2332  	1566  	992   	574   	328   	183   	80    	43    	15    	6     	7     	1     	2     
100000   	3    	7.055300e-03	1     	2     	4     	8     	16    	32    	62    	121   	227   	413   	732   	1201  	1887  	2792  	3885  	5076  	6202  	7151  	7989  	8414  	8548  	8203  	7702  	6804  	5792  	4715  	3755  	2804  	1965  	1314  	886   	551   	311   	200   	101   	62    	43    	20    	8     	1     	nan   

