Criação das árvores ordenadas:
n_persons	index	time        
65536    	0    	4.117052e-02
65536    	1    	5.604068e-02
65536    	2    	5.239806e-02
65536    	3    	4.917096e-02

Procura de nós nas árvores:
n_persons	index	time        
65536    	0    	5.866150e-02
65536    	1    	6.532183e-02
65536    	2    	5.167677e-02
65536    	3    	4.835981e-02

Maior profundidade das árvores:
n_persons	index	time        	depth
65536    	0    	2.501798e-03	34   
65536    	1    	1.741380e-03	37   
65536    	2    	1.663383e-03	37   
65536    	3    	1.641783e-03	38   

Número de nós em cada nível:
n_persons	index	time        	lvl0  	lvl1  	lvl2  	lvl3  	lvl4  	lvl5  	lvl6  	lvl7  	lvl8  	lvl9  	lvl10 	lvl11 	lvl12 	lvl13 	lvl14 	lvl15 	lvl16 	lvl17 	lvl18 	lvl19 	lvl20 	lvl21 	lvl22 	lvl23 	lvl24 	lvl25 	lvl26 	lvl27 	lvl28 	lvl29 	lvl30 	lvl31 	lvl32 	lvl33 	lvl34 	lvl35 	lvl36 	lvl37 	lvl38 
65536    	0    	1.647804e-03	1     	2     	4     	8     	16    	32    	64    	127   	244   	447   	767   	1203  	1872  	2671  	3620  	4606  	5576  	6278  	6520  	6369  	5893  	5143  	4186  	3236  	2410  	1664  	1129  	681   	385   	204   	93    	49    	26    	9     	1     	nan   	nan   	nan   	nan   
65536    	1    	1.553638e-03	1     	2     	4     	8     	16    	31    	59    	113   	203   	360   	609   	978   	1538  	2190  	2929  	3734  	4541  	5249  	5839  	6133  	5996  	5450  	4738  	4029  	3234  	2469  	1770  	1235  	824   	552   	320   	192   	103   	49    	19    	12    	5     	2     	nan   
65536    	2    	1.668914e-03	1     	2     	4     	8     	16    	32    	64    	119   	213   	375   	652   	1037  	1575  	2254  	3117  	4020  	4865  	5628  	6089  	6218  	6020  	5388  	4695  	3726  	2914  	2193  	1589  	1040  	669   	439   	268   	164   	84    	36    	14    	6     	1     	1     	nan   
65536    	3    	1.652983e-03	1     	2     	4     	8     	16    	32    	64    	125   	232   	418   	718   	1179  	1796  	2538  	3295  	4209  	4947  	5357  	5549  	5465  	5220  	4726  	4132  	3568  	2937  	2336  	1861  	1490  	1084  	824   	568   	351   	212   	135   	74    	38    	15    	9     	1     

