Criação das árvores ordenadas:
n_persons	index	time        
100000   	0    	5.478460e-02
100000   	1    	6.197850e-02
100000   	2    	5.404070e-02
100000   	3    	5.222620e-02

Procura de nós nas árvores:
n_persons	index	time        
100000   	0    	5.320740e-02
100000   	1    	6.119120e-02
100000   	2    	5.855940e-02
100000   	3    	4.868680e-02

Maior profundidade das árvores:
n_persons	index	time        	depth
100000   	0    	4.408100e-03	40   
100000   	1    	4.952000e-03	40   
100000   	2    	5.470000e-03	37   
100000   	3    	4.974600e-03	38   

Número de nós em cada nível:
n_persons	index	time        	lvl0  	lvl1  	lvl2  	lvl3  	lvl4  	lvl5  	lvl6  	lvl7  	lvl8  	lvl9  	lvl10 	lvl11 	lvl12 	lvl13 	lvl14 	lvl15 	lvl16 	lvl17 	lvl18 	lvl19 	lvl20 	lvl21 	lvl22 	lvl23 	lvl24 	lvl25 	lvl26 	lvl27 	lvl28 	lvl29 	lvl30 	lvl31 	lvl32 	lvl33 	lvl34 	lvl35 	lvl36 	lvl37 	lvl38 	lvl39 	lvl40 
100000   	0    	3.905100e-03	1     	2     	4     	8     	14    	26    	51    	96    	189   	350   	633   	1094  	1752  	2643  	3689  	4847  	5960  	7031  	7757  	8331  	8461  	8246  	7721  	6963  	6045  	5087  	3991  	3035  	2096  	1510  	963   	582   	357   	198   	116   	72    	45    	21    	9     	3     	1     
100000   	1    	3.953600e-03	1     	2     	4     	8     	16    	32    	63    	124   	235   	423   	720   	1159  	1834  	2690  	3788  	4962  	6237  	7351  	8129  	8552  	8629  	8262  	7790  	7012  	5866  	4793  	3654  	2676  	1923  	1242  	739   	443   	276   	154   	90    	50    	28    	17    	12    	10    	4     
100000   	2    	4.714400e-03	1     	2     	4     	8     	16    	32    	63    	124   	234   	439   	770   	1294  	2103  	3192  	4463  	5941  	7438  	8607  	9353  	9480  	9058  	8262  	7232  	5902  	4788  	3781  	2646  	1761  	1203  	771   	460   	250   	138   	83    	56    	31    	12    	2     	nan   	nan   	nan   
100000   	3    	4.717100e-03	1     	2     	4     	8     	16    	32    	63    	119   	221   	402   	696   	1159  	1850  	2778  	3871  	5058  	6221  	7198  	7877  	8116  	8119  	7813  	7371  	6678  	5691  	4779  	3879  	3011  	2320  	1643  	1144  	773   	486   	275   	164   	89    	43    	24    	6     	nan   	nan   

