Criação das árvores ordenadas:
n_persons	index	time        
100000   	0    	5.532950e-02
100000   	1    	7.302440e-02
100000   	2    	5.913050e-02
100000   	3    	5.553650e-02

Procura de nós nas árvores:
n_persons	index	time        
100000   	0    	5.754720e-02
100000   	1    	7.369080e-02
100000   	2    	1.155208e-01
100000   	3    	6.374070e-02

Maior profundidade das árvores:
n_persons	index	time        	depth
100000   	0    	4.989800e-03	37   
100000   	1    	4.896400e-03	38   
100000   	2    	5.209500e-03	39   
100000   	3    	5.129100e-03	39   

Número de nós em cada nível:
n_persons	index	time        	lvl0  	lvl1  	lvl2  	lvl3  	lvl4  	lvl5  	lvl6  	lvl7  	lvl8  	lvl9  	lvl10 	lvl11 	lvl12 	lvl13 	lvl14 	lvl15 	lvl16 	lvl17 	lvl18 	lvl19 	lvl20 	lvl21 	lvl22 	lvl23 	lvl24 	lvl25 	lvl26 	lvl27 	lvl28 	lvl29 	lvl30 	lvl31 	lvl32 	lvl33 	lvl34 	lvl35 	lvl36 	lvl37 	lvl38 	lvl39 
100000   	0    	4.654900e-03	1     	2     	4     	8     	16    	32    	64    	128   	243   	459   	802   	1304  	2095  	3107  	4314  	5616  	6840  	7877  	8737  	9169  	9007  	8534  	7500  	6359  	5113  	3997  	2983  	2104  	1433  	936   	583   	309   	154   	84    	53    	22    	7     	4     	nan   	nan   
100000   	1    	4.230500e-03	1     	2     	4     	8     	16    	32    	64    	127   	243   	448   	798   	1326  	2086  	3078  	4257  	5346  	6559  	7599  	8269  	8722  	8766  	8286  	7552  	6571  	5475  	4467  	3374  	2442  	1640  	1051  	615   	372   	218   	105   	51    	18    	8     	3     	1     	nan   
100000   	2    	4.818600e-03	1     	2     	4     	8     	16    	32    	63    	115   	217   	387   	677   	1142  	1817  	2704  	3709  	4864  	6046  	7140  	8062  	8731  	9051  	8760  	8097  	7109  	5805  	4553  	3424  	2554  	1759  	1191  	806   	505   	322   	160   	84    	43    	29    	8     	2     	1     
100000   	3    	5.272600e-03	1     	2     	4     	8     	16    	32    	62    	119   	218   	384   	632   	1014  	1542  	2181  	3067  	4041  	5067  	5991  	6859  	7682  	8084  	8227  	8044  	7454  	6746  	5767  	4757  	3704  	2760  	1977  	1356  	925   	578   	356   	186   	90    	41    	18    	6     	2     

