Criação das árvores ordenadas:
n_persons	index	time        
100000   	0    	5.433150e-02
100000   	1    	6.479370e-02
100000   	2    	6.121360e-02
100000   	3    	4.916990e-02

Procura de nós nas árvores:
n_persons	index	time        
100000   	0    	5.521480e-02
100000   	1    	6.596290e-02
100000   	2    	5.904300e-02
100000   	3    	5.161910e-02

Maior profundidade das árvores:
n_persons	index	time        	depth
100000   	0    	4.654300e-03	39   
100000   	1    	4.580300e-03	38   
100000   	2    	4.918400e-03	40   
100000   	3    	4.966100e-03	41   

Número de nós em cada nível:
n_persons	index	time        	lvl0  	lvl1  	lvl2  	lvl3  	lvl4  	lvl5  	lvl6  	lvl7  	lvl8  	lvl9  	lvl10 	lvl11 	lvl12 	lvl13 	lvl14 	lvl15 	lvl16 	lvl17 	lvl18 	lvl19 	lvl20 	lvl21 	lvl22 	lvl23 	lvl24 	lvl25 	lvl26 	lvl27 	lvl28 	lvl29 	lvl30 	lvl31 	lvl32 	lvl33 	lvl34 	lvl35 	lvl36 	lvl37 	lvl38 	lvl39 	lvl40 	lvl41 
100000   	0    	4.239600e-03	1     	2     	4     	8     	16    	32    	64    	122   	223   	403   	690   	1114  	1718  	2570  	3553  	4720  	5985  	7081  	8041  	8597  	8694  	8398  	7797  	6882  	5988  	4936  	3877  	2958  	2087  	1387  	887   	527   	304   	175   	97    	38    	15    	6     	2     	1     	nan   	nan   
100000   	1    	4.775500e-03	1     	2     	4     	8     	16    	32    	64    	123   	226   	412   	711   	1174  	1840  	2760  	3850  	5040  	6340  	7557  	8363  	8863  	8762  	8423  	7675  	6633  	5585  	4621  	3549  	2563  	1857  	1260  	760   	441   	251   	118   	63    	29    	14    	7     	3     	nan   	nan   	nan   
100000   	2    	4.391400e-03	1     	2     	4     	8     	16    	31    	60    	111   	196   	340   	558   	878   	1339  	2023  	2952  	4119  	5393  	6637  	7692  	8328  	8606  	8549  	8145  	7338  	6413  	5347  	4307  	3321  	2500  	1757  	1192  	789   	461   	278   	154   	85    	38    	19    	9     	3     	1     	nan   
100000   	3    	4.532300e-03	1     	2     	4     	8     	16    	32    	64    	125   	233   	435   	751   	1230  	1933  	2895  	4119  	5542  	7055  	8207  	9062  	9275  	8966  	8178  	7260  	6221  	5115  	4034  	3020  	2141  	1439  	999   	650   	418   	239   	144   	89    	49    	25    	15    	5     	2     	1     	1     

