Criação das árvores ordenadas:
n_persons	index	time        
100000   	0    	5.149030e-02
100000   	1    	6.311230e-02
100000   	2    	1.053980e-01
100000   	3    	6.599540e-02

Procura de nós nas árvores:
n_persons	index	time        
100000   	0    	5.636860e-02
100000   	1    	7.002710e-02
100000   	2    	5.720140e-02
100000   	3    	5.078060e-02

Maior profundidade das árvores:
n_persons	index	time        	depth
100000   	0    	5.048500e-03	38   
100000   	1    	4.558800e-03	41   
100000   	2    	4.879400e-03	42   
100000   	3    	4.849700e-03	39   

Número de nós em cada nível:
n_persons	index	time        	lvl0  	lvl1  	lvl2  	lvl3  	lvl4  	lvl5  	lvl6  	lvl7  	lvl8  	lvl9  	lvl10 	lvl11 	lvl12 	lvl13 	lvl14 	lvl15 	lvl16 	lvl17 	lvl18 	lvl19 	lvl20 	lvl21 	lvl22 	lvl23 	lvl24 	lvl25 	lvl26 	lvl27 	lvl28 	lvl29 	lvl30 	lvl31 	lvl32 	lvl33 	lvl34 	lvl35 	lvl36 	lvl37 	lvl38 	lvl39 	lvl40 	lvl41 	lvl42 
100000   	0    	4.051900e-03	1     	2     	4     	8     	16    	32    	64    	119   	222   	400   	708   	1178  	1870  	2806  	3993  	5265  	6525  	7695  	8675  	9286  	9336  	8872  	8007  	6774  	5354  	4209  	3054  	2116  	1363  	855   	522   	296   	172   	98    	55    	24    	14    	9     	1     	nan   	nan   	nan   	nan   
100000   	1    	5.531100e-03	1     	2     	4     	8     	13    	24    	43    	79    	136   	242   	420   	727   	1205  	1869  	2796  	3881  	5116  	6394  	7481  	8231  	8563  	8564  	8183  	7363  	6548  	5562  	4607  	3657  	2692  	1919  	1352  	935   	627   	362   	190   	99    	48    	30    	18    	5     	2     	2     	nan   
100000   	2    	4.629700e-03	1     	2     	4     	8     	16    	32    	64    	127   	235   	423   	737   	1234  	1939  	2812  	3917  	5078  	6350  	7397  	8311  	8694  	8769  	8427  	7510  	6530  	5461  	4297  	3326  	2498  	1817  	1269  	862   	630   	440   	293   	194   	122   	78    	42    	26    	18    	7     	2     	1     
100000   	3    	4.219400e-03	1     	2     	4     	8     	16    	31    	58    	111   	197   	358   	597   	976   	1577  	2389  	3392  	4639  	5955  	7247  	8379  	9005  	9285  	9187  	8434  	7429  	6083  	4646  	3400  	2385  	1576  	1041  	661   	393   	236   	141   	74    	39    	23    	13    	9     	3     	nan   	nan   	nan   

