Criação das árvores ordenadas:
n_persons	index	time        
100000   	0    	6.134450e-02
100000   	1    	1.037344e-01
100000   	2    	7.900850e-02
100000   	3    	6.001790e-02

Procura de nós nas árvores:
n_persons	index	time        
100000   	0    	6.025160e-02
100000   	1    	7.152500e-02
100000   	2    	6.058050e-02
100000   	3    	6.117750e-02

Maior profundidade das árvores:
n_persons	index	time        	depth
100000   	0    	5.096400e-03	36   
100000   	1    	5.407300e-03	38   
100000   	2    	5.628600e-03	42   
100000   	3    	5.434300e-03	38   

Número de nós em cada nível:
n_persons	index	time        	lvl0  	lvl1  	lvl2  	lvl3  	lvl4  	lvl5  	lvl6  	lvl7  	lvl8  	lvl9  	lvl10 	lvl11 	lvl12 	lvl13 	lvl14 	lvl15 	lvl16 	lvl17 	lvl18 	lvl19 	lvl20 	lvl21 	lvl22 	lvl23 	lvl24 	lvl25 	lvl26 	lvl27 	lvl28 	lvl29 	lvl30 	lvl31 	lvl32 	lvl33 	lvl34 	lvl35 	lvl36 	lvl37 	lvl38 	lvl39 	lvl40 	lvl41 	lvl42 
100000   	0    	5.037100e-03	1     	2     	4     	8     	16    	31    	62    	121   	235   	427   	754   	1226  	1948  	2856  	4009  	5247  	6483  	7594  	8466  	8969  	9015  	8666  	7805  	6660  	5535  	4385  	3230  	2282  	1559  	1032  	660   	364   	202   	87    	35    	19    	5     	nan   	nan   	nan   	nan   	nan   	nan   
100000   	1    	6.536300e-03	1     	2     	4     	8     	16    	32    	61    	116   	217   	377   	627   	1009  	1589  	2392  	3426  	4570  	5885  	7142  	8193  	8811  	9057  	8662  	7942  	7019  	6051  	4834  	3720  	2805  	2014  	1320  	889   	530   	339   	188   	83    	43    	15    	8     	3     	nan   	nan   	nan   	nan   
100000   	2    	4.974000e-03	1     	2     	4     	8     	16    	32    	63    	123   	228   	420   	759   	1281  	2016  	3011  	4214  	5451  	6743  	7708  	8355  	8647  	8631  	8209  	7385  	6456  	5345  	4409  	3475  	2526  	1694  	1166  	733   	444   	242   	115   	38    	22    	10    	7     	4     	3     	2     	1     	1     
100000   	3    	5.128400e-03	1     	2     	4     	8     	16    	32    	64    	126   	239   	433   	727   	1187  	1821  	2690  	3754  	4969  	6301  	7573  	8396  	9029  	9193  	8806  	8010  	6868  	5657  	4464  	3307  	2332  	1570  	1004  	636   	369   	196   	110   	62    	30    	10    	3     	1     	nan   	nan   	nan   	nan   

