Criação das árvores ordenadas:
n_persons	index	time        
100000   	0    	5.184100e-02
100000   	1    	6.311290e-02
100000   	2    	5.481550e-02
100000   	3    	4.797340e-02

Procura de nós nas árvores:
n_persons	index	time        
100000   	0    	5.397630e-02
100000   	1    	6.830060e-02
100000   	2    	5.890070e-02
100000   	3    	5.203320e-02

Maior profundidade das árvores:
n_persons	index	time        	depth
100000   	0    	5.216000e-03	40   
100000   	1    	4.545600e-03	40   
100000   	2    	5.362800e-03	41   
100000   	3    	5.729300e-03	41   

Número de nós em cada nível:
n_persons	index	time        	lvl0  	lvl1  	lvl2  	lvl3  	lvl4  	lvl5  	lvl6  	lvl7  	lvl8  	lvl9  	lvl10 	lvl11 	lvl12 	lvl13 	lvl14 	lvl15 	lvl16 	lvl17 	lvl18 	lvl19 	lvl20 	lvl21 	lvl22 	lvl23 	lvl24 	lvl25 	lvl26 	lvl27 	lvl28 	lvl29 	lvl30 	lvl31 	lvl32 	lvl33 	lvl34 	lvl35 	lvl36 	lvl37 	lvl38 	lvl39 	lvl40 	lvl41 
100000   	0    	4.377000e-03	1     	2     	4     	8     	16    	32    	64    	126   	233   	431   	769   	1283  	1997  	2933  	4083  	5330  	6639  	7832  	8726  	9053  	8754  	8166  	7330  	6344  	5270  	4248  	3245  	2395  	1693  	1178  	809   	448   	260   	148   	72    	38    	23    	9     	6     	1     	1     	nan   
100000   	1    	4.316700e-03	1     	2     	4     	8     	16    	32    	61    	110   	194   	341   	577   	952   	1531  	2303  	3358  	4565  	5811  	6897  	7878  	8490  	8703  	8519  	7991  	7228  	6152  	5025  	4055  	3058  	2229  	1533  	984   	619   	357   	197   	122   	55    	25    	11    	4     	1     	1     	nan   
100000   	2    	4.762500e-03	1     	2     	4     	8     	16    	30    	59    	111   	212   	385   	672   	1105  	1703  	2493  	3426  	4481  	5484  	6405  	7220  	8034  	8490  	8475  	8046  	7206  	6259  	5205  	4170  	3158  	2359  	1589  	1096  	755   	512   	333   	209   	129   	74    	44    	22    	13    	4     	1     
100000   	3    	5.271700e-03	1     	2     	4     	8     	16    	31    	62    	121   	228   	408   	708   	1166  	1821  	2708  	3838  	5046  	6393  	7499  	8426  	8896  	8871  	8318  	7353  	6337  	5216  	4242  	3312  	2572  	1924  	1361  	981   	709   	495   	332   	231   	145   	90    	64    	34    	18    	11    	2     

