Criação das árvores ordenadas:
n_persons	index	time        
100000   	0    	5.194250e-02
100000   	1    	6.355920e-02
100000   	2    	5.409370e-02
100000   	3    	4.731570e-02

Procura de nós nas árvores:
n_persons	index	time        
100000   	0    	5.281670e-02
100000   	1    	1.132995e-01
100000   	2    	8.246670e-02
100000   	3    	5.363960e-02

Maior profundidade das árvores:
n_persons	index	time        	depth
100000   	0    	4.321600e-03	46   
100000   	1    	4.388800e-03	43   
100000   	2    	4.992500e-03	39   
100000   	3    	4.746800e-03	40   

Número de nós em cada nível:
n_persons	index	time        	lvl0  	lvl1  	lvl2  	lvl3  	lvl4  	lvl5  	lvl6  	lvl7  	lvl8  	lvl9  	lvl10 	lvl11 	lvl12 	lvl13 	lvl14 	lvl15 	lvl16 	lvl17 	lvl18 	lvl19 	lvl20 	lvl21 	lvl22 	lvl23 	lvl24 	lvl25 	lvl26 	lvl27 	lvl28 	lvl29 	lvl30 	lvl31 	lvl32 	lvl33 	lvl34 	lvl35 	lvl36 	lvl37 	lvl38 	lvl39 	lvl40 	lvl41 	lvl42 	lvl43 	lvl44 	lvl45 	lvl46 
100000   	0    	3.919700e-03	1     	2     	4     	8     	16    	32    	64    	121   	227   	400   	654   	1048  	1649  	2442  	3379  	4567  	5792  	6987  	7932  	8646  	8918  	8746  	7970  	7018  	5888  	4715  	3610  	2796  	2043  	1454  	1002  	659   	451   	294   	194   	112   	68    	35    	25    	14    	5     	3     	1     	2     	3     	2     	1     
100000   	1    	4.224900e-03	1     	2     	4     	8     	16    	31    	59    	107   	191   	323   	540   	830   	1238  	1705  	2353  	3051  	3938  	4929  	5991  	6882  	7713  	8235  	8411  	8168  	7457  	6453  	5392  	4287  	3357  	2524  	1849  	1354  	953   	637   	415   	252   	150   	96    	52    	29    	8     	4     	4     	1     	nan   	nan   	nan   
100000   	2    	4.410600e-03	1     	2     	4     	8     	16    	32    	64    	126   	238   	444   	806   	1361  	2136  	3198  	4481  	5844  	7118  	8116  	8795  	8971  	8668  	8157  	7207  	6179  	5067  	3987  	3023  	2170  	1511  	987   	588   	328   	172   	92    	53    	27    	12    	7     	3     	1     	nan   	nan   	nan   	nan   	nan   	nan   	nan   
100000   	3    	4.374100e-03	1     	2     	4     	8     	16    	32    	58    	112   	210   	378   	656   	1071  	1672  	2478  	3522  	4615  	5804  	6856  	7754  	8282  	8663  	8679  	8138  	7340  	6119  	4975  	3816  	2910  	2113  	1409  	951   	587   	343   	202   	109   	63    	33    	9     	5     	3     	2     	nan   	nan   	nan   	nan   	nan   	nan   

