Criação das árvores ordenadas:
n_persons	index	time        
100000   	0    	5.617290e-02
100000   	1    	6.782110e-02
100000   	2    	5.947810e-02
100000   	3    	5.287540e-02

Procura de nós nas árvores:
n_persons	index	time        
100000   	0    	6.388460e-02
100000   	1    	7.778650e-02
100000   	2    	6.484820e-02
100000   	3    	5.489790e-02

Maior profundidade das árvores:
n_persons	index	time        	depth
100000   	0    	4.569100e-03	40   
100000   	1    	4.547500e-03	41   
100000   	2    	5.146600e-03	45   
100000   	3    	5.446900e-03	38   

Número de nós em cada nível:
n_persons	index	time        	lvl0  	lvl1  	lvl2  	lvl3  	lvl4  	lvl5  	lvl6  	lvl7  	lvl8  	lvl9  	lvl10 	lvl11 	lvl12 	lvl13 	lvl14 	lvl15 	lvl16 	lvl17 	lvl18 	lvl19 	lvl20 	lvl21 	lvl22 	lvl23 	lvl24 	lvl25 	lvl26 	lvl27 	lvl28 	lvl29 	lvl30 	lvl31 	lvl32 	lvl33 	lvl34 	lvl35 	lvl36 	lvl37 	lvl38 	lvl39 	lvl40 	lvl41 	lvl42 	lvl43 	lvl44 	lvl45 
100000   	0    	4.269300e-03	1     	2     	4     	8     	16    	32    	63    	122   	232   	425   	758   	1290  	2050  	3071  	4269  	5607  	6842  	7808  	8418  	8606  	8503  	8020  	7139  	6117  	5216  	4226  	3312  	2531  	1847  	1282  	895   	596   	326   	197   	89    	39    	22    	11    	3     	3     	2     	nan   	nan   	nan   	nan   	nan   
100000   	1    	4.136600e-03	1     	2     	4     	8     	16    	31    	62    	116   	206   	347   	590   	931   	1392  	2059  	2938  	4057  	5255  	6490  	7619  	8389  	8911  	8848  	8321  	7517  	6364  	5091  	4084  	3107  	2314  	1644  	1175  	876   	547   	346   	181   	88    	40    	18    	8     	4     	2     	1     	nan   	nan   	nan   	nan   
100000   	2    	5.401800e-03	1     	2     	4     	8     	16    	31    	58    	113   	205   	390   	700   	1172  	1858  	2717  	3787  	4953  	6021  	6944  	7680  	8197  	8160  	7707  	7212  	6400  	5558  	4632  	3769  	3058  	2470  	1869  	1414  	1008  	674   	429   	270   	186   	133   	81    	46    	29    	20    	12    	3     	1     	1     	1     
100000   	3    	5.022900e-03	1     	2     	4     	8     	16    	32    	64    	125   	240   	436   	784   	1313  	2020  	2937  	4153  	5507  	6885  	8141  	9027  	9461  	9339  	8652  	7568  	6470  	5129  	3894  	2827  	1963  	1270  	742   	448   	270   	133   	69    	40    	17    	8     	3     	2     	nan   	nan   	nan   	nan   	nan   	nan   	nan   

