Criação das árvores ordenadas:
n_persons	index	time        
100000   	0    	5.065230e-02
100000   	1    	6.236570e-02
100000   	2    	5.489270e-02
100000   	3    	4.697040e-02

Procura de nós nas árvores:
n_persons	index	time        
100000   	0    	5.678160e-02
100000   	1    	6.348380e-02
100000   	2    	5.683040e-02
100000   	3    	5.115390e-02

Maior profundidade das árvores:
n_persons	index	time        	depth
100000   	0    	4.569900e-03	37   
100000   	1    	4.406000e-03	41   
100000   	2    	4.992200e-03	39   
100000   	3    	4.935300e-03	40   

Número de nós em cada nível:
n_persons	index	time        	lvl0  	lvl1  	lvl2  	lvl3  	lvl4  	lvl5  	lvl6  	lvl7  	lvl8  	lvl9  	lvl10 	lvl11 	lvl12 	lvl13 	lvl14 	lvl15 	lvl16 	lvl17 	lvl18 	lvl19 	lvl20 	lvl21 	lvl22 	lvl23 	lvl24 	lvl25 	lvl26 	lvl27 	lvl28 	lvl29 	lvl30 	lvl31 	lvl32 	lvl33 	lvl34 	lvl35 	lvl36 	lvl37 	lvl38 	lvl39 	lvl40 	lvl41 
100000   	0    	4.256100e-03	1     	2     	4     	8     	16    	31    	52    	99    	182   	326   	569   	966   	1598  	2495  	3636  	4996  	6501  	7814  	8824  	9408  	9453  	9097  	8077  	6656  	5306  	4198  	3148  	2327  	1657  	1052  	672   	383   	228   	131   	56    	21    	7     	3     	nan   	nan   	nan   	nan   
100000   	1    	4.063500e-03	1     	2     	4     	8     	16    	30    	60    	117   	221   	388   	665   	1080  	1632  	2344  	3147  	3979  	4897  	5805  	6553  	7129  	7591  	7863  	7894  	7491  	6767  	5893  	4958  	3937  	2957  	2266  	1606  	1071  	654   	394   	235   	152   	93    	45    	27    	15    	9     	4     
100000   	2    	4.235700e-03	1     	2     	4     	8     	16    	32    	63    	121   	223   	385   	635   	1061  	1674  	2499  	3501  	4599  	5704  	6716  	7588  	8150  	8434  	8420  	7947  	7084  	6195  	5117  	4110  	3081  	2240  	1612  	1072  	704   	418   	263   	163   	86    	45    	20    	6     	1     	nan   	nan   
100000   	3    	4.385100e-03	1     	2     	4     	8     	16    	32    	64    	127   	245   	463   	790   	1251  	1927  	2759  	3841  	4950  	6056  	7192  	7994  	8664  	8892  	8628  	7832  	6910  	5693  	4503  	3490  	2508  	1785  	1250  	816   	539   	326   	202   	113   	67    	32    	16    	7     	4     	1     	nan   

