Criação das árvores ordenadas:
n_persons	index	time        
100000   	0    	5.023670e-02
100000   	1    	6.169400e-02
100000   	2    	5.559480e-02
100000   	3    	4.642730e-02

Procura de nós nas árvores:
n_persons	index	time        
100000   	0    	5.255770e-02
100000   	1    	6.078760e-02
100000   	2    	5.588120e-02
100000   	3    	4.825740e-02

Maior profundidade das árvores:
n_persons	index	time        	depth
100000   	0    	4.529900e-03	40   
100000   	1    	4.274300e-03	39   
100000   	2    	4.758100e-03	42   
100000   	3    	4.973700e-03	36   

Número de nós em cada nível:
n_persons	index	time        	lvl0  	lvl1  	lvl2  	lvl3  	lvl4  	lvl5  	lvl6  	lvl7  	lvl8  	lvl9  	lvl10 	lvl11 	lvl12 	lvl13 	lvl14 	lvl15 	lvl16 	lvl17 	lvl18 	lvl19 	lvl20 	lvl21 	lvl22 	lvl23 	lvl24 	lvl25 	lvl26 	lvl27 	lvl28 	lvl29 	lvl30 	lvl31 	lvl32 	lvl33 	lvl34 	lvl35 	lvl36 	lvl37 	lvl38 	lvl39 	lvl40 	lvl41 	lvl42 
100000   	0    	4.536700e-03	1     	2     	4     	8     	15    	26    	49    	95    	160   	269   	448   	720   	1145  	1738  	2497  	3572  	4803  	6136  	7280  	8275  	8862  	8923  	8666  	7935  	6892  	5688  	4535  	3411  	2550  	1811  	1217  	832   	555   	372   	232   	124   	78    	41    	24    	8     	1     	nan   	nan   
100000   	1    	4.103600e-03	1     	2     	4     	8     	15    	29    	57    	106   	187   	324   	564   	955   	1514  	2321  	3360  	4513  	5674  	6792  	7644  	8284  	8466  	8267  	7657  	6981  	6044  	5029  	3997  	3114  	2453  	1906  	1364  	925   	641   	382   	210   	121   	60    	20    	7     	2     	nan   	nan   	nan   
100000   	2    	4.321400e-03	1     	2     	4     	8     	16    	32    	64    	124   	238   	431   	766   	1229  	1876  	2763  	3800  	5021  	6262  	7318  	8123  	8672  	8898  	8495  	7786  	6775  	5762  	4485  	3516  	2482  	1727  	1188  	747   	498   	348   	236   	157   	74    	38    	20    	9     	3     	2     	2     	2     
100000   	3    	4.482700e-03	1     	2     	4     	8     	16    	32    	64    	122   	232   	431   	773   	1311  	2122  	3143  	4412  	5719  	7074  	8218  	9019  	9344  	9318  	8648  	7580  	6357  	4948  	3770  	2693  	1857  	1207  	738   	442   	233   	97    	43    	19    	2     	1     	nan   	nan   	nan   	nan   	nan   	nan   

