Criação das árvores ordenadas:
n_persons	index	time        
100000   	0    	5.077260e-02
100000   	1    	6.338890e-02
100000   	2    	5.498380e-02
100000   	3    	4.689450e-02

Procura de nós nas árvores:
n_persons	index	time        
100000   	0    	5.209850e-02
100000   	1    	6.215390e-02
100000   	2    	5.624840e-02
100000   	3    	5.015550e-02

Maior profundidade das árvores:
n_persons	index	time        	depth
100000   	0    	4.727200e-03	40   
100000   	1    	4.564900e-03	39   
100000   	2    	5.453800e-03	40   
100000   	3    	5.222200e-03	39   

Número de nós em cada nível:
n_persons	index	time        	lvl0  	lvl1  	lvl2  	lvl3  	lvl4  	lvl5  	lvl6  	lvl7  	lvl8  	lvl9  	lvl10 	lvl11 	lvl12 	lvl13 	lvl14 	lvl15 	lvl16 	lvl17 	lvl18 	lvl19 	lvl20 	lvl21 	lvl22 	lvl23 	lvl24 	lvl25 	lvl26 	lvl27 	lvl28 	lvl29 	lvl30 	lvl31 	lvl32 	lvl33 	lvl34 	lvl35 	lvl36 	lvl37 	lvl38 	lvl39 	lvl40 
100000   	0    	4.240200e-03	1     	2     	4     	8     	16    	32    	64    	120   	223   	384   	648   	1021  	1528  	2218  	3095  	4114  	5151  	6190  	7088  	7897  	8525  	8758  	8537  	7774  	6686  	5535  	4397  	3305  	2457  	1686  	1023  	651   	390   	228   	121   	64    	35    	12    	7     	4     	1     
100000   	1    	4.139900e-03	1     	2     	4     	8     	16    	32    	63    	126   	243   	444   	797   	1348  	2136  	3191  	4372  	5666  	6998  	8159  	8982  	9435  	9182  	8419  	7413  	6245  	5058  	3902  	2798  	1942  	1277  	740   	437   	264   	122   	79    	43    	29    	19    	4     	3     	1     	nan   
100000   	2    	5.243400e-03	1     	2     	4     	8     	16    	32    	63    	122   	235   	436   	759   	1265  	1994  	2973  	4150  	5466  	6715  	7898  	8753  	9228  	9116  	8640  	7742  	6467  	5216  	3974  	2950  	2053  	1363  	880   	546   	340   	225   	149   	97    	61    	38    	16    	5     	1     	1     
100000   	3    	4.954300e-03	1     	2     	4     	8     	16    	31    	61    	122   	237   	435   	769   	1266  	1929  	2800  	3847  	4962  	6131  	7202  	7972  	8402  	8486  	8117  	7542  	6702  	5700  	4702  	3713  	2822  	2053  	1404  	971   	668   	432   	272   	112   	64    	28    	9     	5     	1     	nan   

