Criação das árvores ordenadas:
n_persons	index	time        
100000   	0    	5.113620e-02
100000   	1    	6.501000e-02
100000   	2    	5.440970e-02
100000   	3    	4.670200e-02

Procura de nós nas árvores:
n_persons	index	time        
100000   	0    	5.244400e-02
100000   	1    	6.540370e-02
100000   	2    	5.602270e-02
100000   	3    	4.819370e-02

Maior profundidade das árvores:
n_persons	index	time        	depth
100000   	0    	4.230500e-03	36   
100000   	1    	4.689400e-03	39   
100000   	2    	5.055200e-03	39   
100000   	3    	4.848100e-03	38   

Número de nós em cada nível:
n_persons	index	time        	lvl0  	lvl1  	lvl2  	lvl3  	lvl4  	lvl5  	lvl6  	lvl7  	lvl8  	lvl9  	lvl10 	lvl11 	lvl12 	lvl13 	lvl14 	lvl15 	lvl16 	lvl17 	lvl18 	lvl19 	lvl20 	lvl21 	lvl22 	lvl23 	lvl24 	lvl25 	lvl26 	lvl27 	lvl28 	lvl29 	lvl30 	lvl31 	lvl32 	lvl33 	lvl34 	lvl35 	lvl36 	lvl37 	lvl38 	lvl39 
100000   	0    	3.949500e-03	1     	2     	4     	8     	16    	32    	64    	125   	240   	457   	830   	1421  	2261  	3369  	4738  	6299  	7773  	8998  	9655  	9905  	9371  	8353  	7022  	5544  	4220  	3091  	2195  	1509  	986   	668   	403   	228   	111   	59    	27    	10    	5     	nan   	nan   	nan   
100000   	1    	4.392900e-03	1     	2     	4     	8     	16    	32    	64    	123   	237   	422   	704   	1125  	1684  	2399  	3182  	4117  	5096  	6111  	6963  	7643  	8140  	8181  	7855  	7205  	6461  	5551  	4439  	3445  	2645  	1949  	1471  	974   	698   	443   	278   	175   	89    	44    	16    	8     
100000   	2    	4.596400e-03	1     	2     	4     	8     	16    	32    	63    	124   	240   	454   	792   	1342  	2111  	3144  	4281  	5448  	6487  	7581  	8272  	8517  	8429  	8009  	7331  	6441  	5362  	4267  	3343  	2520  	1874  	1347  	887   	573   	354   	190   	92    	39    	15    	5     	2     	1     
100000   	3    	4.452400e-03	1     	2     	4     	8     	16    	32    	64    	121   	217   	396   	675   	1106  	1684  	2527  	3562  	4747  	5887  	6995  	7843  	8444  	8709  	8543  	7808  	6951  	6009  	4954  	3880  	3007  	2100  	1423  	938   	583   	334   	210   	122   	63    	25    	8     	2     	nan   

