Criação das árvores ordenadas:
n_persons	index	time        
100000   	0    	6.070390e-02
100000   	1    	6.357000e-02
100000   	2    	6.660750e-02
100000   	3    	5.140770e-02

Procura de nós nas árvores:
n_persons	index	time        
100000   	0    	5.762070e-02
100000   	1    	6.553170e-02
100000   	2    	5.642160e-02
100000   	3    	4.773670e-02

Maior profundidade das árvores:
n_persons	index	time        	depth
100000   	0    	4.946600e-03	38   
100000   	1    	4.596400e-03	43   
100000   	2    	4.827500e-03	36   
100000   	3    	4.966400e-03	40   

Número de nós em cada nível:
n_persons	index	time        	lvl0  	lvl1  	lvl2  	lvl3  	lvl4  	lvl5  	lvl6  	lvl7  	lvl8  	lvl9  	lvl10 	lvl11 	lvl12 	lvl13 	lvl14 	lvl15 	lvl16 	lvl17 	lvl18 	lvl19 	lvl20 	lvl21 	lvl22 	lvl23 	lvl24 	lvl25 	lvl26 	lvl27 	lvl28 	lvl29 	lvl30 	lvl31 	lvl32 	lvl33 	lvl34 	lvl35 	lvl36 	lvl37 	lvl38 	lvl39 	lvl40 	lvl41 	lvl42 	lvl43 
100000   	0    	4.713900e-03	1     	2     	4     	8     	16    	30    	55    	99    	167   	290   	502   	850   	1321  	2038  	3017  	4155  	5433  	6671  	7718  	8534  	8882  	8745  	8199  	7522  	6567  	5389  	4240  	3216  	2295  	1569  	1023  	647   	369   	214   	118   	46    	28    	16    	4     	nan   	nan   	nan   	nan   	nan   
100000   	1    	4.042700e-03	1     	2     	4     	8     	16    	28    	44    	78    	136   	226   	365   	578   	911   	1354  	1983  	2806  	3722  	4776  	5799  	6871  	7757  	8321  	8518  	8134  	7591  	6813  	5847  	4704  	3747  	2839  	2135  	1517  	1024  	604   	362   	196   	100   	46    	20    	8     	3     	3     	2     	1     
100000   	2    	4.371800e-03	1     	2     	4     	8     	16    	32    	64    	126   	237   	440   	783   	1295  	2076  	3062  	4289  	5693  	6997  	8244  	9086  	9504  	9309  	8775  	7651  	6362  	4881  	3721  	2770  	1861  	1201  	720   	404   	205   	106   	46    	21    	6     	2     	nan   	nan   	nan   	nan   	nan   	nan   	nan   
100000   	3    	4.595500e-03	1     	2     	4     	8     	16    	32    	63    	119   	212   	370   	625   	1038  	1682  	2536  	3576  	4842  	6065  	7278  	8318  	9000  	9197  	8764  	8078  	7064  	5894  	4688  	3484  	2439  	1715  	1131  	681   	437   	282   	160   	96    	51    	28    	16    	5     	2     	1     	nan   	nan   	nan   

