Criação das árvores ordenadas:
n_persons	index	time        
100000   	0    	6.021420e-02
100000   	1    	1.229355e-01
100000   	2    	8.339050e-02
100000   	3    	5.594080e-02

Procura de nós nas árvores:
n_persons	index	time        
100000   	0    	6.540040e-02
100000   	1    	1.037000e-01
100000   	2    	7.054770e-02
100000   	3    	5.840060e-02

Maior profundidade das árvores:
n_persons	index	time        	depth
100000   	0    	4.648800e-03	39   
100000   	1    	4.404500e-03	42   
100000   	2    	7.054300e-03	41   
100000   	3    	5.742800e-03	38   

Número de nós em cada nível:
n_persons	index	time        	lvl0  	lvl1  	lvl2  	lvl3  	lvl4  	lvl5  	lvl6  	lvl7  	lvl8  	lvl9  	lvl10 	lvl11 	lvl12 	lvl13 	lvl14 	lvl15 	lvl16 	lvl17 	lvl18 	lvl19 	lvl20 	lvl21 	lvl22 	lvl23 	lvl24 	lvl25 	lvl26 	lvl27 	lvl28 	lvl29 	lvl30 	lvl31 	lvl32 	lvl33 	lvl34 	lvl35 	lvl36 	lvl37 	lvl38 	lvl39 	lvl40 	lvl41 	lvl42 
100000   	0    	4.129600e-03	1     	2     	4     	8     	16    	32    	64    	126   	242   	454   	824   	1408  	2193  	3257  	4577  	6103  	7489  	8517  	9242  	9351  	9008  	8124  	6978  	5730  	4476  	3439  	2536  	1811  	1296  	924   	627   	411   	277   	171   	120   	78    	49    	23    	8     	4     	nan   	nan   	nan   
100000   	1    	4.077500e-03	1     	2     	4     	8     	16    	32    	62    	120   	223   	397   	689   	1095  	1705  	2559  	3624  	4789  	6085  	7239  	8207  	8921  	9161  	8940  	8283  	7316  	6070  	4650  	3355  	2287  	1534  	950   	622   	381   	259   	153   	104   	59    	38    	24    	17    	8     	4     	6     	1     
100000   	2    	6.480200e-03	1     	2     	4     	8     	16    	32    	64    	127   	237   	430   	745   	1224  	1920  	2846  	3832  	4972  	6164  	7082  	7958  	8611  	8781  	8458  	7764  	6984  	5829  	4654  	3641  	2697  	1862  	1252  	819   	477   	239   	127   	69    	36    	16    	6     	6     	3     	3     	2     	nan   
100000   	3    	4.832800e-03	1     	2     	4     	8     	16    	32    	64    	127   	237   	440   	746   	1230  	1902  	2833  	3938  	5106  	6406  	7470  	8350  	8993  	9250  	8926  	8046  	6930  	5635  	4414  	3176  	2246  	1476  	943   	518   	268   	145   	60    	32    	15    	9     	5     	1     	nan   	nan   	nan   	nan   

