Criação das árvores ordenadas:
n_persons	index	time        
100000   	0    	5.394760e-02
100000   	1    	6.358000e-02
100000   	2    	5.663540e-02
100000   	3    	4.988150e-02

Procura de nós nas árvores:
n_persons	index	time        
100000   	0    	5.227350e-02
100000   	1    	6.052430e-02
100000   	2    	5.699530e-02
100000   	3    	4.980120e-02

Maior profundidade das árvores:
n_persons	index	time        	depth
100000   	0    	4.529100e-03	40   
100000   	1    	4.647500e-03	42   
100000   	2    	4.903300e-03	40   
100000   	3    	4.940700e-03	41   

Número de nós em cada nível:
n_persons	index	time        	lvl0  	lvl1  	lvl2  	lvl3  	lvl4  	lvl5  	lvl6  	lvl7  	lvl8  	lvl9  	lvl10 	lvl11 	lvl12 	lvl13 	lvl14 	lvl15 	lvl16 	lvl17 	lvl18 	lvl19 	lvl20 	lvl21 	lvl22 	lvl23 	lvl24 	lvl25 	lvl26 	lvl27 	lvl28 	lvl29 	lvl30 	lvl31 	lvl32 	lvl33 	lvl34 	lvl35 	lvl36 	lvl37 	lvl38 	lvl39 	lvl40 	lvl41 	lvl42 
100000   	0    	3.941700e-03	1     	2     	4     	8     	16    	32    	64    	127   	246   	451   	810   	1301  	1987  	2807  	3826  	4909  	6003  	7095  	7949  	8503  	8695  	8623  	7945  	7012  	5889  	4630  	3571  	2604  	1872  	1242  	751   	471   	255   	145   	78    	36    	21    	8     	5     	5     	1     	nan   	nan   
100000   	1    	4.181800e-03	1     	2     	4     	8     	16    	32    	63    	122   	227   	407   	683   	1070  	1612  	2372  	3237  	4302  	5312  	6265  	7172  	7802  	8120  	8034  	7753  	7157  	6401  	5502  	4414  	3542  	2686  	1965  	1386  	941   	606   	334   	217   	119   	63    	26    	11    	5     	4     	3     	2     
100000   	2    	4.516900e-03	1     	2     	4     	8     	16    	31    	59    	105   	194   	346   	575   	922   	1487  	2207  	3097  	4188  	5381  	6409  	7279  	7848  	8081  	8088  	7847  	7149  	6285  	5368  	4358  	3476  	2673  	2044  	1509  	1053  	729   	492   	323   	190   	109   	42    	17    	6     	2     	nan   	nan   
100000   	3    	4.636700e-03	1     	2     	4     	8     	16    	32    	61    	116   	216   	390   	669   	1094  	1694  	2405  	3313  	4259  	5274  	6199  	7033  	7821  	8219  	8190  	7893  	7324  	6432  	5471  	4417  	3451  	2554  	1833  	1288  	909   	575   	367   	229   	123   	61    	31    	15    	6     	3     	2     	nan   

