Criação das árvores ordenadas:
n_persons	index	time        
100000   	0    	5.253930e-02
100000   	1    	6.475030e-02
100000   	2    	5.612890e-02
100000   	3    	4.995830e-02

Procura de nós nas árvores:
n_persons	index	time        
100000   	0    	5.911440e-02
100000   	1    	7.235500e-02
100000   	2    	6.339570e-02
100000   	3    	5.794650e-02

Maior profundidade das árvores:
n_persons	index	time        	depth
100000   	0    	4.518500e-03	41   
100000   	1    	4.326400e-03	42   
100000   	2    	5.340300e-03	37   
100000   	3    	5.268200e-03	40   

Número de nós em cada nível:
n_persons	index	time        	lvl0  	lvl1  	lvl2  	lvl3  	lvl4  	lvl5  	lvl6  	lvl7  	lvl8  	lvl9  	lvl10 	lvl11 	lvl12 	lvl13 	lvl14 	lvl15 	lvl16 	lvl17 	lvl18 	lvl19 	lvl20 	lvl21 	lvl22 	lvl23 	lvl24 	lvl25 	lvl26 	lvl27 	lvl28 	lvl29 	lvl30 	lvl31 	lvl32 	lvl33 	lvl34 	lvl35 	lvl36 	lvl37 	lvl38 	lvl39 	lvl40 	lvl41 	lvl42 
100000   	0    	4.016600e-03	1     	2     	4     	8     	16    	31    	62    	118   	227   	425   	749   	1285  	2055  	3072  	4377  	5876  	7345  	8472  	9316  	9443  	9077  	8378  	7273  	6129  	4861  	3731  	2715  	1883  	1204  	770   	466   	293   	153   	75    	43    	24    	17    	11    	4     	3     	3     	3     	nan   
100000   	1    	4.052700e-03	1     	2     	4     	8     	16    	29    	52    	95    	180   	323   	556   	928   	1475  	2226  	3142  	4177  	5274  	6361  	7252  	7824  	8215  	8137  	7798  	7287  	6515  	5563  	4556  	3526  	2654  	1952  	1381  	966   	639   	376   	232   	131   	71    	40    	22    	6     	5     	2     	1     
100000   	2    	4.327200e-03	1     	2     	4     	8     	16    	32    	64    	123   	230   	405   	658   	1007  	1505  	2132  	2935  	3854  	4881  	5914  	6937  	7878  	8458  	8763  	8571  	8056  	7123  	5940  	4710  	3464  	2453  	1618  	1022  	592   	330   	186   	83    	34    	10    	1     	nan   	nan   	nan   	nan   	nan   
100000   	3    	5.006900e-03	1     	2     	4     	8     	16    	32    	64    	125   	235   	440   	763   	1243  	1969  	2952  	4117  	5426  	6738  	7849  	8736  	9023  	8878  	8440  	7541  	6437  	5321  	4222  	3086  	2191  	1478  	1006  	614   	406   	260   	180   	94    	52    	28    	14    	4     	3     	2     	nan   	nan   

