Criação das árvores ordenadas:
n_persons	index	time        
100000   	0    	6.754840e-02
100000   	1    	9.138740e-02
100000   	2    	8.071130e-02
100000   	3    	5.123830e-02

Procura de nós nas árvores:
n_persons	index	time        
100000   	0    	5.322840e-02
100000   	1    	6.087890e-02
100000   	2    	5.493330e-02
100000   	3    	4.976670e-02

Maior profundidade das árvores:
n_persons	index	time        	depth
100000   	0    	5.655500e-03	39   
100000   	1    	5.227400e-03	37   
100000   	2    	5.586600e-03	38   
100000   	3    	6.077700e-03	39   

Número de nós em cada nível:
n_persons	index	time        	lvl0  	lvl1  	lvl2  	lvl3  	lvl4  	lvl5  	lvl6  	lvl7  	lvl8  	lvl9  	lvl10 	lvl11 	lvl12 	lvl13 	lvl14 	lvl15 	lvl16 	lvl17 	lvl18 	lvl19 	lvl20 	lvl21 	lvl22 	lvl23 	lvl24 	lvl25 	lvl26 	lvl27 	lvl28 	lvl29 	lvl30 	lvl31 	lvl32 	lvl33 	lvl34 	lvl35 	lvl36 	lvl37 	lvl38 	lvl39 
100000   	0    	4.465800e-03	1     	2     	4     	8     	16    	32    	63    	119   	209   	364   	622   	992   	1490  	2208  	3095  	4167  	5351  	6350  	7408  	8177  	8614  	8818  	8411  	7639  	6622  	5488  	4266  	3228  	2314  	1522  	988   	645   	363   	198   	110   	55    	28    	9     	2     	2     
100000   	1    	4.692000e-03	1     	2     	4     	8     	16    	32    	62    	116   	214   	385   	663   	1103  	1723  	2552  	3650  	4871  	6267  	7485  	8504  	9231  	9245  	8899  	8102  	6951  	5740  	4497  	3234  	2270  	1500  	980   	660   	421   	267   	170   	94    	58    	21    	2     	nan   	nan   
100000   	2    	5.147200e-03	1     	2     	4     	8     	16    	32    	64    	124   	232   	410   	699   	1158  	1859  	2835  	3993  	5358  	6786  	7954  	8887  	9212  	9076  	8495  	7578  	6419  	5266  	4129  	3113  	2251  	1572  	1050  	633   	369   	216   	109   	50    	25    	10    	4     	1     	nan   
100000   	3    	5.963400e-03	1     	2     	4     	8     	16    	32    	64    	127   	243   	441   	769   	1292  	2016  	2993  	4207  	5467  	6726  	7822  	8476  	8823  	8678  	8198  	7319  	6209  	5143  	4131  	3164  	2439  	1741  	1228  	827   	540   	353   	224   	113   	76    	46    	26    	10    	6     

