Criação das árvores ordenadas:
n_persons	index	time        
100000   	0    	4.986880e-02
100000   	1    	6.174190e-02
100000   	2    	5.421250e-02
100000   	3    	4.692090e-02

Procura de nós nas árvores:
n_persons	index	time        
100000   	0    	5.471950e-02
100000   	1    	6.992660e-02
100000   	2    	5.598830e-02
100000   	3    	4.881400e-02

Maior profundidade das árvores:
n_persons	index	time        	depth
100000   	0    	4.544200e-03	39   
100000   	1    	4.862400e-03	42   
100000   	2    	5.376700e-03	44   
100000   	3    	5.028400e-03	40   

Número de nós em cada nível:
n_persons	index	time        	lvl0  	lvl1  	lvl2  	lvl3  	lvl4  	lvl5  	lvl6  	lvl7  	lvl8  	lvl9  	lvl10 	lvl11 	lvl12 	lvl13 	lvl14 	lvl15 	lvl16 	lvl17 	lvl18 	lvl19 	lvl20 	lvl21 	lvl22 	lvl23 	lvl24 	lvl25 	lvl26 	lvl27 	lvl28 	lvl29 	lvl30 	lvl31 	lvl32 	lvl33 	lvl34 	lvl35 	lvl36 	lvl37 	lvl38 	lvl39 	lvl40 	lvl41 	lvl42 	lvl43 	lvl44 
100000   	0    	4.258800e-03	1     	2     	4     	8     	16    	32    	62    	119   	221   	395   	705   	1159  	1820  	2671  	3847  	5117  	6414  	7613  	8526  	9029  	9046  	8835  	8132  	6866  	5698  	4361  	3211  	2275  	1504  	954   	606   	364   	195   	115   	46    	19    	8     	2     	1     	1     	nan   	nan   	nan   	nan   	nan   
100000   	1    	4.508600e-03	1     	2     	4     	8     	16    	31    	60    	117   	226   	417   	734   	1200  	1817  	2604  	3514  	4474  	5464  	6443  	7295  	7921  	8183  	8116  	7771  	7017  	6101  	5100  	4098  	3204  	2389  	1769  	1334  	943   	660   	428   	262   	148   	77    	31    	12    	4     	2     	1     	2     	nan   	nan   
100000   	2    	4.970000e-03	1     	2     	4     	8     	16    	32    	64    	128   	248   	454   	803   	1305  	2003  	2929  	4018  	5247  	6443  	7591  	8476  	8983  	9008  	8467  	7478  	6312  	5078  	4025  	3088  	2317  	1751  	1258  	855   	584   	376   	240   	157   	102   	65    	36    	23    	11    	5     	4     	2     	2     	1     
100000   	3    	5.106100e-03	1     	2     	4     	8     	16    	32    	63    	124   	230   	425   	735   	1233  	1903  	2737  	3816  	4998  	6250  	7386  	8227  	8637  	8650  	8379  	7673  	6682  	5653  	4497  	3496  	2614  	1882  	1286  	876   	576   	381   	254   	143   	66    	34    	16    	10    	4     	1     	nan   	nan   	nan   	nan   

