Criação das árvores ordenadas:
n_persons	index	time        
100000   	0    	5.253170e-02
100000   	1    	6.070570e-02
100000   	2    	5.432750e-02
100000   	3    	4.817130e-02

Procura de nós nas árvores:
n_persons	index	time        
100000   	0    	5.287450e-02
100000   	1    	6.496930e-02
100000   	2    	5.719230e-02
100000   	3    	5.019290e-02

Maior profundidade das árvores:
n_persons	index	time        	depth
100000   	0    	4.231700e-03	38   
100000   	1    	4.354800e-03	36   
100000   	2    	4.895600e-03	39   
100000   	3    	4.864600e-03	41   

Número de nós em cada nível:
n_persons	index	time        	lvl0  	lvl1  	lvl2  	lvl3  	lvl4  	lvl5  	lvl6  	lvl7  	lvl8  	lvl9  	lvl10 	lvl11 	lvl12 	lvl13 	lvl14 	lvl15 	lvl16 	lvl17 	lvl18 	lvl19 	lvl20 	lvl21 	lvl22 	lvl23 	lvl24 	lvl25 	lvl26 	lvl27 	lvl28 	lvl29 	lvl30 	lvl31 	lvl32 	lvl33 	lvl34 	lvl35 	lvl36 	lvl37 	lvl38 	lvl39 	lvl40 	lvl41 
100000   	0    	3.981100e-03	1     	2     	4     	8     	16    	31    	60    	115   	212   	387   	688   	1130  	1781  	2654  	3752  	4980  	6051  	7078  	7971  	8527  	8674  	8398  	7867  	6975  	6044  	4881  	3875  	2788  	1920  	1236  	802   	492   	286   	158   	90    	44    	16    	5     	1     	nan   	nan   	nan   
100000   	1    	3.890400e-03	1     	2     	4     	8     	16    	32    	62    	122   	237   	439   	775   	1301  	2026  	3050  	4205  	5486  	6841  	7991  	8804  	9202  	9217  	8624  	7723  	6540  	5330  	4039  	2995  	2014  	1289  	767   	436   	229   	102   	53    	25    	9     	4     	nan   	nan   	nan   	nan   	nan   
100000   	2    	4.407200e-03	1     	2     	4     	8     	16    	30    	57    	106   	195   	336   	578   	927   	1515  	2301  	3274  	4526  	5856  	7164  	8290  	8982  	9197  	8905  	8248  	7111  	5935  	4779  	3693  	2698  	1908  	1302  	867   	524   	304   	174   	99    	48    	27    	10    	2     	1     	nan   	nan   
100000   	3    	4.452600e-03	1     	2     	4     	8     	16    	32    	63    	117   	208   	360   	587   	888   	1309  	1846  	2587  	3513  	4603  	5805  	6908  	7938  	8593  	8924  	8910  	8292  	7376  	6178  	4767  	3550  	2421  	1629  	1050  	627   	361   	220   	143   	81    	43    	23    	10    	5     	1     	1     

