Criação das árvores ordenadas:
n_persons	index	time        
100000   	0    	5.681520e-02
100000   	1    	6.698600e-02
100000   	2    	6.390730e-02
100000   	3    	5.104030e-02

Procura de nós nas árvores:
n_persons	index	time        
100000   	0    	5.368150e-02
100000   	1    	6.444170e-02
100000   	2    	6.382840e-02
100000   	3    	5.851650e-02

Maior profundidade das árvores:
n_persons	index	time        	depth
100000   	0    	4.928000e-03	40   
100000   	1    	4.864400e-03	43   
100000   	2    	5.457000e-03	39   
100000   	3    	5.047200e-03	36   

Número de nós em cada nível:
n_persons	index	time        	lvl0  	lvl1  	lvl2  	lvl3  	lvl4  	lvl5  	lvl6  	lvl7  	lvl8  	lvl9  	lvl10 	lvl11 	lvl12 	lvl13 	lvl14 	lvl15 	lvl16 	lvl17 	lvl18 	lvl19 	lvl20 	lvl21 	lvl22 	lvl23 	lvl24 	lvl25 	lvl26 	lvl27 	lvl28 	lvl29 	lvl30 	lvl31 	lvl32 	lvl33 	lvl34 	lvl35 	lvl36 	lvl37 	lvl38 	lvl39 	lvl40 	lvl41 	lvl42 	lvl43 
100000   	0    	4.255300e-03	1     	2     	4     	8     	16    	32    	64    	114   	206   	371   	583   	910   	1352  	1901  	2611  	3437  	4371  	5350  	6366  	7209  	7812  	8049  	8011  	7743  	7172  	6315  	5270  	4169  	3289  	2488  	1749  	1218  	760   	454   	269   	169   	85    	42    	17    	8     	3     	nan   	nan   	nan   
100000   	1    	5.087200e-03	1     	2     	4     	8     	16    	32    	64    	120   	219   	378   	621   	965   	1502  	2216  	3162  	4188  	5276  	6381  	7226  	7830  	7921  	7660  	6967  	6171  	5347  	4603  	3989  	3530  	2959  	2553  	2131  	1734  	1372  	1029  	742   	479   	296   	153   	84    	40    	21    	5     	2     	1     
100000   	2    	4.806100e-03	1     	2     	4     	8     	16    	30    	60    	114   	209   	360   	590   	957   	1472  	2177  	3029  	3992  	5096  	6230  	7133  	7838  	8367  	8550  	8255  	7670  	6893  	5814  	4684  	3528  	2509  	1768  	1118  	716   	396   	218   	101   	53    	23    	10    	6     	3     	nan   	nan   	nan   	nan   
100000   	3    	4.453400e-03	1     	2     	4     	8     	16    	32    	64    	125   	243   	450   	778   	1323  	2115  	3214  	4595  	6067  	7623  	8974  	9972  	10269 	9812  	8854  	7396  	5795  	4331  	3000  	1985  	1226  	722   	460   	276   	150   	69    	31    	10    	5     	3     	nan   	nan   	nan   	nan   	nan   	nan   	nan   

