Criação das árvores ordenadas:
n_persons	index	time        
100000   	0    	5.314670e-02
100000   	1    	6.192150e-02
100000   	2    	5.517620e-02
100000   	3    	4.640160e-02

Procura de nós nas árvores:
n_persons	index	time        
100000   	0    	5.577060e-02
100000   	1    	5.983420e-02
100000   	2    	5.735350e-02
100000   	3    	1.045150e-01

Maior profundidade das árvores:
n_persons	index	time        	depth
100000   	0    	5.340700e-03	40   
100000   	1    	5.861500e-03	41   
100000   	2    	6.361800e-03	41   
100000   	3    	5.803900e-03	42   

Número de nós em cada nível:
n_persons	index	time        	lvl0  	lvl1  	lvl2  	lvl3  	lvl4  	lvl5  	lvl6  	lvl7  	lvl8  	lvl9  	lvl10 	lvl11 	lvl12 	lvl13 	lvl14 	lvl15 	lvl16 	lvl17 	lvl18 	lvl19 	lvl20 	lvl21 	lvl22 	lvl23 	lvl24 	lvl25 	lvl26 	lvl27 	lvl28 	lvl29 	lvl30 	lvl31 	lvl32 	lvl33 	lvl34 	lvl35 	lvl36 	lvl37 	lvl38 	lvl39 	lvl40 	lvl41 	lvl42 
100000   	0    	4.873300e-03	1     	2     	4     	8     	16    	32    	62    	121   	224   	400   	678   	1127  	1718  	2533  	3476  	4573  	5699  	6710  	7627  	8269  	8459  	8270  	7856  	7035  	6159  	5128  	3985  	3069  	2303  	1601  	1094  	709   	449   	279   	161   	90    	38    	19    	10    	4     	2     	nan   	nan   
100000   	1    	4.678400e-03	1     	2     	4     	8     	15    	29    	58    	114   	223   	422   	763   	1297  	2080  	3120  	4298  	5642  	6799  	7769  	8481  	8866  	8803  	8349  	7492  	6302  	5262  	4150  	3150  	2272  	1533  	1044  	679   	392   	248   	169   	82    	40    	15    	8     	7     	4     	7     	1     	nan   
100000   	2    	5.687700e-03	1     	2     	4     	8     	16    	32    	62    	116   	217   	394   	688   	1118  	1799  	2644  	3650  	4848  	6001  	7084  	7914  	8561  	8757  	8440  	7791  	6820  	5646  	4627  	3626  	2705  	2042  	1505  	1081  	718   	480   	291   	145   	90    	43    	19    	9     	4     	1     	1     	nan   
100000   	3    	5.378600e-03	1     	2     	4     	8     	16    	32    	62    	120   	224   	402   	709   	1148  	1826  	2675  	3751  	5013  	6329  	7518  	8443  	8949  	8913  	8444  	7821  	6912  	5938  	4606  	3439  	2432  	1620  	1085  	646   	386   	218   	145   	72    	40    	21    	9     	7     	5     	6     	2     	1     

