Criação das árvores ordenadas:
n_persons	index	time        
100000   	0    	5.289580e-02
100000   	1    	6.613660e-02
100000   	2    	5.761290e-02
100000   	3    	4.881930e-02

Procura de nós nas árvores:
n_persons	index	time        
100000   	0    	5.469000e-02
100000   	1    	6.191320e-02
100000   	2    	5.659760e-02
100000   	3    	4.822030e-02

Maior profundidade das árvores:
n_persons	index	time        	depth
100000   	0    	4.291700e-03	42   
100000   	1    	4.280300e-03	42   
100000   	2    	4.846000e-03	44   
100000   	3    	5.226200e-03	38   

Número de nós em cada nível:
n_persons	index	time        	lvl0  	lvl1  	lvl2  	lvl3  	lvl4  	lvl5  	lvl6  	lvl7  	lvl8  	lvl9  	lvl10 	lvl11 	lvl12 	lvl13 	lvl14 	lvl15 	lvl16 	lvl17 	lvl18 	lvl19 	lvl20 	lvl21 	lvl22 	lvl23 	lvl24 	lvl25 	lvl26 	lvl27 	lvl28 	lvl29 	lvl30 	lvl31 	lvl32 	lvl33 	lvl34 	lvl35 	lvl36 	lvl37 	lvl38 	lvl39 	lvl40 	lvl41 	lvl42 	lvl43 	lvl44 
100000   	0    	4.021900e-03	1     	2     	4     	8     	16    	31    	62    	116   	207   	372   	629   	1007  	1501  	2171  	2976  	4028  	5155  	6430  	7491  	8319  	8692  	8759  	8288  	7420  	6495  	5357  	4310  	3265  	2395  	1626  	1066  	684   	418   	271   	180   	117   	64    	31    	18    	13    	3     	1     	1     	nan   	nan   
100000   	1    	3.899500e-03	1     	2     	4     	8     	16    	32    	64    	127   	245   	445   	758   	1254  	1928  	2805  	3857  	5031  	6173  	7285  	8275  	8685  	8814  	8400  	7689  	6594  	5400  	4284  	3215  	2454  	1845  	1372  	1000  	735   	479   	306   	191   	107   	53    	25    	19    	12    	6     	4     	1     	nan   	nan   
100000   	2    	4.370400e-03	1     	2     	4     	8     	16    	32    	62    	122   	227   	412   	708   	1148  	1728  	2468  	3380  	4466  	5575  	6693  	7664  	8213  	8511  	8366  	7903  	7064  	6006  	4896  	3977  	3075  	2354  	1635  	1155  	767   	493   	303   	204   	129   	85    	58    	37    	28    	14    	6     	3     	1     	1     
100000   	3    	4.341600e-03	1     	2     	4     	8     	16    	32    	64    	126   	238   	415   	693   	1111  	1721  	2541  	3561  	4723  	6043  	7272  	8274  	8938  	9162  	9027  	8235  	7204  	5918  	4668  	3445  	2452  	1630  	1042  	667   	398   	195   	101   	47    	15    	7     	3     	1     	nan   	nan   	nan   	nan   	nan   	nan   

