Criação das árvores ordenadas:
n_persons	index	time        
100000   	0    	5.182820e-02
100000   	1    	6.315690e-02
100000   	2    	6.004990e-02
100000   	3    	4.894180e-02

Procura de nós nas árvores:
n_persons	index	time        
100000   	0    	5.780560e-02
100000   	1    	1.230916e-01
100000   	2    	9.046290e-02
100000   	3    	5.918960e-02

Maior profundidade das árvores:
n_persons	index	time        	depth
100000   	0    	4.632700e-03	37   
100000   	1    	4.472900e-03	42   
100000   	2    	5.262700e-03	39   
100000   	3    	5.170200e-03	39   

Número de nós em cada nível:
n_persons	index	time        	lvl0  	lvl1  	lvl2  	lvl3  	lvl4  	lvl5  	lvl6  	lvl7  	lvl8  	lvl9  	lvl10 	lvl11 	lvl12 	lvl13 	lvl14 	lvl15 	lvl16 	lvl17 	lvl18 	lvl19 	lvl20 	lvl21 	lvl22 	lvl23 	lvl24 	lvl25 	lvl26 	lvl27 	lvl28 	lvl29 	lvl30 	lvl31 	lvl32 	lvl33 	lvl34 	lvl35 	lvl36 	lvl37 	lvl38 	lvl39 	lvl40 	lvl41 	lvl42 
100000   	0    	3.915000e-03	1     	2     	4     	8     	16    	32    	64    	124   	230   	409   	702   	1126  	1719  	2519  	3440  	4617  	5791  	7006  	8189  	9023  	9456  	9231  	8309  	7148  	5889  	4598  	3477  	2472  	1696  	1112  	671   	416   	253   	135   	76    	32    	6     	1     	nan   	nan   	nan   	nan   	nan   
100000   	1    	3.822400e-03	1     	2     	4     	8     	16    	32    	63    	120   	217   	374   	627   	1016  	1548  	2292  	3288  	4416  	5707  	6877  	7822  	8443  	8782  	8594  	8079  	7299  	6194  	4975  	3820  	2880  	2185  	1506  	1041  	646   	415   	256   	165   	127   	77    	49    	23    	8     	3     	2     	1     
100000   	2    	4.421200e-03	1     	2     	4     	8     	16    	32    	62    	120   	229   	416   	736   	1273  	2056  	3061  	4297  	5659  	7009  	8084  	8855  	9171  	9039  	8514  	7705  	6541  	5281  	4039  	2984  	1956  	1202  	732   	404   	224   	135   	81    	37    	15    	13    	5     	1     	1     	nan   	nan   	nan   
100000   	3    	4.810700e-03	1     	2     	4     	8     	16    	32    	63    	122   	217   	373   	615   	989   	1476  	2153  	3007  	4039  	5151  	6221  	7196  	7954  	8369  	8597  	8455  	7780  	6768  	5760  	4515  	3345  	2452  	1692  	1084  	670   	386   	234   	117   	66    	40    	20    	9     	2     	nan   	nan   	nan   

