Criação das árvores ordenadas:
n_persons	index	time        
100000   	0    	5.286740e-02
100000   	1    	6.273030e-02
100000   	2    	5.856690e-02
100000   	3    	4.889550e-02

Procura de nós nas árvores:
n_persons	index	time        
100000   	0    	5.293150e-02
100000   	1    	6.452630e-02
100000   	2    	6.677550e-02
100000   	3    	5.674140e-02

Maior profundidade das árvores:
n_persons	index	time        	depth
100000   	0    	5.912500e-03	41   
100000   	1    	4.844100e-03	38   
100000   	2    	5.081200e-03	41   
100000   	3    	5.558200e-03	37   

Número de nós em cada nível:
n_persons	index	time        	lvl0  	lvl1  	lvl2  	lvl3  	lvl4  	lvl5  	lvl6  	lvl7  	lvl8  	lvl9  	lvl10 	lvl11 	lvl12 	lvl13 	lvl14 	lvl15 	lvl16 	lvl17 	lvl18 	lvl19 	lvl20 	lvl21 	lvl22 	lvl23 	lvl24 	lvl25 	lvl26 	lvl27 	lvl28 	lvl29 	lvl30 	lvl31 	lvl32 	lvl33 	lvl34 	lvl35 	lvl36 	lvl37 	lvl38 	lvl39 	lvl40 	lvl41 
100000   	0    	4.218000e-03	1     	2     	4     	8     	16    	32    	63    	117   	223   	384   	641   	1057  	1677  	2436  	3440  	4665  	5941  	7255  	8472  	9236  	9463  	9252  	8457  	7351  	5925  	4458  	3245  	2277  	1554  	997   	583   	324   	194   	109   	53    	36    	15    	12    	8     	9     	6     	2     
100000   	1    	4.082400e-03	1     	2     	4     	8     	16    	31    	59    	111   	210   	387   	693   	1171  	1908  	2870  	4065  	5432  	6745  	7909  	8702  	9082  	8974  	8432  	7662  	6669  	5576  	4260  	3192  	2285  	1488  	921   	567   	286   	146   	74    	40    	14    	5     	2     	1     	nan   	nan   	nan   
100000   	2    	4.685900e-03	1     	2     	4     	8     	15    	24    	39    	65    	121   	226   	398   	681   	1141  	1820  	2700  	3770  	4938  	6081  	7309  	8077  	8644  	8755  	8425  	7721  	6835  	5710  	4583  	3549  	2653  	1943  	1404  	914   	618   	362   	211   	118   	70    	33    	12    	11    	7     	2     
100000   	3    	4.847000e-03	1     	2     	4     	8     	16    	32    	64    	122   	235   	421   	734   	1228  	1938  	2790  	3859  	5105  	6390  	7559  	8489  	9010  	9311  	8948  	8147  	6958  	5593  	4265  	3043  	2157  	1430  	859   	529   	350   	190   	105   	63    	31    	13    	1     	nan   	nan   	nan   	nan   

