Criação das árvores ordenadas:
n_persons	index	time        
100000   	0    	6.955330e-02
100000   	1    	1.527821e-01
100000   	2    	7.999740e-02
100000   	3    	5.232390e-02

Procura de nós nas árvores:
n_persons	index	time        
100000   	0    	5.834450e-02
100000   	1    	1.118135e-01
100000   	2    	1.292356e-01
100000   	3    	6.445720e-02

Maior profundidade das árvores:
n_persons	index	time        	depth
100000   	0    	4.823700e-03	39   
100000   	1    	5.720600e-03	40   
100000   	2    	5.312200e-03	41   
100000   	3    	5.390700e-03	43   

Número de nós em cada nível:
n_persons	index	time        	lvl0  	lvl1  	lvl2  	lvl3  	lvl4  	lvl5  	lvl6  	lvl7  	lvl8  	lvl9  	lvl10 	lvl11 	lvl12 	lvl13 	lvl14 	lvl15 	lvl16 	lvl17 	lvl18 	lvl19 	lvl20 	lvl21 	lvl22 	lvl23 	lvl24 	lvl25 	lvl26 	lvl27 	lvl28 	lvl29 	lvl30 	lvl31 	lvl32 	lvl33 	lvl34 	lvl35 	lvl36 	lvl37 	lvl38 	lvl39 	lvl40 	lvl41 	lvl42 	lvl43 
100000   	0    	5.357400e-03	1     	2     	4     	8     	16    	32    	64    	127   	247   	464   	821   	1349  	2123  	3153  	4343  	5681  	6946  	7896  	8511  	8718  	8691  	8258  	7480  	6392  	5164  	4005  	3027  	2287  	1608  	1036  	648   	387   	241   	132   	62    	42    	18    	8     	4     	4     	nan   	nan   	nan   	nan   
100000   	1    	4.670300e-03	1     	2     	4     	8     	16    	31    	62    	122   	226   	413   	719   	1199  	1897  	2897  	4178  	5588  	7115  	8370  	9234  	9499  	9345  	8638  	7521  	6232  	4868  	3598  	2563  	1893  	1352  	947   	597   	373   	231   	136   	66    	31    	11    	7     	5     	3     	2     	nan   	nan   	nan   
100000   	2    	5.089300e-03	1     	2     	4     	8     	16    	31    	60    	111   	205   	365   	624   	997   	1535  	2214  	2982  	3910  	4929  	5898  	6881  	7666  	8119  	8338  	8171  	7654  	6869  	5961  	4878  	3796  	2792  	1941  	1268  	765   	466   	252   	136   	80    	35    	20    	13    	4     	2     	1     	nan   	nan   
100000   	3    	6.744700e-03	1     	2     	4     	8     	16    	32    	62    	119   	219   	390   	634   	1038  	1566  	2224  	3016  	3922  	4803  	5622  	6303  	6873  	7245  	7309  	7220  	6929  	6413  	5792  	5182  	4418  	3638  	2818  	2142  	1532  	1009  	626   	391   	233   	125   	66    	32    	16    	3     	3     	2     	2     

