Criação das árvores ordenadas:
n_persons	index	time        
100000   	0    	5.240510e-02
100000   	1    	6.153440e-02
100000   	2    	5.456690e-02
100000   	3    	5.076900e-02

Procura de nós nas árvores:
n_persons	index	time        
100000   	0    	5.505050e-02
100000   	1    	6.792450e-02
100000   	2    	5.744910e-02
100000   	3    	5.450660e-02

Maior profundidade das árvores:
n_persons	index	time        	depth
100000   	0    	4.938300e-03	40   
100000   	1    	4.487300e-03	37   
100000   	2    	4.821300e-03	41   
100000   	3    	5.175800e-03	40   

Número de nós em cada nível:
n_persons	index	time        	lvl0  	lvl1  	lvl2  	lvl3  	lvl4  	lvl5  	lvl6  	lvl7  	lvl8  	lvl9  	lvl10 	lvl11 	lvl12 	lvl13 	lvl14 	lvl15 	lvl16 	lvl17 	lvl18 	lvl19 	lvl20 	lvl21 	lvl22 	lvl23 	lvl24 	lvl25 	lvl26 	lvl27 	lvl28 	lvl29 	lvl30 	lvl31 	lvl32 	lvl33 	lvl34 	lvl35 	lvl36 	lvl37 	lvl38 	lvl39 	lvl40 	lvl41 
100000   	0    	4.147800e-03	1     	2     	4     	8     	16    	32    	62    	122   	234   	427   	721   	1163  	1821  	2672  	3757  	4926  	6100  	7207  	8223  	8887  	9129  	8635  	7827  	6858  	5597  	4424  	3463  	2604  	1902  	1243  	801   	500   	280   	159   	83    	54    	31    	13    	7     	3     	2     	nan   
100000   	1    	4.187500e-03	1     	2     	4     	8     	16    	32    	62    	124   	240   	447   	805   	1393  	2281  	3477  	4882  	6414  	7960  	9159  	9868  	9955  	9475  	8471  	7036  	5557  	4208  	3059  	2091  	1318  	792   	434   	225   	112   	49    	22    	11    	5     	3     	2     	nan   	nan   	nan   	nan   
100000   	2    	4.429900e-03	1     	2     	4     	8     	16    	32    	64    	124   	237   	421   	714   	1160  	1831  	2694  	3783  	4914  	6072  	7237  	8118  	8767  	8842  	8632  	7910  	6830  	5680  	4584  	3528  	2635  	1851  	1295  	862   	534   	302   	165   	74    	35    	17    	7     	7     	5     	4     	2     
100000   	3    	4.390000e-03	1     	2     	4     	8     	16    	32    	64    	126   	242   	445   	763   	1242  	1925  	2796  	3809  	4867  	5919  	6783  	7355  	7635  	7725  	7583  	7248  	6614  	5891  	5138  	4297  	3393  	2617  	1849  	1338  	924   	611   	366   	194   	102   	48    	15    	6     	4     	3     	nan   

