Criação das árvores ordenadas:
n_persons	index	time        
100000   	0    	5.092960e-02
100000   	1    	6.761930e-02
100000   	2    	5.640470e-02
100000   	3    	4.774280e-02

Procura de nós nas árvores:
n_persons	index	time        
100000   	0    	5.244320e-02
100000   	1    	6.378930e-02
100000   	2    	5.513310e-02
100000   	3    	6.631910e-02

Maior profundidade das árvores:
n_persons	index	time        	depth
100000   	0    	5.175600e-03	39   
100000   	1    	6.098000e-03	37   
100000   	2    	6.815500e-03	37   
100000   	3    	6.363700e-03	38   

Número de nós em cada nível:
n_persons	index	time        	lvl0  	lvl1  	lvl2  	lvl3  	lvl4  	lvl5  	lvl6  	lvl7  	lvl8  	lvl9  	lvl10 	lvl11 	lvl12 	lvl13 	lvl14 	lvl15 	lvl16 	lvl17 	lvl18 	lvl19 	lvl20 	lvl21 	lvl22 	lvl23 	lvl24 	lvl25 	lvl26 	lvl27 	lvl28 	lvl29 	lvl30 	lvl31 	lvl32 	lvl33 	lvl34 	lvl35 	lvl36 	lvl37 	lvl38 	lvl39 
100000   	0    	5.380700e-03	1     	2     	4     	8     	16    	29    	55    	106   	196   	371   	670   	1083  	1739  	2598  	3702  	4998  	6423  	7597  	8531  	9063  	9052  	8566  	7788  	6673  	5501  	4376  	3429  	2492  	1795  	1205  	799   	469   	320   	182   	87    	45    	22    	5     	1     	1     
100000   	1    	5.315800e-03	1     	2     	4     	8     	16    	32    	63    	120   	233   	435   	759   	1276  	2008  	2997  	4201  	5429  	6609  	7706  	8430  	8828  	8892  	8566  	7782  	6758  	5577  	4229  	3133  	2219  	1461  	973   	566   	344   	185   	100   	44    	11    	2     	1     	nan   	nan   
100000   	2    	5.189100e-03	1     	2     	4     	8     	16    	32    	62    	119   	226   	420   	714   	1202  	1872  	2744  	3820  	5016  	6300  	7511  	8706  	9343  	9565  	9142  	8299  	7018  	5674  	4328  	3033  	2023  	1237  	726   	413   	213   	101   	56    	34    	11    	7     	2     	nan   	nan   
100000   	3    	5.500500e-03	1     	2     	4     	8     	16    	31    	62    	114   	210   	352   	604   	1006  	1622  	2432  	3456  	4608  	5848  	7008  	7955  	8620  	8903  	8655  	8160  	7351  	6209  	5033  	3813  	2846  	1992  	1305  	815   	434   	271   	132   	65    	35    	15    	6     	1     	nan   

