Criação das árvores ordenadas:
n_persons	index	time        
100000   	0    	5.285680e-02
100000   	1    	6.440670e-02
100000   	2    	5.811550e-02
100000   	3    	4.731900e-02

Procura de nós nas árvores:
n_persons	index	time        
100000   	0    	5.769670e-02
100000   	1    	6.764350e-02
100000   	2    	5.757920e-02
100000   	3    	5.073900e-02

Maior profundidade das árvores:
n_persons	index	time        	depth
100000   	0    	4.340000e-03	44   
100000   	1    	4.278400e-03	43   
100000   	2    	6.771100e-03	38   
100000   	3    	5.891800e-03	40   

Número de nós em cada nível:
n_persons	index	time        	lvl0  	lvl1  	lvl2  	lvl3  	lvl4  	lvl5  	lvl6  	lvl7  	lvl8  	lvl9  	lvl10 	lvl11 	lvl12 	lvl13 	lvl14 	lvl15 	lvl16 	lvl17 	lvl18 	lvl19 	lvl20 	lvl21 	lvl22 	lvl23 	lvl24 	lvl25 	lvl26 	lvl27 	lvl28 	lvl29 	lvl30 	lvl31 	lvl32 	lvl33 	lvl34 	lvl35 	lvl36 	lvl37 	lvl38 	lvl39 	lvl40 	lvl41 	lvl42 	lvl43 	lvl44 
100000   	0    	1.305350e-02	1     	2     	4     	8     	16    	32    	64    	126   	245   	439   	742   	1198  	1830  	2627  	3562  	4644  	5733  	6756  	7621  	8332  	8512  	8414  	7989  	7173  	6095  	4937  	3858  	2883  	2197  	1503  	988   	620   	341   	200   	119   	68    	50    	25    	18    	12    	8     	3     	2     	2     	1     
100000   	1    	4.894000e-03	1     	2     	4     	8     	16    	32    	64    	128   	253   	477   	847   	1425  	2196  	3140  	4274  	5475  	6497  	7368  	7795  	7785  	7619  	7154  	6526  	5830  	5171  	4450  	3735  	3107  	2468  	1874  	1345  	971   	688   	476   	336   	192   	122   	75    	45    	17    	6     	4     	1     	1     	nan   
100000   	2    	8.371000e-03	1     	2     	4     	8     	16    	32    	63    	125   	235   	422   	720   	1147  	1792  	2630  	3597  	4716  	5915  	7048  	7991  	8634  	8911  	8660  	8160  	7238  	6106  	4841  	3695  	2682  	1824  	1174  	710   	438   	239   	118   	60    	27    	11    	6     	2     	nan   	nan   	nan   	nan   	nan   	nan   
100000   	3    	9.431000e-03	1     	2     	4     	8     	16    	32    	64    	127   	243   	452   	787   	1326  	2068  	3124  	4361  	5636  	6834  	7962  	8784  	9232  	9209  	8662  	7702  	6499  	5157  	3914  	2803  	1883  	1252  	779   	490   	279   	147   	83    	38    	20    	11    	6     	1     	1     	1     	nan   	nan   	nan   	nan   

