Criação das árvores ordenadas:
n_persons	index	time        
100000   	0    	5.268630e-02
100000   	1    	9.858650e-02
100000   	2    	8.310490e-02
100000   	3    	5.341070e-02

Procura de nós nas árvores:
n_persons	index	time        
100000   	0    	5.306610e-02
100000   	1    	6.012760e-02
100000   	2    	5.479560e-02
100000   	3    	4.925950e-02

Maior profundidade das árvores:
n_persons	index	time        	depth
100000   	0    	4.370600e-03	41   
100000   	1    	4.359000e-03	38   
100000   	2    	4.987700e-03	37   
100000   	3    	6.658800e-03	44   

Número de nós em cada nível:
n_persons	index	time        	lvl0  	lvl1  	lvl2  	lvl3  	lvl4  	lvl5  	lvl6  	lvl7  	lvl8  	lvl9  	lvl10 	lvl11 	lvl12 	lvl13 	lvl14 	lvl15 	lvl16 	lvl17 	lvl18 	lvl19 	lvl20 	lvl21 	lvl22 	lvl23 	lvl24 	lvl25 	lvl26 	lvl27 	lvl28 	lvl29 	lvl30 	lvl31 	lvl32 	lvl33 	lvl34 	lvl35 	lvl36 	lvl37 	lvl38 	lvl39 	lvl40 	lvl41 	lvl42 	lvl43 	lvl44 
100000   	0    	4.177000e-03	1     	2     	4     	8     	16    	31    	59    	111   	199   	358   	633   	1053  	1644  	2383  	3318  	4364  	5488  	6619  	7786  	8509  	9003  	8928  	8339  	7473  	6322  	5031  	3889  	2857  	2080  	1348  	888   	529   	299   	178   	103   	69    	31    	27    	13    	5     	1     	1     	nan   	nan   	nan   
100000   	1    	4.063200e-03	1     	2     	4     	8     	16    	32    	63    	124   	239   	429   	742   	1238  	1955  	2851  	3994  	5199  	6337  	7378  	8184  	8754  	8805  	8389  	7661  	6665  	5654  	4550  	3507  	2544  	1811  	1163  	746   	481   	233   	134   	63    	30    	11    	2     	1     	nan   	nan   	nan   	nan   	nan   	nan   
100000   	2    	4.272700e-03	1     	2     	4     	8     	16    	32    	64    	127   	241   	444   	794   	1327  	2042  	2962  	4111  	5397  	6676  	7810  	8634  	9049  	8912  	8336  	7529  	6466  	5305  	4216  	3134  	2223  	1543  	1080  	671   	387   	233   	116   	64    	33    	10    	1     	nan   	nan   	nan   	nan   	nan   	nan   	nan   
100000   	3    	4.553600e-03	1     	2     	4     	8     	15    	30    	58    	113   	206   	382   	656   	1088  	1731  	2600  	3624  	4794  	6039  	7118  	7845  	8342  	8370  	8080  	7400  	6471  	5598  	4595  	3747  	2996  	2330  	1793  	1343  	924   	612   	415   	254   	156   	113   	68    	39    	20    	11    	4     	3     	1     	1     

