Criação das árvores ordenadas:
n_persons	index	time        
100000   	0    	5.460520e-02
100000   	1    	6.398130e-02
100000   	2    	6.184690e-02
100000   	3    	6.559390e-02

Procura de nós nas árvores:
n_persons	index	time        
100000   	0    	5.837570e-02
100000   	1    	9.498330e-02
100000   	2    	7.229630e-02
100000   	3    	8.235640e-02

Maior profundidade das árvores:
n_persons	index	time        	depth
100000   	0    	4.582000e-03	40   
100000   	1    	4.762300e-03	39   
100000   	2    	5.442400e-03	40   
100000   	3    	5.079400e-03	38   

Número de nós em cada nível:
n_persons	index	time        	lvl0  	lvl1  	lvl2  	lvl3  	lvl4  	lvl5  	lvl6  	lvl7  	lvl8  	lvl9  	lvl10 	lvl11 	lvl12 	lvl13 	lvl14 	lvl15 	lvl16 	lvl17 	lvl18 	lvl19 	lvl20 	lvl21 	lvl22 	lvl23 	lvl24 	lvl25 	lvl26 	lvl27 	lvl28 	lvl29 	lvl30 	lvl31 	lvl32 	lvl33 	lvl34 	lvl35 	lvl36 	lvl37 	lvl38 	lvl39 	lvl40 
100000   	0    	4.116400e-03	1     	2     	4     	8     	16    	32    	63    	123   	226   	404   	695   	1153  	1777  	2605  	3618  	4794  	5987  	7165  	7992  	8666  	8799  	8456  	7714  	6797  	5768  	4709  	3705  	2871  	2085  	1457  	933   	572   	351   	203   	123   	64    	38    	15    	6     	2     	1     
100000   	1    	4.642200e-03	1     	2     	4     	8     	16    	32    	64    	124   	236   	427   	716   	1130  	1731  	2495  	3436  	4515  	5701  	6839  	7852  	8561  	8790  	8671  	8123  	7289  	6123  	4843  	3765  	2736  	1993  	1417  	937   	572   	340   	226   	138   	81    	40    	14    	9     	3     	nan   
100000   	2    	5.362400e-03	1     	2     	4     	8     	16    	32    	64    	123   	231   	407   	682   	1127  	1776  	2564  	3527  	4714  	5884  	6930  	7814  	8413  	8652  	8398  	7809  	7046  	6002  	4948  	3899  	2885  	2118  	1418  	921   	575   	389   	261   	160   	97    	55    	29    	13    	5     	1     
100000   	3    	6.432800e-03	1     	2     	4     	8     	16    	32    	64    	125   	240   	438   	774   	1237  	1926  	2763  	3750  	4765  	5752  	6672  	7426  	7756  	7825  	7739  	7370  	6812  	6010  	5213  	4274  	3446  	2619  	1885  	1330  	831   	468   	258   	104   	41    	17    	4     	3     	nan   	nan   

