Criação das árvores ordenadas:
n_persons	index	time        
100000   	0    	1.098679e-01
100000   	1    	1.175536e-01
100000   	2    	6.165960e-02
100000   	3    	5.633420e-02

Procura de nós nas árvores:
n_persons	index	time        
100000   	0    	6.504520e-02
100000   	1    	8.256260e-02
100000   	2    	6.029120e-02
100000   	3    	5.290850e-02

Maior profundidade das árvores:
n_persons	index	time        	depth
100000   	0    	4.510900e-03	40   
100000   	1    	4.347600e-03	43   
100000   	2    	4.856300e-03	39   
100000   	3    	5.128000e-03	42   

Número de nós em cada nível:
n_persons	index	time        	lvl0  	lvl1  	lvl2  	lvl3  	lvl4  	lvl5  	lvl6  	lvl7  	lvl8  	lvl9  	lvl10 	lvl11 	lvl12 	lvl13 	lvl14 	lvl15 	lvl16 	lvl17 	lvl18 	lvl19 	lvl20 	lvl21 	lvl22 	lvl23 	lvl24 	lvl25 	lvl26 	lvl27 	lvl28 	lvl29 	lvl30 	lvl31 	lvl32 	lvl33 	lvl34 	lvl35 	lvl36 	lvl37 	lvl38 	lvl39 	lvl40 	lvl41 	lvl42 	lvl43 
100000   	0    	3.960000e-03	1     	2     	4     	8     	16    	32    	64    	120   	227   	417   	709   	1147  	1773  	2586  	3551  	4625  	5725  	6767  	7734  	8349  	8418  	8056  	7517  	6679  	5778  	4858  	3969  	3131  	2347  	1687  	1221  	859   	617   	407   	254   	151   	94    	56    	29    	13    	2     	nan   	nan   	nan   
100000   	1    	3.969500e-03	1     	2     	4     	8     	16    	32    	64    	119   	216   	394   	691   	1156  	1809  	2719  	3760  	5000  	6285  	7321  	8179  	8704  	8688  	8196  	7419  	6401  	5406  	4404  	3440  	2659  	2023  	1515  	1084  	783   	524   	345   	220   	164   	99    	54    	35    	23    	18    	8     	8     	4     
100000   	2    	4.373900e-03	1     	2     	4     	8     	16    	32    	64    	125   	238   	439   	751   	1216  	1916  	2829  	4050  	5361  	6713  	8050  	8982  	9346  	9201  	8586  	7496  	6379  	5136  	4026  	2962  	2100  	1432  	942   	607   	375   	242   	160   	108   	56    	28    	15    	5     	1     	nan   	nan   	nan   	nan   
100000   	3    	5.092400e-03	1     	2     	4     	8     	16    	32    	60    	112   	200   	334   	527   	833   	1278  	1850  	2629  	3571  	4689  	5813  	6953  	7849  	8476  	8773  	8599  	7881  	6850  	5686  	4412  	3458  	2633  	2013  	1434  	1049  	740   	501   	310   	194   	97    	58    	40    	23    	8     	3     	1     	nan   

