Criação das árvores ordenadas:
n_persons	index	time        
100000   	0    	5.123660e-02
100000   	1    	6.448290e-02
100000   	2    	5.455300e-02
100000   	3    	4.913250e-02

Procura de nós nas árvores:
n_persons	index	time        
100000   	0    	5.799060e-02
100000   	1    	7.088660e-02
100000   	2    	5.799010e-02
100000   	3    	5.064160e-02

Maior profundidade das árvores:
n_persons	index	time        	depth
100000   	0    	4.440300e-03	39   
100000   	1    	4.437400e-03	38   
100000   	2    	5.751000e-03	39   
100000   	3    	5.017600e-03	41   

Número de nós em cada nível:
n_persons	index	time        	lvl0  	lvl1  	lvl2  	lvl3  	lvl4  	lvl5  	lvl6  	lvl7  	lvl8  	lvl9  	lvl10 	lvl11 	lvl12 	lvl13 	lvl14 	lvl15 	lvl16 	lvl17 	lvl18 	lvl19 	lvl20 	lvl21 	lvl22 	lvl23 	lvl24 	lvl25 	lvl26 	lvl27 	lvl28 	lvl29 	lvl30 	lvl31 	lvl32 	lvl33 	lvl34 	lvl35 	lvl36 	lvl37 	lvl38 	lvl39 	lvl40 	lvl41 
100000   	0    	4.175500e-03	1     	2     	4     	8     	16    	32    	63    	113   	202   	355   	574   	869   	1254  	1833  	2529  	3363  	4224  	5178  	6072  	6893  	7542  	7971  	8136  	8032  	7535  	6650  	5619  	4565  	3491  	2535  	1711  	1085  	666   	409   	225   	132   	67    	33    	10    	1     	nan   	nan   
100000   	1    	4.140500e-03	1     	2     	4     	8     	16    	32    	61    	113   	210   	381   	682   	1178  	1869  	2762  	3838  	5003  	6293  	7376  	8220  	8837  	8849  	8481  	7757  	6797  	5629  	4545  	3501  	2608  	1856  	1284  	811   	472   	256   	149   	59    	37    	16    	6     	1     	nan   	nan   	nan   
100000   	2    	5.272000e-03	1     	2     	4     	8     	16    	32    	63    	122   	229   	423   	734   	1239  	1952  	2889  	4081  	5277  	6474  	7591  	8373  	8727  	8563  	8149  	7357  	6397  	5405  	4258  	3426  	2567  	1914  	1331  	877   	550   	382   	253   	149   	96    	50    	29    	8     	2     	nan   	nan   
100000   	3    	5.088300e-03	1     	2     	4     	8     	16    	31    	57    	99    	177   	319   	567   	941   	1526  	2365  	3337  	4530  	5734  	6827  	7793  	8566  	9027  	8806  	8206  	7249  	6086  	4876  	3744  	2807  	2051  	1507  	1018  	698   	445   	265   	149   	74    	49    	21    	11    	7     	3     	1     

