Criação das árvores ordenadas:
n_persons	index	time        
100000   	0    	5.655820e-02
100000   	1    	6.375870e-02
100000   	2    	5.448600e-02
100000   	3    	5.008410e-02

Procura de nós nas árvores:
n_persons	index	time        
100000   	0    	5.301660e-02
100000   	1    	6.303270e-02
100000   	2    	5.497290e-02
100000   	3    	5.114460e-02

Maior profundidade das árvores:
n_persons	index	time        	depth
100000   	0    	4.431000e-03	38   
100000   	1    	4.421000e-03	41   
100000   	2    	4.953800e-03	39   
100000   	3    	5.062500e-03	36   

Número de nós em cada nível:
n_persons	index	time        	lvl0  	lvl1  	lvl2  	lvl3  	lvl4  	lvl5  	lvl6  	lvl7  	lvl8  	lvl9  	lvl10 	lvl11 	lvl12 	lvl13 	lvl14 	lvl15 	lvl16 	lvl17 	lvl18 	lvl19 	lvl20 	lvl21 	lvl22 	lvl23 	lvl24 	lvl25 	lvl26 	lvl27 	lvl28 	lvl29 	lvl30 	lvl31 	lvl32 	lvl33 	lvl34 	lvl35 	lvl36 	lvl37 	lvl38 	lvl39 	lvl40 	lvl41 
100000   	0    	4.290000e-03	1     	2     	4     	8     	16    	32    	64    	127   	247   	451   	784   	1298  	2052  	3031  	4145  	5407  	6685  	7858  	8722  	9115  	9111  	8625  	7625  	6579  	5394  	4221  	3155  	2200  	1380  	832   	437   	218   	95    	40    	18    	12    	5     	3     	1     	nan   	nan   	nan   
100000   	1    	3.978500e-03	1     	2     	4     	8     	16    	32    	61    	122   	223   	411   	708   	1159  	1760  	2523  	3429  	4422  	5429  	6390  	7226  	7771  	8047  	8041  	7832  	7110  	6248  	5225  	4219  	3378  	2588  	1838  	1265  	885   	617   	429   	260   	165   	88    	38    	21    	6     	2     	1     
100000   	2    	4.542100e-03	1     	2     	4     	8     	16    	32    	60    	112   	211   	383   	654   	1057  	1666  	2449  	3530  	4826  	6180  	7443  	8598  	9077  	9258  	8789  	8114  	7101  	5785  	4567  	3365  	2485  	1663  	1050  	667   	388   	219   	125   	67    	31    	10    	5     	1     	1     	nan   	nan   
100000   	3    	4.638300e-03	1     	2     	4     	8     	16    	32    	62    	118   	220   	381   	675   	1112  	1720  	2548  	3620  	4938  	6372  	7820  	9002  	9721  	9645  	9171  	8100  	6895  	5564  	4126  	2985  	2004  	1331  	762   	457   	275   	159   	82    	46    	18    	8     	nan   	nan   	nan   	nan   	nan   

