Criação das árvores ordenadas:
n_persons	index	time        
100000   	0    	5.234120e-02
100000   	1    	6.190750e-02
100000   	2    	5.735190e-02
100000   	3    	4.580900e-02

Procura de nós nas árvores:
n_persons	index	time        
100000   	0    	5.370550e-02
100000   	1    	7.391450e-02
100000   	2    	5.795290e-02
100000   	3    	5.281350e-02

Maior profundidade das árvores:
n_persons	index	time        	depth
100000   	0    	4.248100e-03	37   
100000   	1    	4.433900e-03	39   
100000   	2    	4.966300e-03	41   
100000   	3    	4.918900e-03	38   

Número de nós em cada nível:
n_persons	index	time        	lvl0  	lvl1  	lvl2  	lvl3  	lvl4  	lvl5  	lvl6  	lvl7  	lvl8  	lvl9  	lvl10 	lvl11 	lvl12 	lvl13 	lvl14 	lvl15 	lvl16 	lvl17 	lvl18 	lvl19 	lvl20 	lvl21 	lvl22 	lvl23 	lvl24 	lvl25 	lvl26 	lvl27 	lvl28 	lvl29 	lvl30 	lvl31 	lvl32 	lvl33 	lvl34 	lvl35 	lvl36 	lvl37 	lvl38 	lvl39 	lvl40 	lvl41 
100000   	0    	4.009700e-03	1     	2     	4     	8     	16    	32    	58    	108   	191   	339   	585   	986   	1604  	2402  	3483  	4832  	6290  	7646  	8816  	9402  	9505  	9182  	8343  	7082  	5772  	4375  	3193  	2195  	1444  	922   	544   	299   	171   	88    	45    	25    	9     	1     	nan   	nan   	nan   	nan   
100000   	1    	4.088700e-03	1     	2     	4     	8     	16    	32    	64    	126   	237   	413   	694   	1139  	1773  	2575  	3601  	4710  	5663  	6618  	7431  	8075  	8410  	8360  	7927  	7124  	6306  	5239  	4191  	3200  	2277  	1512  	957   	597   	366   	198   	91    	42    	13    	5     	2     	1     	nan   	nan   
100000   	2    	4.681600e-03	1     	2     	4     	8     	16    	32    	63    	120   	223   	410   	724   	1231  	1885  	2732  	3644  	4640  	5637  	6597  	7404  	8113  	8233  	8028  	7627  	7000  	6066  	5150  	4116  	3182  	2344  	1668  	1163  	754   	480   	314   	182   	103   	47    	27    	14    	7     	6     	3     
100000   	3    	4.620100e-03	1     	2     	4     	8     	16    	32    	62    	115   	210   	379   	657   	1107  	1800  	2684  	3720  	4889  	6027  	7209  	8056  	8760  	9019  	8767  	8080  	7074  	5849  	4757  	3543  	2531  	1701  	1119  	736   	451   	285   	164   	99    	56    	24    	6     	1     	nan   	nan   	nan   

