Criação das árvores ordenadas:
n_persons	index	time        
100000   	0    	6.579660e-02
100000   	1    	7.042640e-02
100000   	2    	6.324010e-02
100000   	3    	5.495230e-02

Procura de nós nas árvores:
n_persons	index	time        
100000   	0    	5.847290e-02
100000   	1    	6.696080e-02
100000   	2    	6.499450e-02
100000   	3    	5.595810e-02

Maior profundidade das árvores:
n_persons	index	time        	depth
100000   	0    	4.989300e-03	38   
100000   	1    	4.786000e-03	37   
100000   	2    	5.284700e-03	41   
100000   	3    	5.268300e-03	39   

Número de nós em cada nível:
n_persons	index	time        	lvl0  	lvl1  	lvl2  	lvl3  	lvl4  	lvl5  	lvl6  	lvl7  	lvl8  	lvl9  	lvl10 	lvl11 	lvl12 	lvl13 	lvl14 	lvl15 	lvl16 	lvl17 	lvl18 	lvl19 	lvl20 	lvl21 	lvl22 	lvl23 	lvl24 	lvl25 	lvl26 	lvl27 	lvl28 	lvl29 	lvl30 	lvl31 	lvl32 	lvl33 	lvl34 	lvl35 	lvl36 	lvl37 	lvl38 	lvl39 	lvl40 	lvl41 
100000   	0    	4.844500e-03	1     	2     	4     	8     	16    	32    	60    	119   	231   	432   	777   	1302  	2045  	3008  	4059  	5259  	6376  	7288  	8093  	8392  	8372  	7978  	7299  	6406  	5512  	4543  	3630  	2765  	2029  	1431  	992   	660   	407   	226   	138   	64    	28    	10    	6     	nan   	nan   	nan   
100000   	1    	4.349200e-03	1     	2     	4     	8     	16    	30    	60    	111   	204   	374   	668   	1125  	1814  	2782  	3948  	5332  	6607  	7830  	8672  	9195  	9059  	8457  	7596  	6512  	5462  	4414  	3298  	2377  	1611  	1035  	651   	387   	200   	94    	39    	21    	3     	1     	nan   	nan   	nan   	nan   
100000   	2    	4.864600e-03	1     	2     	4     	8     	16    	31    	56    	105   	177   	287   	454   	685   	1004  	1429  	2050  	2774  	3630  	4617  	5660  	6687  	7451  	8008  	8238  	8167  	7583  	6704  	5910  	4918  	3789  	2854  	2120  	1591  	1132  	748   	464   	311   	177   	85    	45    	20    	7     	1     
100000   	3    	4.567000e-03	1     	2     	4     	8     	16    	32    	59    	113   	200   	337   	578   	935   	1436  	2124  	2992  	4009  	5160  	6280  	7229  	7969  	8376  	8520  	8064  	7443  	6577  	5603  	4531  	3548  	2661  	1921  	1288  	851   	503   	306   	190   	93    	31    	8     	1     	1     	nan   	nan   

