Criação das árvores ordenadas:
n_persons	index	time        
100000   	0    	5.377000e-02
100000   	1    	7.041450e-02
100000   	2    	5.550380e-02
100000   	3    	4.696460e-02

Procura de nós nas árvores:
n_persons	index	time        
100000   	0    	5.610180e-02
100000   	1    	6.540410e-02
100000   	2    	1.029838e-01
100000   	3    	7.505900e-02

Maior profundidade das árvores:
n_persons	index	time        	depth
100000   	0    	4.585800e-03	45   
100000   	1    	4.596700e-03	41   
100000   	2    	5.481300e-03	39   
100000   	3    	5.069500e-03	38   

Número de nós em cada nível:
n_persons	index	time        	lvl0  	lvl1  	lvl2  	lvl3  	lvl4  	lvl5  	lvl6  	lvl7  	lvl8  	lvl9  	lvl10 	lvl11 	lvl12 	lvl13 	lvl14 	lvl15 	lvl16 	lvl17 	lvl18 	lvl19 	lvl20 	lvl21 	lvl22 	lvl23 	lvl24 	lvl25 	lvl26 	lvl27 	lvl28 	lvl29 	lvl30 	lvl31 	lvl32 	lvl33 	lvl34 	lvl35 	lvl36 	lvl37 	lvl38 	lvl39 	lvl40 	lvl41 	lvl42 	lvl43 	lvl44 	lvl45 
100000   	0    	4.033000e-03	1     	2     	4     	8     	16    	30    	58    	108   	186   	322   	555   	897   	1404  	2035  	2903  	3895  	5033  	6167  	7222  	8044  	8568  	8547  	8040  	7224  	6142  	5056  	4024  	3114  	2339  	1827  	1427  	1169  	985   	768   	582   	428   	303   	227   	141   	90    	58    	29    	12    	7     	1     	2     
100000   	1    	3.873800e-03	1     	2     	4     	8     	16    	32    	63    	121   	233   	420   	712   	1155  	1760  	2527  	3558  	4659  	5771  	6873  	7828  	8544  	8845  	8826  	8192  	7216  	6124  	4816  	3614  	2659  	1882  	1255  	886   	562   	361   	212   	120   	70    	32    	21    	9     	5     	4     	2     	nan   	nan   	nan   	nan   
100000   	2    	5.315600e-03	1     	2     	4     	8     	16    	30    	57    	109   	210   	381   	681   	1156  	1869  	2880  	4076  	5316  	6546  	7640  	8490  	8864  	8810  	8250  	7383  	6425  	5367  	4230  	3364  	2579  	1860  	1229  	822   	529   	337   	224   	128   	71    	35    	11    	7     	3     	nan   	nan   	nan   	nan   	nan   	nan   
100000   	3    	4.444700e-03	1     	2     	4     	8     	16    	32    	64    	121   	230   	402   	689   	1116  	1709  	2415  	3412  	4506  	5722  	6889  	7913  	8584  	8917  	8756  	8111  	7264  	6226  	5113  	3944  	2834  	1924  	1248  	765   	469   	295   	152   	88    	43    	11    	4     	1     	nan   	nan   	nan   	nan   	nan   	nan   	nan   

