Criação das árvores ordenadas:
n_persons	index	time        
100000   	0    	6.081160e-02
100000   	1    	6.669640e-02
100000   	2    	6.291550e-02
100000   	3    	5.584120e-02

Procura de nós nas árvores:
n_persons	index	time        
100000   	0    	5.834410e-02
100000   	1    	6.692690e-02
100000   	2    	6.042830e-02
100000   	3    	5.011160e-02

Maior profundidade das árvores:
n_persons	index	time        	depth
100000   	0    	4.810500e-03	39   
100000   	1    	4.562000e-03	41   
100000   	2    	5.226300e-03	41   
100000   	3    	5.598600e-03	36   

Número de nós em cada nível:
n_persons	index	time        	lvl0  	lvl1  	lvl2  	lvl3  	lvl4  	lvl5  	lvl6  	lvl7  	lvl8  	lvl9  	lvl10 	lvl11 	lvl12 	lvl13 	lvl14 	lvl15 	lvl16 	lvl17 	lvl18 	lvl19 	lvl20 	lvl21 	lvl22 	lvl23 	lvl24 	lvl25 	lvl26 	lvl27 	lvl28 	lvl29 	lvl30 	lvl31 	lvl32 	lvl33 	lvl34 	lvl35 	lvl36 	lvl37 	lvl38 	lvl39 	lvl40 	lvl41 
100000   	0    	4.214900e-03	1     	2     	4     	8     	16    	32    	63    	124   	227   	400   	692   	1172  	1865  	2703  	3679  	4723  	5829  	6727  	7334  	7641  	7622  	7440  	6934  	6329  	5758  	5146  	4394  	3695  	2870  	2164  	1618  	1098  	708   	445   	262   	137   	77    	40    	13    	8     	nan   	nan   
100000   	1    	3.904800e-03	1     	2     	4     	8     	16    	32    	63    	117   	225   	404   	699   	1132  	1784  	2652  	3634  	4663  	5740  	6702  	7473  	8009  	8309  	8171  	7535  	6753  	5919  	5054  	3990  	3099  	2388  	1825  	1290  	877   	593   	375   	206   	126   	73    	32    	14    	8     	2     	1     
100000   	2    	4.584100e-03	1     	2     	4     	8     	16    	28    	55    	104   	191   	350   	610   	1035  	1638  	2401  	3290  	4340  	5414  	6389  	7126  	7624  	7941  	7931  	7634  	6984  	6172  	5392  	4523  	3637  	2781  	2043  	1479  	1029  	705   	469   	312   	175   	93    	39    	19    	9     	5     	2     
100000   	3    	4.809200e-03	1     	2     	4     	8     	16    	32    	64    	127   	245   	460   	817   	1345  	2130  	3144  	4351  	5695  	7068  	8238  	9032  	9247  	9173  	8489  	7516  	6264  	4966  	3857  	2809  	1987  	1276  	719   	437   	252   	128   	59    	30    	11    	1     	nan   	nan   	nan   	nan   	nan   

