Criação das árvores ordenadas:
n_persons	index	time        
100000   	0    	5.312390e-02
100000   	1    	1.009285e-01
100000   	2    	8.362480e-02
100000   	3    	5.059140e-02

Procura de nós nas árvores:
n_persons	index	time        
100000   	0    	5.383580e-02
100000   	1    	6.573080e-02
100000   	2    	5.585960e-02
100000   	3    	4.843610e-02

Maior profundidade das árvores:
n_persons	index	time        	depth
100000   	0    	4.300400e-03	42   
100000   	1    	4.348800e-03	39   
100000   	2    	5.225500e-03	40   
100000   	3    	5.105400e-03	38   

Número de nós em cada nível:
n_persons	index	time        	lvl0  	lvl1  	lvl2  	lvl3  	lvl4  	lvl5  	lvl6  	lvl7  	lvl8  	lvl9  	lvl10 	lvl11 	lvl12 	lvl13 	lvl14 	lvl15 	lvl16 	lvl17 	lvl18 	lvl19 	lvl20 	lvl21 	lvl22 	lvl23 	lvl24 	lvl25 	lvl26 	lvl27 	lvl28 	lvl29 	lvl30 	lvl31 	lvl32 	lvl33 	lvl34 	lvl35 	lvl36 	lvl37 	lvl38 	lvl39 	lvl40 	lvl41 	lvl42 
100000   	0    	3.935300e-03	1     	2     	4     	8     	16    	31    	59    	109   	196   	335   	560   	887   	1344  	1926  	2687  	3602  	4650  	5698  	6670  	7430  	7974  	8246  	8079  	7597  	6732  	5857  	4874  	3978  	3010  	2243  	1653  	1200  	836   	559   	368   	207   	135   	86    	62    	44    	28    	11    	6     
100000   	1    	3.847400e-03	1     	2     	4     	8     	16    	31    	60    	120   	233   	429   	745   	1264  	2091  	3175  	4471  	5840  	7263  	8354  	9042  	9216  	8793  	7796  	6771  	5813  	4807  	3823  	2985  	2173  	1507  	1128  	794   	543   	356   	178   	91    	41    	22    	11    	2     	1     	nan   	nan   	nan   
100000   	2    	4.407900e-03	1     	2     	4     	8     	16    	32    	64    	125   	236   	430   	734   	1167  	1777  	2541  	3522  	4635  	5946  	7181  	8252  	9103  	9415  	9259  	8439  	7233  	5929  	4564  	3389  	2319  	1532  	984   	592   	301   	132   	64    	37    	16    	7     	7     	2     	2     	1     	nan   	nan   
100000   	3    	5.797700e-03	1     	2     	4     	8     	16    	31    	61    	119   	218   	376   	646   	1072  	1704  	2578  	3639  	4780  	5952  	7035  	8030  	8479  	8587  	8514  	7894  	6975  	6010  	4848  	3819  	2871  	2073  	1435  	929   	584   	342   	194   	95    	44    	23    	7     	5     	nan   	nan   	nan   	nan   

