Criação das árvores ordenadas:
n_persons	index	time        
100000   	0    	7.237110e-02
100000   	1    	6.519420e-02
100000   	2    	5.472210e-02
100000   	3    	5.263280e-02

Procura de nós nas árvores:
n_persons	index	time        
100000   	0    	5.120780e-02
100000   	1    	5.968370e-02
100000   	2    	5.724610e-02
100000   	3    	4.770780e-02

Maior profundidade das árvores:
n_persons	index	time        	depth
100000   	0    	4.452600e-03	39   
100000   	1    	4.335500e-03	38   
100000   	2    	5.024900e-03	38   
100000   	3    	4.855900e-03	39   

Número de nós em cada nível:
n_persons	index	time        	lvl0  	lvl1  	lvl2  	lvl3  	lvl4  	lvl5  	lvl6  	lvl7  	lvl8  	lvl9  	lvl10 	lvl11 	lvl12 	lvl13 	lvl14 	lvl15 	lvl16 	lvl17 	lvl18 	lvl19 	lvl20 	lvl21 	lvl22 	lvl23 	lvl24 	lvl25 	lvl26 	lvl27 	lvl28 	lvl29 	lvl30 	lvl31 	lvl32 	lvl33 	lvl34 	lvl35 	lvl36 	lvl37 	lvl38 	lvl39 
100000   	0    	3.917900e-03	1     	2     	4     	8     	16    	32    	62    	122   	216   	381   	654   	1098  	1729  	2595  	3680  	4845  	6034  	7317  	8342  	8921  	9074  	8879  	8059  	6998  	5866  	4567  	3398  	2415  	1703  	1152  	737   	441   	275   	169   	107   	55    	27    	11    	7     	1     
100000   	1    	3.868000e-03	1     	2     	4     	8     	16    	32    	62    	113   	193   	341   	586   	999   	1597  	2452  	3460  	4571  	5805  	6879  	7719  	8370  	8693  	8760  	8196  	7467  	6391  	5229  	4049  	2876  	1985  	1313  	815   	482   	277   	141   	71    	31    	11    	2     	1     	nan   
100000   	2    	4.662700e-03	1     	2     	4     	8     	16    	32    	63    	108   	196   	320   	507   	785   	1207  	1792  	2616  	3598  	4706  	5834  	6884  	7879  	8464  	8928  	8878  	8290  	7300  	6169  	4899  	3736  	2597  	1754  	1102  	625   	340   	185   	101   	41    	23    	8     	2     	nan   
100000   	3    	4.796300e-03	1     	2     	4     	8     	16    	32    	64    	125   	237   	428   	747   	1222  	1893  	2839  	3987  	5401  	6806  	8025  	8885  	9329  	9290  	8660  	7714  	6563  	5401  	4130  	2985  	2049  	1317  	813   	497   	271   	142   	69    	32    	9     	4     	1     	1     	1     

