Criação das árvores ordenadas:
n_persons	index	time        
100000   	0    	5.292180e-02
100000   	1    	6.307110e-02
100000   	2    	5.315890e-02
100000   	3    	4.621230e-02

Procura de nós nas árvores:
n_persons	index	time        
100000   	0    	5.452110e-02
100000   	1    	6.059820e-02
100000   	2    	5.364360e-02
100000   	3    	5.004540e-02

Maior profundidade das árvores:
n_persons	index	time        	depth
100000   	0    	4.371900e-03	40   
100000   	1    	4.469200e-03	39   
100000   	2    	4.941900e-03	40   
100000   	3    	4.848200e-03	42   

Número de nós em cada nível:
n_persons	index	time        	lvl0  	lvl1  	lvl2  	lvl3  	lvl4  	lvl5  	lvl6  	lvl7  	lvl8  	lvl9  	lvl10 	lvl11 	lvl12 	lvl13 	lvl14 	lvl15 	lvl16 	lvl17 	lvl18 	lvl19 	lvl20 	lvl21 	lvl22 	lvl23 	lvl24 	lvl25 	lvl26 	lvl27 	lvl28 	lvl29 	lvl30 	lvl31 	lvl32 	lvl33 	lvl34 	lvl35 	lvl36 	lvl37 	lvl38 	lvl39 	lvl40 	lvl41 	lvl42 
100000   	0    	3.742600e-03	1     	2     	4     	8     	16    	32    	64    	121   	222   	384   	634   	981   	1506  	2168  	3029  	3972  	5014  	6073  	6964  	7663  	8118  	8268  	7997  	7354  	6556  	5590  	4544  	3582  	2757  	2088  	1540  	1039  	718   	451   	274   	142   	69    	30    	17    	7     	1     	nan   	nan   
100000   	1    	3.872500e-03	1     	2     	4     	8     	16    	32    	64    	125   	240   	450   	799   	1315  	2086  	3163  	4433  	5778  	6992  	8063  	8638  	8714  	8461  	7801  	7014  	6081  	5060  	4119  	3248  	2453  	1709  	1217  	807   	484   	302   	169   	95    	41    	12    	2     	1     	1     	nan   	nan   	nan   
100000   	2    	4.655600e-03	1     	2     	4     	8     	16    	31    	62    	115   	203   	358   	601   	978   	1525  	2177  	3067  	4122  	5370  	6640  	7771  	8613  	9274  	9156  	8738  	7894  	6617  	5187  	3846  	2750  	1889  	1191  	760   	453   	252   	141   	89    	54    	24    	14    	2     	2     	3     	nan   	nan   
100000   	3    	4.600500e-03	1     	2     	4     	8     	16    	32    	62    	123   	219   	395   	670   	1065  	1620  	2358  	3190  	4236  	5234  	6151  	7008  	7569  	7958  	8089  	7826  	7224  	6392  	5549  	4663  	3767  	2874  	2075  	1421  	900   	523   	314   	193   	111   	66    	39    	27    	12    	7     	6     	1     

