Criação das árvores ordenadas:
n_persons	index	time        
100000   	0    	7.377560e-02
100000   	1    	1.107599e-01
100000   	2    	1.182085e-01
100000   	3    	7.514410e-02

Procura de nós nas árvores:
n_persons	index	time        
100000   	0    	7.587560e-02
100000   	1    	8.978410e-02
100000   	2    	8.934840e-02
100000   	3    	7.483360e-02

Maior profundidade das árvores:
n_persons	index	time        	depth
100000   	0    	5.831000e-03	44   
100000   	1    	5.247600e-03	43   
100000   	2    	5.578700e-03	40   
100000   	3    	5.730700e-03	38   

Número de nós em cada nível:
n_persons	index	time        	lvl0  	lvl1  	lvl2  	lvl3  	lvl4  	lvl5  	lvl6  	lvl7  	lvl8  	lvl9  	lvl10 	lvl11 	lvl12 	lvl13 	lvl14 	lvl15 	lvl16 	lvl17 	lvl18 	lvl19 	lvl20 	lvl21 	lvl22 	lvl23 	lvl24 	lvl25 	lvl26 	lvl27 	lvl28 	lvl29 	lvl30 	lvl31 	lvl32 	lvl33 	lvl34 	lvl35 	lvl36 	lvl37 	lvl38 	lvl39 	lvl40 	lvl41 	lvl42 	lvl43 	lvl44 
100000   	0    	5.468800e-03	1     	2     	4     	8     	16    	32    	63    	117   	220   	378   	620   	988   	1474  	2090  	2950  	3895  	4995  	6098  	7096  	7787  	8308  	8330  	8027  	7521  	6706  	5698  	4650  	3511  	2617  	1908  	1336  	887   	591   	377   	246   	149   	104   	69    	42    	32    	21    	16    	13    	6     	1     
100000   	1    	5.051900e-03	1     	2     	4     	8     	16    	31    	61    	120   	232   	436   	753   	1256  	1994  	2909  	4114  	5459  	6658  	7707  	8406  	8712  	8607  	8076  	7432  	6388  	5292  	4173  	3209  	2307  	1718  	1252  	866   	599   	429   	304   	195   	124   	61    	38    	23    	14    	7     	3     	3     	1     	nan   
100000   	2    	5.349500e-03	1     	2     	4     	8     	16    	32    	62    	118   	220   	391   	672   	1065  	1549  	2149  	2834  	3605  	4373  	5234  	5997  	6619  	6950  	7099  	7095  	6841  	6527  	6119  	5541  	4867  	4071  	3104  	2363  	1684  	1161  	722   	448   	255   	122   	54    	21    	4     	1     	nan   	nan   	nan   	nan   
100000   	3    	5.364700e-03	1     	2     	4     	8     	16    	32    	64    	126   	241   	447   	787   	1310  	2120  	3206  	4518  	6003  	7350  	8542  	9254  	9468  	9144  	8265  	7217  	6075  	4723  	3532  	2566  	1771  	1218  	785   	507   	309   	184   	108   	54    	25    	11    	5     	2     	nan   	nan   	nan   	nan   	nan   	nan   

