Criação das árvores ordenadas:
n_persons	index	time        
100000   	0    	5.497160e-02
100000   	1    	6.990590e-02
100000   	2    	5.773990e-02
100000   	3    	4.861270e-02

Procura de nós nas árvores:
n_persons	index	time        
100000   	0    	5.272230e-02
100000   	1    	6.420620e-02
100000   	2    	5.809110e-02
100000   	3    	4.953290e-02

Maior profundidade das árvores:
n_persons	index	time        	depth
100000   	0    	4.708700e-03	41   
100000   	1    	4.632600e-03	41   
100000   	2    	5.654100e-03	39   
100000   	3    	5.191800e-03	40   

Número de nós em cada nível:
n_persons	index	time        	lvl0  	lvl1  	lvl2  	lvl3  	lvl4  	lvl5  	lvl6  	lvl7  	lvl8  	lvl9  	lvl10 	lvl11 	lvl12 	lvl13 	lvl14 	lvl15 	lvl16 	lvl17 	lvl18 	lvl19 	lvl20 	lvl21 	lvl22 	lvl23 	lvl24 	lvl25 	lvl26 	lvl27 	lvl28 	lvl29 	lvl30 	lvl31 	lvl32 	lvl33 	lvl34 	lvl35 	lvl36 	lvl37 	lvl38 	lvl39 	lvl40 	lvl41 
100000   	0    	4.116800e-03	1     	2     	4     	8     	16    	31    	61    	116   	212   	367   	579   	874   	1273  	1757  	2413  	3074  	3795  	4637  	5430  	6110  	6657  	7077  	7189  	7216  	7077  	6667  	5972  	5122  	4276  	3442  	2695  	2033  	1472  	1010  	642   	332   	184   	87    	53    	24    	11    	2     
100000   	1    	4.185500e-03	1     	2     	4     	8     	16    	32    	64    	124   	239   	438   	756   	1261  	2030  	3050  	4260  	5580  	6872  	7921  	8532  	8799  	8704  	7970  	7028  	5880  	4865  	3983  	3180  	2551  	1917  	1435  	1008  	639   	419   	227   	107   	44    	20    	17    	9     	4     	2     	2     
100000   	2    	5.457200e-03	1     	2     	4     	8     	16    	32    	62    	118   	228   	407   	693   	1115  	1742  	2503  	3499  	4664  	5922  	7318  	8329  	9044  	9255  	8911  	8145  	7193  	5905  	4599  	3447  	2436  	1677  	1089  	698   	423   	244   	126   	71    	42    	17    	7     	6     	2     	nan   	nan   
100000   	3    	6.456300e-03	1     	2     	4     	8     	15    	29    	56    	110   	207   	357   	587   	945   	1448  	2143  	3071  	4202  	5322  	6542  	7588  	8567  	9127  	9195  	8617  	7756  	6708  	5342  	3992  	2861  	1971  	1289  	838   	506   	280   	154   	89    	41    	17    	8     	3     	1     	1     	nan   

