Criação das árvores ordenadas:
n_persons	index	time        
100000   	0    	5.327520e-02
100000   	1    	6.367870e-02
100000   	2    	5.666800e-02
100000   	3    	4.826230e-02

Procura de nós nas árvores:
n_persons	index	time        
100000   	0    	5.178260e-02
100000   	1    	6.333870e-02
100000   	2    	5.509610e-02
100000   	3    	4.755850e-02

Maior profundidade das árvores:
n_persons	index	time        	depth
100000   	0    	4.506800e-03	36   
100000   	1    	4.616000e-03	39   
100000   	2    	4.920500e-03	42   
100000   	3    	4.883200e-03	42   

Número de nós em cada nível:
n_persons	index	time        	lvl0  	lvl1  	lvl2  	lvl3  	lvl4  	lvl5  	lvl6  	lvl7  	lvl8  	lvl9  	lvl10 	lvl11 	lvl12 	lvl13 	lvl14 	lvl15 	lvl16 	lvl17 	lvl18 	lvl19 	lvl20 	lvl21 	lvl22 	lvl23 	lvl24 	lvl25 	lvl26 	lvl27 	lvl28 	lvl29 	lvl30 	lvl31 	lvl32 	lvl33 	lvl34 	lvl35 	lvl36 	lvl37 	lvl38 	lvl39 	lvl40 	lvl41 	lvl42 
100000   	0    	4.635100e-03	1     	2     	4     	8     	16    	32    	63    	123   	236   	432   	766   	1308  	2062  	3132  	4468  	5855  	7164  	8240  	9021  	9382  	9143  	8468  	7636  	6438  	5118  	3812  	2660  	1762  	1148  	642   	377   	219   	149   	70    	31    	9     	3     	nan   	nan   	nan   	nan   	nan   	nan   
100000   	1    	4.113900e-03	1     	2     	4     	8     	16    	31    	58    	110   	214   	403   	686   	1167  	1881  	2886  	4172  	5585  	6840  	8073  	8901  	9158  	9134  	8601  	7606  	6520  	5215  	4006  	2990  	2130  	1444  	890   	539   	298   	177   	103   	66    	45    	29    	6     	4     	1     	nan   	nan   	nan   
100000   	2    	4.205100e-03	1     	2     	4     	8     	16    	32    	64    	125   	231   	416   	680   	1074  	1613  	2339  	3227  	4272  	5408  	6415  	7307  	7972  	8408  	8339  	7995  	7495  	6682  	5535  	4413  	3341  	2354  	1635  	1067  	709   	419   	217   	112   	42    	14    	6     	3     	2     	3     	2     	1     
100000   	3    	4.449400e-03	1     	2     	4     	8     	16    	32    	62    	119   	223   	397   	669   	1108  	1797  	2742  	3851  	5115  	6476  	7737  	8748  	9274  	9218  	8677  	7713  	6594  	5342  	4079  	3049  	2192  	1562  	1025  	698   	473   	327   	222   	132   	108   	73    	56    	40    	23    	12    	3     	1     

