Criação das árvores ordenadas:
n_persons	index	time        
100000   	0    	5.835990e-02
100000   	1    	6.972100e-02
100000   	2    	6.283440e-02
100000   	3    	4.944240e-02

Procura de nós nas árvores:
n_persons	index	time        
100000   	0    	5.724800e-02
100000   	1    	6.923520e-02
100000   	2    	6.054520e-02
100000   	3    	5.623990e-02

Maior profundidade das árvores:
n_persons	index	time        	depth
100000   	0    	4.644400e-03	38   
100000   	1    	5.965100e-03	37   
100000   	2    	6.002000e-03	40   
100000   	3    	5.350100e-03	39   

Número de nós em cada nível:
n_persons	index	time        	lvl0  	lvl1  	lvl2  	lvl3  	lvl4  	lvl5  	lvl6  	lvl7  	lvl8  	lvl9  	lvl10 	lvl11 	lvl12 	lvl13 	lvl14 	lvl15 	lvl16 	lvl17 	lvl18 	lvl19 	lvl20 	lvl21 	lvl22 	lvl23 	lvl24 	lvl25 	lvl26 	lvl27 	lvl28 	lvl29 	lvl30 	lvl31 	lvl32 	lvl33 	lvl34 	lvl35 	lvl36 	lvl37 	lvl38 	lvl39 	lvl40 
100000   	0    	5.094800e-03	1     	2     	4     	8     	16    	32    	64    	114   	208   	365   	624   	1030  	1622  	2440  	3474  	4739  	6038  	7234  	8216  	8851  	9071  	8781  	8183  	7283  	6102  	4803  	3740  	2646  	1740  	1108  	670   	388   	216   	106   	46    	21    	9     	4     	1     	nan   	nan   
100000   	1    	4.514800e-03	1     	2     	4     	8     	16    	32    	64    	127   	243   	449   	801   	1348  	2123  	3151  	4298  	5634  	6792  	7829  	8456  	8788  	8677  	8068  	7263  	6267  	5119  	4121  	3163  	2354  	1723  	1185  	769   	483   	331   	180   	77    	35    	16    	3     	nan   	nan   	nan   
100000   	2    	4.683400e-03	1     	2     	4     	8     	16    	32    	64    	124   	237   	433   	764   	1271  	2004  	2995  	4166  	5421  	6811  	7926  	8787  	9132  	9039  	8363  	7437  	6234  	4972  	3749  	2834  	2109  	1549  	1161  	843   	591   	372   	242   	149   	81    	42    	22    	7     	4     	2     
100000   	3    	5.093400e-03	1     	2     	4     	8     	16    	32    	64    	125   	236   	426   	723   	1164  	1786  	2608  	3602  	4784  	5914  	6928  	7759  	8324  	8350  	8110  	7560  	6856  	5977  	4950  	3998  	3083  	2344  	1655  	1107  	675   	385   	211   	111   	57    	37    	20    	6     	2     	nan   

