Criação das árvores ordenadas:
n_persons	index	time        
100000   	0    	7.292730e-02
100000   	1    	6.699360e-02
100000   	2    	5.426730e-02
100000   	3    	4.685960e-02

Procura de nós nas árvores:
n_persons	index	time        
100000   	0    	5.210940e-02
100000   	1    	6.371580e-02
100000   	2    	5.930970e-02
100000   	3    	5.319320e-02

Maior profundidade das árvores:
n_persons	index	time        	depth
100000   	0    	4.436000e-03	40   
100000   	1    	4.246000e-03	42   
100000   	2    	4.776000e-03	38   
100000   	3    	5.203400e-03	43   

Número de nós em cada nível:
n_persons	index	time        	lvl0  	lvl1  	lvl2  	lvl3  	lvl4  	lvl5  	lvl6  	lvl7  	lvl8  	lvl9  	lvl10 	lvl11 	lvl12 	lvl13 	lvl14 	lvl15 	lvl16 	lvl17 	lvl18 	lvl19 	lvl20 	lvl21 	lvl22 	lvl23 	lvl24 	lvl25 	lvl26 	lvl27 	lvl28 	lvl29 	lvl30 	lvl31 	lvl32 	lvl33 	lvl34 	lvl35 	lvl36 	lvl37 	lvl38 	lvl39 	lvl40 	lvl41 	lvl42 	lvl43 
100000   	0    	4.009600e-03	1     	2     	4     	8     	16    	32    	64    	126   	236   	425   	754   	1271  	1978  	2940  	4105  	5501  	6861  	8029  	8812  	9259  	9128  	8622  	7748  	6412  	5184  	3947  	2811  	1969  	1342  	906   	620   	393   	213   	121   	81    	43    	22    	9     	3     	1     	1     	nan   	nan   	nan   
100000   	1    	3.758800e-03	1     	2     	4     	8     	16    	32    	64    	125   	234   	428   	760   	1264  	2023  	3034  	4216  	5589  	6950  	7984  	8838  	9115  	8975  	8236  	7294  	6094  	4867  	3812  	2965  	2163  	1548  	1057  	739   	505   	352   	242   	179   	115   	74    	43    	25    	16    	7     	3     	2     	nan   
100000   	2    	4.261300e-03	1     	2     	4     	8     	16    	32    	64    	124   	230   	420   	738   	1204  	1875  	2814  	3980  	5287  	6624  	7804  	8672  	9207  	9205  	8743  	7950  	6694  	5388  	4150  	3070  	2159  	1430  	901   	542   	314   	181   	97    	39    	21    	6     	3     	1     	nan   	nan   	nan   	nan   	nan   
100000   	3    	4.453000e-03	1     	2     	4     	8     	16    	32    	64    	121   	217   	382   	650   	1061  	1599  	2306  	3126  	4043  	5090  	6162  	7108  	7924  	8236  	8265  	7994  	7424  	6654  	5530  	4542  	3560  	2604  	1856  	1217  	780   	456   	282   	195   	151   	118   	85    	60    	43    	18    	8     	4     	2     

