Criação das árvores ordenadas:
n_persons	index	time        
100000   	0    	5.153440e-02
100000   	1    	6.453010e-02
100000   	2    	5.822960e-02
100000   	3    	4.855280e-02

Procura de nós nas árvores:
n_persons	index	time        
100000   	0    	5.583050e-02
100000   	1    	6.655340e-02
100000   	2    	5.718160e-02
100000   	3    	5.274120e-02

Maior profundidade das árvores:
n_persons	index	time        	depth
100000   	0    	5.420400e-03	37   
100000   	1    	4.766300e-03	39   
100000   	2    	4.989000e-03	41   
100000   	3    	5.308100e-03	38   

Número de nós em cada nível:
n_persons	index	time        	lvl0  	lvl1  	lvl2  	lvl3  	lvl4  	lvl5  	lvl6  	lvl7  	lvl8  	lvl9  	lvl10 	lvl11 	lvl12 	lvl13 	lvl14 	lvl15 	lvl16 	lvl17 	lvl18 	lvl19 	lvl20 	lvl21 	lvl22 	lvl23 	lvl24 	lvl25 	lvl26 	lvl27 	lvl28 	lvl29 	lvl30 	lvl31 	lvl32 	lvl33 	lvl34 	lvl35 	lvl36 	lvl37 	lvl38 	lvl39 	lvl40 	lvl41 
100000   	0    	4.381900e-03	1     	2     	4     	8     	16    	32    	62    	117   	217   	387   	658   	1060  	1626  	2352  	3236  	4275  	5310  	6445  	7278  	7889  	8347  	8307  	8074  	7549  	6776  	5643  	4581  	3351  	2417  	1627  	1004  	603   	348   	212   	108   	56    	16    	6     	nan   	nan   	nan   	nan   
100000   	1    	3.975500e-03	1     	2     	4     	8     	16    	32    	62    	116   	213   	375   	612   	963   	1418  	1979  	2647  	3522  	4537  	5572  	6570  	7474  	8046  	8253  	8166  	7763  	7076  	6248  	5173  	4167  	3112  	2166  	1437  	926   	600   	337   	197   	104   	60    	31    	13    	2     	nan   	nan   
100000   	2    	4.253600e-03	1     	2     	4     	8     	16    	31    	60    	112   	199   	339   	540   	828   	1219  	1759  	2421  	3194  	4007  	4896  	5577  	6187  	6720  	7030  	7334  	7356  	7219  	6811  	6121  	5251  	4296  	3318  	2373  	1713  	1158  	792   	513   	283   	165   	71    	39    	19    	12    	6     
100000   	3    	4.772200e-03	1     	2     	4     	8     	16    	32    	64    	126   	246   	445   	790   	1318  	2103  	3122  	4432  	5828  	7212  	8446  	9420  	9895  	9674  	8908  	7683  	6243  	4854  	3424  	2302  	1441  	902   	536   	275   	136   	56    	30    	16    	5     	2     	2     	1     	nan   	nan   	nan   

