Criação das árvores ordenadas:
n_persons	index	time        
100000   	0    	5.015850e-02
100000   	1    	6.290090e-02
100000   	2    	5.654910e-02
100000   	3    	4.719400e-02

Procura de nós nas árvores:
n_persons	index	time        
100000   	0    	5.819350e-02
100000   	1    	6.447430e-02
100000   	2    	5.655760e-02
100000   	3    	4.902830e-02

Maior profundidade das árvores:
n_persons	index	time        	depth
100000   	0    	4.458000e-03	39   
100000   	1    	4.329800e-03	42   
100000   	2    	5.076800e-03	42   
100000   	3    	5.148400e-03	38   

Número de nós em cada nível:
n_persons	index	time        	lvl0  	lvl1  	lvl2  	lvl3  	lvl4  	lvl5  	lvl6  	lvl7  	lvl8  	lvl9  	lvl10 	lvl11 	lvl12 	lvl13 	lvl14 	lvl15 	lvl16 	lvl17 	lvl18 	lvl19 	lvl20 	lvl21 	lvl22 	lvl23 	lvl24 	lvl25 	lvl26 	lvl27 	lvl28 	lvl29 	lvl30 	lvl31 	lvl32 	lvl33 	lvl34 	lvl35 	lvl36 	lvl37 	lvl38 	lvl39 	lvl40 	lvl41 	lvl42 
100000   	0    	3.894800e-03	1     	2     	4     	8     	16    	32    	64    	126   	236   	412   	707   	1155  	1809  	2690  	3754  	5012  	6265  	7430  	8386  	8881  	8982  	8624  	7884  	6767  	5482  	4323  	3271  	2433  	1714  	1235  	875   	565   	371   	235   	133   	66    	30    	13    	5     	2     	nan   	nan   	nan   
100000   	1    	4.528600e-03	1     	2     	4     	8     	16    	32    	62    	117   	220   	392   	665   	1102  	1703  	2412  	3241  	4134  	5052  	5989  	6749  	7336  	7748  	7979  	7780  	7395  	6649  	5861  	4782  	3830  	2936  	2154  	1456  	950   	550   	313   	180   	93    	50    	29    	12    	7     	4     	3     	2     
100000   	2    	5.942500e-03	1     	2     	4     	8     	16    	32    	64    	122   	232   	401   	670   	1062  	1558  	2180  	2919  	3738  	4604  	5402  	6008  	6622  	7067  	7261  	7362  	7194  	6789  	6215  	5357  	4404  	3490  	2742  	2047  	1478  	1041  	727   	495   	285   	177   	104   	51    	35    	14    	13    	7     
100000   	3    	5.116700e-03	1     	2     	4     	8     	16    	32    	63    	118   	226   	404   	707   	1139  	1786  	2646  	3760  	5109  	6473  	7796  	8804  	9289  	9200  	8584  	7742  	6609  	5380  	4155  	3133  	2282  	1666  	1171  	735   	440   	256   	143   	64    	29    	18    	7     	3     	nan   	nan   	nan   	nan   

