Criação das árvores ordenadas:
n_persons	index	time        
100000   	0    	5.463140e-02
100000   	1    	6.625000e-02
100000   	2    	1.017616e-01
100000   	3    	6.152380e-02

Procura de nós nas árvores:
n_persons	index	time        
100000   	0    	5.711420e-02
100000   	1    	7.471280e-02
100000   	2    	7.167090e-02
100000   	3    	5.460600e-02

Maior profundidade das árvores:
n_persons	index	time        	depth
100000   	0    	4.343800e-03	40   
100000   	1    	4.286300e-03	36   
100000   	2    	5.152500e-03	36   
100000   	3    	4.901100e-03	41   

Número de nós em cada nível:
n_persons	index	time        	lvl0  	lvl1  	lvl2  	lvl3  	lvl4  	lvl5  	lvl6  	lvl7  	lvl8  	lvl9  	lvl10 	lvl11 	lvl12 	lvl13 	lvl14 	lvl15 	lvl16 	lvl17 	lvl18 	lvl19 	lvl20 	lvl21 	lvl22 	lvl23 	lvl24 	lvl25 	lvl26 	lvl27 	lvl28 	lvl29 	lvl30 	lvl31 	lvl32 	lvl33 	lvl34 	lvl35 	lvl36 	lvl37 	lvl38 	lvl39 	lvl40 	lvl41 
100000   	0    	3.933300e-03	1     	2     	4     	8     	16    	32    	62    	118   	210   	361   	617   	1001  	1564  	2261  	3096  	4002  	5081  	6269  	7431  	8254  	8716  	8718  	8365  	7639  	6483  	5343  	4260  	3235  	2359  	1642  	1083  	707   	443   	274   	147   	85    	57    	31    	16    	6     	1     	nan   
100000   	1    	3.926800e-03	1     	2     	4     	8     	16    	32    	63    	122   	231   	415   	695   	1165  	1785  	2557  	3473  	4495  	5653  	6684  	7677  	8275  	8449  	8375  	7952  	7232  	6365  	5348  	4326  	3166  	2196  	1402  	843   	515   	267   	121   	56    	26    	8     	nan   	nan   	nan   	nan   	nan   
100000   	2    	4.273600e-03	1     	2     	4     	8     	16    	32    	59    	117   	215   	365   	593   	971   	1492  	2171  	3034  	4110  	5324  	6496  	7673  	8602  	9097  	9163  	8816  	7831  	6606  	5231  	4023  	2911  	2021  	1372  	795   	445   	230   	106   	46    	16    	6     	nan   	nan   	nan   	nan   	nan   
100000   	3    	4.979600e-03	1     	2     	4     	8     	16    	32    	62    	118   	212   	355   	596   	955   	1501  	2250  	3281  	4457  	5823  	7010  	8024  	8764  	8886  	8741  	8186  	7240  	6170  	4997  	3850  	2827  	2024  	1391  	921   	563   	322   	181   	112   	58    	32    	17    	5     	3     	2     	1     

