Criação das árvores ordenadas:
n_persons	index	time        
100000   	0    	5.116960e-02
100000   	1    	6.614840e-02
100000   	2    	6.143380e-02
100000   	3    	5.504670e-02

Procura de nós nas árvores:
n_persons	index	time        
100000   	0    	5.637070e-02
100000   	1    	6.952610e-02
100000   	2    	7.267710e-02
100000   	3    	7.536210e-02

Maior profundidade das árvores:
n_persons	index	time        	depth
100000   	0    	4.532200e-03	39   
100000   	1    	4.740800e-03	42   
100000   	2    	6.024600e-03	41   
100000   	3    	6.542500e-03	38   

Número de nós em cada nível:
n_persons	index	time        	lvl0  	lvl1  	lvl2  	lvl3  	lvl4  	lvl5  	lvl6  	lvl7  	lvl8  	lvl9  	lvl10 	lvl11 	lvl12 	lvl13 	lvl14 	lvl15 	lvl16 	lvl17 	lvl18 	lvl19 	lvl20 	lvl21 	lvl22 	lvl23 	lvl24 	lvl25 	lvl26 	lvl27 	lvl28 	lvl29 	lvl30 	lvl31 	lvl32 	lvl33 	lvl34 	lvl35 	lvl36 	lvl37 	lvl38 	lvl39 	lvl40 	lvl41 	lvl42 
100000   	0    	4.418800e-03	1     	2     	4     	8     	16    	32    	63    	122   	237   	448   	794   	1304  	2036  	2969  	3971  	5104  	6174  	7120  	7887  	8530  	8544  	8285  	7615  	6643  	5585  	4553  	3532  	2694  	1957  	1386  	950   	640   	389   	220   	104   	44    	23    	9     	4     	1     	nan   	nan   	nan   
100000   	1    	5.499700e-03	1     	2     	4     	8     	16    	32    	61    	110   	199   	356   	633   	1050  	1646  	2418  	3328  	4369  	5417  	6437  	7182  	7639  	7858  	7695  	7365  	6859  	6251  	5420  	4605  	3794  	2954  	2198  	1527  	984   	652   	404   	238   	122   	70    	46    	29    	13    	6     	1     	1     
100000   	2    	6.897700e-03	1     	2     	4     	8     	16    	32    	63    	116   	220   	397   	669   	1082  	1652  	2393  	3296  	4399  	5633  	6842  	7935  	8635  	9020  	8926  	8349  	7404  	6139  	4958  	3693  	2739  	1940  	1287  	858   	522   	307   	195   	105   	65    	35    	25    	18    	11    	5     	4     	nan   
100000   	3    	4.962400e-03	1     	2     	4     	8     	16    	32    	64    	126   	238   	434   	754   	1261  	1935  	2858  	3998  	5278  	6509  	7776  	8768  	9291  	9108  	8630  	7799  	6545  	5251  	4051  	3030  	2170  	1428  	998   	647   	422   	250   	140   	82    	49    	31    	10    	6     	nan   	nan   	nan   	nan   

