Criação das árvores ordenadas:
n_persons	index	time        
100000   	0    	7.857280e-02
100000   	1    	9.445280e-02
100000   	2    	6.719990e-02
100000   	3    	4.934590e-02

Procura de nós nas árvores:
n_persons	index	time        
100000   	0    	5.684150e-02
100000   	1    	9.628430e-02
100000   	2    	5.883100e-02
100000   	3    	6.274490e-02

Maior profundidade das árvores:
n_persons	index	time        	depth
100000   	0    	5.029500e-03	38   
100000   	1    	5.287900e-03	41   
100000   	2    	5.832300e-03	37   
100000   	3    	5.487500e-03	41   

Número de nós em cada nível:
n_persons	index	time        	lvl0  	lvl1  	lvl2  	lvl3  	lvl4  	lvl5  	lvl6  	lvl7  	lvl8  	lvl9  	lvl10 	lvl11 	lvl12 	lvl13 	lvl14 	lvl15 	lvl16 	lvl17 	lvl18 	lvl19 	lvl20 	lvl21 	lvl22 	lvl23 	lvl24 	lvl25 	lvl26 	lvl27 	lvl28 	lvl29 	lvl30 	lvl31 	lvl32 	lvl33 	lvl34 	lvl35 	lvl36 	lvl37 	lvl38 	lvl39 	lvl40 	lvl41 
100000   	0    	4.647600e-03	1     	2     	4     	8     	16    	32    	64    	125   	242   	446   	788   	1342  	2150  	3268  	4550  	5996  	7466  	8790  	9647  	9717  	9205  	8221  	6907  	5563  	4295  	3274  	2443  	1779  	1313  	921   	614   	369   	217   	121   	48    	31    	16    	7     	2     	nan   	nan   	nan   
100000   	1    	4.717500e-03	1     	2     	4     	8     	16    	32    	64    	124   	232   	398   	652   	1049  	1545  	2284  	3244  	4351  	5490  	6729  	7752  	8546  	8767  	8663  	8199  	7394  	6321  	5278  	4119  	3025  	2070  	1349  	965   	568   	343   	189   	100   	57    	39    	18    	6     	4     	2     	1     
100000   	2    	8.811600e-03	1     	2     	4     	8     	16    	32    	62    	117   	222   	401   	688   	1126  	1791  	2749  	3900  	5204  	6590  	7736  	8669  	9106  	9099  	8670  	7852  	6612  	5471  	4309  	3247  	2289  	1546  	1044  	637   	379   	211   	123   	60    	21    	5     	1     	nan   	nan   	nan   	nan   
100000   	3    	6.248500e-03	1     	2     	4     	8     	16    	31    	62    	120   	223   	402   	660   	1050  	1598  	2319  	3219  	4271  	5419  	6640  	7764  	8440  	8870  	8651  	8295  	7452  	6324  	5115  	4040  	3108  	2144  	1407  	918   	611   	363   	226   	123   	52    	23    	12    	8     	6     	2     	1     

