Criação das árvores ordenadas:
n_persons	index	time        
100000   	0    	5.567240e-02
100000   	1    	7.656360e-02
100000   	2    	5.885930e-02
100000   	3    	4.955080e-02

Procura de nós nas árvores:
n_persons	index	time        
100000   	0    	5.345330e-02
100000   	1    	5.847630e-02
100000   	2    	5.774580e-02
100000   	3    	5.451310e-02

Maior profundidade das árvores:
n_persons	index	time        	depth
100000   	0    	5.539800e-03	41   
100000   	1    	6.138600e-03	36   
100000   	2    	6.142600e-03	42   
100000   	3    	5.030000e-03	38   

Número de nós em cada nível:
n_persons	index	time        	lvl0  	lvl1  	lvl2  	lvl3  	lvl4  	lvl5  	lvl6  	lvl7  	lvl8  	lvl9  	lvl10 	lvl11 	lvl12 	lvl13 	lvl14 	lvl15 	lvl16 	lvl17 	lvl18 	lvl19 	lvl20 	lvl21 	lvl22 	lvl23 	lvl24 	lvl25 	lvl26 	lvl27 	lvl28 	lvl29 	lvl30 	lvl31 	lvl32 	lvl33 	lvl34 	lvl35 	lvl36 	lvl37 	lvl38 	lvl39 	lvl40 	lvl41 	lvl42 
100000   	0    	4.584900e-03	1     	2     	4     	8     	16    	32    	61    	115   	207   	349   	589   	941   	1450  	2108  	2857  	3726  	4665  	5609  	6512  	7229  	7676  	7783  	7624  	7158  	6564  	5779  	4965  	4167  	3326  	2639  	1963  	1365  	918   	631   	412   	251   	154   	67    	42    	26    	8     	1     	nan   
100000   	1    	4.008900e-03	1     	2     	4     	8     	16    	32    	63    	121   	234   	441   	776   	1298  	2050  	3060  	4275  	5604  	6857  	7943  	8800  	9232  	9243  	8768  	7806  	6613  	5278  	3968  	2824  	1854  	1205  	732   	445   	227   	117   	60    	31    	11    	1     	nan   	nan   	nan   	nan   	nan   	nan   
100000   	2    	4.787600e-03	1     	2     	4     	8     	16    	32    	63    	119   	229   	425   	748   	1226  	1868  	2731  	3820  	5074  	6352  	7410  	8235  	8712  	8842  	8487  	7691  	6763  	5571  	4438  	3398  	2486  	1795  	1220  	805   	549   	354   	198   	132   	85    	55    	27    	11    	9     	5     	2     	2     
100000   	3    	4.504700e-03	1     	2     	4     	8     	16    	32    	64    	123   	238   	432   	748   	1215  	1862  	2714  	3689  	4882  	6067  	7191  	8020  	8522  	8659  	8302  	7694  	6852  	5877  	4756  	3644  	2660  	1900  	1339  	968   	628   	397   	250   	140   	65    	27    	9     	3     	nan   	nan   	nan   	nan   

