Criação das árvores ordenadas:
n_persons	index	time        
100000   	0    	6.990260e-02
100000   	1    	7.541870e-02
100000   	2    	5.995930e-02
100000   	3    	5.161130e-02

Procura de nós nas árvores:
n_persons	index	time        
100000   	0    	7.826680e-02
100000   	1    	9.306950e-02
100000   	2    	7.098480e-02
100000   	3    	5.089060e-02

Maior profundidade das árvores:
n_persons	index	time        	depth
100000   	0    	4.346800e-03	41   
100000   	1    	4.345500e-03	40   
100000   	2    	5.219500e-03	40   
100000   	3    	4.906100e-03	36   

Número de nós em cada nível:
n_persons	index	time        	lvl0  	lvl1  	lvl2  	lvl3  	lvl4  	lvl5  	lvl6  	lvl7  	lvl8  	lvl9  	lvl10 	lvl11 	lvl12 	lvl13 	lvl14 	lvl15 	lvl16 	lvl17 	lvl18 	lvl19 	lvl20 	lvl21 	lvl22 	lvl23 	lvl24 	lvl25 	lvl26 	lvl27 	lvl28 	lvl29 	lvl30 	lvl31 	lvl32 	lvl33 	lvl34 	lvl35 	lvl36 	lvl37 	lvl38 	lvl39 	lvl40 	lvl41 
100000   	0    	4.010100e-03	1     	2     	4     	8     	16    	32    	64    	126   	246   	466   	836   	1405  	2259  	3301  	4604  	5994  	7360  	8435  	9156  	9217  	8776  	8012  	6863  	5645  	4591  	3535  	2680  	2008  	1514  	1106  	737   	475   	258   	129   	58    	30    	20    	14    	8     	5     	3     	1     
100000   	1    	3.758700e-03	1     	2     	4     	8     	16    	32    	63    	122   	217   	385   	642   	1050  	1596  	2347  	3324  	4387  	5460  	6412  	7313  	7917  	8110  	7859  	7393  	6755  	6059  	5314  	4496  	3616  	2864  	2159  	1528  	1020  	635   	389   	238   	131   	70    	41    	19    	4     	2     	nan   
100000   	2    	4.319200e-03	1     	2     	4     	8     	16    	31    	62    	119   	224   	406   	689   	1152  	1778  	2642  	3723  	4984  	6374  	7512  	8445  	9016  	9099  	8696  	7951  	6808  	5682  	4498  	3409  	2434  	1687  	1037  	641   	367   	228   	130   	63    	35    	20    	12    	9     	5     	1     	nan   
100000   	3    	4.625400e-03	1     	2     	4     	8     	16    	32    	64    	126   	245   	451   	789   	1289  	2000  	2945  	4006  	5243  	6473  	7586  	8460  	8826  	8860  	8467  	7658  	6672  	5567  	4357  	3342  	2420  	1650  	1088  	648   	348   	178   	97    	46    	31    	5     	nan   	nan   	nan   	nan   	nan   

