Criação das árvores ordenadas:
n_persons	index	time        
100000   	0    	1.188612e-01
100000   	1    	8.291980e-02
100000   	2    	5.817980e-02
100000   	3    	4.810850e-02

Procura de nós nas árvores:
n_persons	index	time        
100000   	0    	5.476660e-02
100000   	1    	9.257290e-02
100000   	2    	6.164130e-02
100000   	3    	5.471830e-02

Maior profundidade das árvores:
n_persons	index	time        	depth
100000   	0    	5.281700e-03	41   
100000   	1    	5.096900e-03	40   
100000   	2    	5.731900e-03	36   
100000   	3    	6.895700e-03	39   

Número de nós em cada nível:
n_persons	index	time        	lvl0  	lvl1  	lvl2  	lvl3  	lvl4  	lvl5  	lvl6  	lvl7  	lvl8  	lvl9  	lvl10 	lvl11 	lvl12 	lvl13 	lvl14 	lvl15 	lvl16 	lvl17 	lvl18 	lvl19 	lvl20 	lvl21 	lvl22 	lvl23 	lvl24 	lvl25 	lvl26 	lvl27 	lvl28 	lvl29 	lvl30 	lvl31 	lvl32 	lvl33 	lvl34 	lvl35 	lvl36 	lvl37 	lvl38 	lvl39 	lvl40 	lvl41 
100000   	0    	4.310500e-03	1     	2     	4     	8     	16    	32    	63    	123   	222   	400   	667   	1037  	1512  	2083  	2724  	3383  	4091  	4785  	5461  	5928  	6311  	6721  	7089  	7197  	7155  	6858  	6257  	5326  	4402  	3441  	2465  	1695  	1087  	639   	373   	205   	107   	61    	34    	18    	15    	2     
100000   	1    	4.287500e-03	1     	2     	4     	8     	16    	32    	64    	124   	241   	444   	745   	1181  	1835  	2663  	3650  	4861  	6119  	7358  	8327  	8919  	9045  	8772  	8023  	6925  	5719  	4398  	3261  	2400  	1663  	1190  	780   	491   	292   	176   	122   	75    	39    	16    	12    	5     	2     	nan   
100000   	2    	5.217900e-03	1     	2     	4     	8     	16    	32    	64    	120   	224   	401   	717   	1246  	2046  	3089  	4423  	5901  	7315  	8505  	9410  	9741  	9514  	8698  	7465  	6029  	4710  	3553  	2572  	1719  	1061  	646   	385   	202   	97    	43    	24    	11    	6     	nan   	nan   	nan   	nan   	nan   
100000   	3    	4.788500e-03	1     	2     	4     	8     	16    	32    	63    	125   	242   	457   	828   	1398  	2240  	3384  	4747  	6138  	7586  	8847  	9660  	9903  	9604  	8631  	7281  	5810  	4408  	3091  	2093  	1402  	882   	513   	274   	145   	80    	49    	25    	13    	10    	4     	3     	1     	nan   	nan   

