Criação das árvores ordenadas:
n_persons	index	time        
100000   	0    	4.983290e-02
100000   	1    	6.137150e-02
100000   	2    	5.419770e-02
100000   	3    	5.156980e-02

Procura de nós nas árvores:
n_persons	index	time        
100000   	0    	5.580890e-02
100000   	1    	6.421330e-02
100000   	2    	5.675710e-02
100000   	3    	4.971400e-02

Maior profundidade das árvores:
n_persons	index	time        	depth
100000   	0    	4.489800e-03	40   
100000   	1    	4.432000e-03	40   
100000   	2    	4.725500e-03	38   
100000   	3    	4.850500e-03	37   

Número de nós em cada nível:
n_persons	index	time        	lvl0  	lvl1  	lvl2  	lvl3  	lvl4  	lvl5  	lvl6  	lvl7  	lvl8  	lvl9  	lvl10 	lvl11 	lvl12 	lvl13 	lvl14 	lvl15 	lvl16 	lvl17 	lvl18 	lvl19 	lvl20 	lvl21 	lvl22 	lvl23 	lvl24 	lvl25 	lvl26 	lvl27 	lvl28 	lvl29 	lvl30 	lvl31 	lvl32 	lvl33 	lvl34 	lvl35 	lvl36 	lvl37 	lvl38 	lvl39 	lvl40 
100000   	0    	3.920800e-03	1     	2     	4     	8     	16    	32    	63    	123   	229   	411   	718   	1182  	1879  	2798  	3924  	5075  	6367  	7638  	8609  	9195  	9323  	8826  	7835  	6724  	5578  	4332  	3140  	2229  	1479  	953   	559   	325   	200   	103   	53    	24    	21    	14    	5     	2     	1     
100000   	1    	4.517900e-03	1     	2     	4     	8     	16    	32    	64    	127   	241   	438   	782   	1342  	2096  	3085  	4344  	5652  	7029  	8222  	8830  	8976  	8826  	8164  	7300  	6126  	4966  	3903  	2968  	2199  	1514  	1014  	610   	384   	259   	161   	112   	76    	63    	36    	20    	6     	2     
100000   	2    	4.367300e-03	1     	2     	4     	8     	16    	32    	64    	122   	239   	426   	754   	1276  	2007  	2967  	4197  	5503  	6843  	8028  	8845  	9265  	9150  	8682  	7675  	6467  	5173  	3966  	2914  	2025  	1340  	895   	508   	294   	173   	80    	26    	15    	11    	6     	1     	nan   	nan   
100000   	3    	4.520100e-03	1     	2     	4     	8     	16    	32    	64    	128   	253   	467   	818   	1336  	2120  	3198  	4466  	5836  	7191  	8337  	9140  	9423  	9181  	8522  	7494  	6264  	4921  	3691  	2636  	1788  	1097  	690   	408   	234   	123   	69    	25    	11    	3     	3     	nan   	nan   	nan   

