Criação das árvores ordenadas:
n_persons	index	time        
100000   	0    	8.461500e-02
100000   	1    	1.008136e-01
100000   	2    	6.193100e-02
100000   	3    	5.066730e-02

Procura de nós nas árvores:
n_persons	index	time        
100000   	0    	5.486870e-02
100000   	1    	6.418020e-02
100000   	2    	6.026640e-02
100000   	3    	5.396250e-02

Maior profundidade das árvores:
n_persons	index	time        	depth
100000   	0    	4.649300e-03	38   
100000   	1    	4.467600e-03	37   
100000   	2    	4.824400e-03	42   
100000   	3    	5.485500e-03	39   

Número de nós em cada nível:
n_persons	index	time        	lvl0  	lvl1  	lvl2  	lvl3  	lvl4  	lvl5  	lvl6  	lvl7  	lvl8  	lvl9  	lvl10 	lvl11 	lvl12 	lvl13 	lvl14 	lvl15 	lvl16 	lvl17 	lvl18 	lvl19 	lvl20 	lvl21 	lvl22 	lvl23 	lvl24 	lvl25 	lvl26 	lvl27 	lvl28 	lvl29 	lvl30 	lvl31 	lvl32 	lvl33 	lvl34 	lvl35 	lvl36 	lvl37 	lvl38 	lvl39 	lvl40 	lvl41 	lvl42 
100000   	0    	4.535200e-03	1     	2     	4     	8     	16    	32    	63    	124   	237   	433   	737   	1185  	1779  	2566  	3534  	4640  	5858  	7141  	8299  	9079  	9279  	9046  	8220  	7144  	5836  	4690  	3519  	2459  	1663  	1047  	632   	367   	195   	90    	45    	20    	5     	4     	1     	nan   	nan   	nan   	nan   
100000   	1    	4.179800e-03	1     	2     	4     	8     	16    	32    	64    	125   	238   	430   	765   	1259  	1962  	2886  	4061  	5285  	6452  	7507  	8351  	8771  	8714  	8432  	7754  	6716  	5645  	4469  	3398  	2470  	1671  	1096  	628   	365   	210   	122   	57    	29    	4     	1     	nan   	nan   	nan   	nan   	nan   
100000   	2    	4.388000e-03	1     	2     	4     	8     	16    	32    	62    	116   	216   	389   	663   	1069  	1630  	2383  	3277  	4305  	5470  	6518  	7411  	7945  	7952  	7786  	7330  	6602  	5875  	5023  	4150  	3398  	2756  	2219  	1748  	1281  	884   	608   	382   	235   	136   	63    	34    	15    	4     	1     	1     
100000   	3    	5.215100e-03	1     	2     	4     	8     	16    	32    	64    	126   	238   	434   	754   	1250  	1968  	2868  	3948  	5184  	6442  	7612  	8609  	9193  	9158  	8605  	7636  	6562  	5372  	4251  	3175  	2266  	1499  	1019  	679   	430   	245   	145   	104   	49    	30    	12    	6     	4     	nan   	nan   	nan   

