Criação das árvores ordenadas:
n_persons	index	time        
100000   	0    	5.298690e-02
100000   	1    	6.461060e-02
100000   	2    	5.859940e-02
100000   	3    	4.800890e-02

Procura de nós nas árvores:
n_persons	index	time        
100000   	0    	5.474710e-02
100000   	1    	5.957290e-02
100000   	2    	5.616040e-02
100000   	3    	4.785880e-02

Maior profundidade das árvores:
n_persons	index	time        	depth
100000   	0    	4.331400e-03	38   
100000   	1    	4.328400e-03	40   
100000   	2    	4.964500e-03	41   
100000   	3    	4.980800e-03	40   

Número de nós em cada nível:
n_persons	index	time        	lvl0  	lvl1  	lvl2  	lvl3  	lvl4  	lvl5  	lvl6  	lvl7  	lvl8  	lvl9  	lvl10 	lvl11 	lvl12 	lvl13 	lvl14 	lvl15 	lvl16 	lvl17 	lvl18 	lvl19 	lvl20 	lvl21 	lvl22 	lvl23 	lvl24 	lvl25 	lvl26 	lvl27 	lvl28 	lvl29 	lvl30 	lvl31 	lvl32 	lvl33 	lvl34 	lvl35 	lvl36 	lvl37 	lvl38 	lvl39 	lvl40 	lvl41 
100000   	0    	3.933300e-03	1     	2     	4     	8     	16    	32    	63    	118   	216   	399   	694   	1124  	1714  	2482  	3411  	4400  	5545  	6695  	7777  	8640  	9025  	9034  	8544  	7689  	6486  	5118  	3864  	2699  	1772  	1087  	630   	368   	180   	87    	44    	18    	9     	3     	2     	nan   	nan   	nan   
100000   	1    	3.902100e-03	1     	2     	4     	8     	16    	32    	62    	113   	205   	366   	608   	965   	1469  	2183  	3048  	4127  	5344  	6731  	7905  	8812  	9270  	9279  	8728  	7694  	6410  	5095  	3815  	2697  	1911  	1255  	822   	494   	262   	127   	57    	33    	25    	13    	8     	3     	1     	nan   
100000   	2    	4.823800e-03	1     	2     	4     	8     	15    	29    	55    	104   	182   	306   	514   	836   	1239  	1793  	2525  	3316  	4164  	5107  	5942  	6529  	6906  	7190  	7261  	7153  	6868  	6324  	5639  	4917  	4055  	3202  	2465  	1858  	1341  	876   	546   	342   	190   	107   	56    	25    	6     	2     
100000   	3    	4.388100e-03	1     	2     	4     	8     	16    	32    	63    	122   	230   	409   	701   	1134  	1706  	2479  	3441  	4579  	5801  	6999  	7994  	8680  	8812  	8570  	7981  	7063  	6015  	5061  	3942  	2863  	1966  	1351  	840   	523   	307   	149   	75    	48    	17    	9     	4     	2     	1     	nan   

