Criação das árvores ordenadas:
n_persons	index	time        
100000   	0    	5.251260e-02
100000   	1    	6.720740e-02
100000   	2    	5.597390e-02
100000   	3    	5.033070e-02

Procura de nós nas árvores:
n_persons	index	time        
100000   	0    	5.408760e-02
100000   	1    	6.273890e-02
100000   	2    	5.628780e-02
100000   	3    	5.111520e-02

Maior profundidade das árvores:
n_persons	index	time        	depth
100000   	0    	4.810100e-03	38   
100000   	1    	4.623300e-03	40   
100000   	2    	5.403300e-03	39   
100000   	3    	5.166600e-03	37   

Número de nós em cada nível:
n_persons	index	time        	lvl0  	lvl1  	lvl2  	lvl3  	lvl4  	lvl5  	lvl6  	lvl7  	lvl8  	lvl9  	lvl10 	lvl11 	lvl12 	lvl13 	lvl14 	lvl15 	lvl16 	lvl17 	lvl18 	lvl19 	lvl20 	lvl21 	lvl22 	lvl23 	lvl24 	lvl25 	lvl26 	lvl27 	lvl28 	lvl29 	lvl30 	lvl31 	lvl32 	lvl33 	lvl34 	lvl35 	lvl36 	lvl37 	lvl38 	lvl39 	lvl40 
100000   	0    	4.160000e-03	1     	2     	4     	8     	16    	32    	62    	119   	212   	372   	627   	999   	1559  	2310  	3298  	4397  	5685  	6962  	8148  	8950  	9201  	9054  	8323  	7365  	6195  	4872  	3660  	2688  	1862  	1226  	778   	460   	274   	142   	80    	32    	15    	7     	3     	nan   	nan   
100000   	1    	4.447700e-03	1     	2     	4     	8     	16    	32    	63    	122   	231   	419   	718   	1200  	1801  	2606  	3611  	4759  	5950  	7097  	8041  	8637  	8698  	8547  	7980  	7154  	6042  	4836  	3751  	2724  	1838  	1166  	780   	509   	307   	180   	85    	43    	20    	11    	6     	3     	2     
100000   	2    	4.650800e-03	1     	2     	4     	8     	16    	31    	56    	104   	195   	345   	602   	1000  	1588  	2393  	3468  	4627  	5945  	7043  	7889  	8482  	8656  	8537  	7902  	6961  	5979  	4959  	3999  	2996  	2191  	1496  	981   	674   	417   	224   	119   	59    	33    	11    	6     	1     	nan   
100000   	3    	4.467400e-03	1     	2     	4     	8     	16    	32    	63    	125   	243   	452   	796   	1331  	2057  	3078  	4155  	5348  	6602  	7830  	8715  	9299  	9342  	8822  	7908  	6635  	5181  	3918  	2842  	1934  	1294  	827   	506   	284   	148   	99    	55    	30    	13    	5     	nan   	nan   	nan   

