Criação das árvores ordenadas:
n_persons	index	time        
100000   	0    	5.195290e-02
100000   	1    	1.065912e-01
100000   	2    	7.490940e-02
100000   	3    	5.081310e-02

Procura de nós nas árvores:
n_persons	index	time        
100000   	0    	6.127340e-02
100000   	1    	6.359730e-02
100000   	2    	6.295310e-02
100000   	3    	4.804740e-02

Maior profundidade das árvores:
n_persons	index	time        	depth
100000   	0    	4.327100e-03	39   
100000   	1    	5.255200e-03	39   
100000   	2    	4.889200e-03	37   
100000   	3    	5.063700e-03	39   

Número de nós em cada nível:
n_persons	index	time        	lvl0  	lvl1  	lvl2  	lvl3  	lvl4  	lvl5  	lvl6  	lvl7  	lvl8  	lvl9  	lvl10 	lvl11 	lvl12 	lvl13 	lvl14 	lvl15 	lvl16 	lvl17 	lvl18 	lvl19 	lvl20 	lvl21 	lvl22 	lvl23 	lvl24 	lvl25 	lvl26 	lvl27 	lvl28 	lvl29 	lvl30 	lvl31 	lvl32 	lvl33 	lvl34 	lvl35 	lvl36 	lvl37 	lvl38 	lvl39 
100000   	0    	4.128700e-03	1     	2     	4     	8     	16    	32    	62    	114   	201   	339   	567   	894   	1376  	1979  	2730  	3639  	4672  	5758  	6672  	7675  	8426  	8822  	8654  	8051  	7150  	6093  	4808  	3680  	2629  	1918  	1272  	785   	462   	259   	137   	65    	29    	14    	4     	1     
100000   	1    	3.915700e-03	1     	2     	4     	8     	16    	32    	63    	121   	224   	401   	666   	1087  	1679  	2460  	3503  	4743  	5982  	7170  	8093  	8679  	8658  	8381  	7748  	6875  	5836  	4716  	3718  	2874  	2098  	1475  	1031  	649   	424   	271   	152   	87    	45    	20    	5     	3     
100000   	2    	4.364700e-03	1     	2     	4     	8     	16    	32    	64    	127   	245   	449   	793   	1339  	2199  	3260  	4482  	5796  	7074  	8012  	8676  	8850  	8781  	8169  	7324  	6319  	5166  	4173  	3055  	2130  	1387  	860   	528   	306   	191   	103   	53    	20    	5     	1     	nan   	nan   
100000   	3    	4.308300e-03	1     	2     	4     	8     	16    	32    	63    	123   	222   	409   	727   	1191  	1887  	2841  	3994  	5274  	6578  	7867  	8847  	9443  	9424  	8836  	7963  	6549  	5224  	4054  	2951  	2013  	1350  	839   	566   	330   	191   	90    	48    	19    	12    	9     	2     	1     

