Criação das árvores ordenadas:
n_persons	index	time        
100000   	0    	5.255300e-02
100000   	1    	6.404300e-02
100000   	2    	5.744990e-02
100000   	3    	4.957370e-02

Procura de nós nas árvores:
n_persons	index	time        
100000   	0    	5.516070e-02
100000   	1    	6.136060e-02
100000   	2    	5.756660e-02
100000   	3    	4.941200e-02

Maior profundidade das árvores:
n_persons	index	time        	depth
100000   	0    	4.618500e-03	36   
100000   	1    	4.829400e-03	40   
100000   	2    	5.418000e-03	38   
100000   	3    	5.219400e-03	40   

Número de nós em cada nível:
n_persons	index	time        	lvl0  	lvl1  	lvl2  	lvl3  	lvl4  	lvl5  	lvl6  	lvl7  	lvl8  	lvl9  	lvl10 	lvl11 	lvl12 	lvl13 	lvl14 	lvl15 	lvl16 	lvl17 	lvl18 	lvl19 	lvl20 	lvl21 	lvl22 	lvl23 	lvl24 	lvl25 	lvl26 	lvl27 	lvl28 	lvl29 	lvl30 	lvl31 	lvl32 	lvl33 	lvl34 	lvl35 	lvl36 	lvl37 	lvl38 	lvl39 	lvl40 
100000   	0    	3.953300e-03	1     	2     	4     	8     	16    	31    	61    	117   	207   	374   	664   	1098  	1764  	2619  	3591  	4659  	5723  	6734  	7502  	8079  	8476  	8519  	8138  	7520  	6516  	5305  	4130  	2958  	2011  	1333  	843   	486   	277   	144   	58    	27    	5     	nan   	nan   	nan   	nan   
100000   	1    	4.183300e-03	1     	2     	4     	8     	16    	31    	60    	113   	199   	344   	585   	935   	1441  	2068  	2858  	3762  	4839  	5903  	6831  	7525  	8129  	8293  	8051  	7630  	6716  	5748  	4739  	3753  	2844  	2130  	1558  	1091  	732   	474   	298   	153   	79    	34    	17    	5     	1     
100000   	2    	4.430800e-03	1     	2     	4     	8     	16    	32    	64    	127   	246   	456   	799   	1301  	1989  	2836  	3763  	4737  	5688  	6655  	7334  	7853  	8004  	7874  	7595  	7000  	6272  	5416  	4434  	3257  	2295  	1509  	1027  	648   	343   	203   	111   	60    	25    	11    	5     	nan   	nan   
100000   	3    	4.568100e-03	1     	2     	4     	8     	16    	32    	63    	122   	232   	416   	747   	1193  	1849  	2644  	3562  	4589  	5663  	6619  	7536  	8233  	8426  	8383  	7992  	7108  	6123  	5000  	4047  	3081  	2267  	1616  	1009  	621   	347   	198   	111   	73    	32    	20    	10    	3     	2     

