Criação das árvores ordenadas:
n_persons	index	time        
100000   	0    	7.209720e-02
100000   	1    	8.294850e-02
100000   	2    	7.398090e-02
100000   	3    	6.467590e-02

Procura de nós nas árvores:
n_persons	index	time        
100000   	0    	6.158290e-02
100000   	1    	7.393800e-02
100000   	2    	6.865390e-02
100000   	3    	5.666970e-02

Maior profundidade das árvores:
n_persons	index	time        	depth
100000   	0    	4.547900e-03	37   
100000   	1    	4.468300e-03	39   
100000   	2    	4.991800e-03	39   
100000   	3    	5.690900e-03	41   

Número de nós em cada nível:
n_persons	index	time        	lvl0  	lvl1  	lvl2  	lvl3  	lvl4  	lvl5  	lvl6  	lvl7  	lvl8  	lvl9  	lvl10 	lvl11 	lvl12 	lvl13 	lvl14 	lvl15 	lvl16 	lvl17 	lvl18 	lvl19 	lvl20 	lvl21 	lvl22 	lvl23 	lvl24 	lvl25 	lvl26 	lvl27 	lvl28 	lvl29 	lvl30 	lvl31 	lvl32 	lvl33 	lvl34 	lvl35 	lvl36 	lvl37 	lvl38 	lvl39 	lvl40 	lvl41 
100000   	0    	4.072500e-03	1     	2     	4     	8     	16    	32    	64    	122   	225   	402   	685   	1112  	1778  	2660  	3724  	4942  	6199  	7307  	8162  	8706  	8962  	8688  	8063  	7121  	5975  	4622  	3524  	2438  	1656  	1130  	722   	423   	251   	136   	75    	37    	18    	8     	nan   	nan   	nan   	nan   
100000   	1    	3.852700e-03	1     	2     	4     	8     	16    	32    	64    	127   	244   	461   	831   	1392  	2182  	3253  	4517  	5785  	7222  	8488  	9233  	9385  	9079  	8303  	7238  	6045  	4865  	3678  	2610  	1874  	1232  	763   	440   	255   	154   	91    	59    	33    	19    	8     	4     	3     	nan   	nan   
100000   	2    	4.602700e-03	1     	2     	4     	8     	16    	32    	63    	122   	231   	428   	746   	1222  	1922  	2813  	3907  	5147  	6398  	7444  	8315  	8920  	9048  	8583  	7849  	6856  	5624  	4388  	3339  	2440  	1678  	1064  	658   	377   	200   	85    	43    	14    	7     	2     	3     	1     	nan   	nan   
100000   	3    	4.995600e-03	1     	2     	4     	8     	16    	32    	63    	122   	222   	391   	652   	1055  	1628  	2336  	3176  	4122  	5138  	5920  	6673  	7240  	7822  	8023  	7847  	7301  	6596  	5823  	4918  	4039  	3068  	2169  	1431  	897   	555   	308   	203   	97    	45    	29    	17    	7     	3     	1     

