Criação das árvores ordenadas:
n_persons	index	time        
100000   	0    	5.714930e-02
100000   	1    	6.279140e-02
100000   	2    	5.472010e-02
100000   	3    	4.803520e-02

Procura de nós nas árvores:
n_persons	index	time        
100000   	0    	5.224960e-02
100000   	1    	6.259670e-02
100000   	2    	5.638400e-02
100000   	3    	4.882970e-02

Maior profundidade das árvores:
n_persons	index	time        	depth
100000   	0    	4.315900e-03	37   
100000   	1    	4.501800e-03	41   
100000   	2    	4.913600e-03	42   
100000   	3    	4.879500e-03	38   

Número de nós em cada nível:
n_persons	index	time        	lvl0  	lvl1  	lvl2  	lvl3  	lvl4  	lvl5  	lvl6  	lvl7  	lvl8  	lvl9  	lvl10 	lvl11 	lvl12 	lvl13 	lvl14 	lvl15 	lvl16 	lvl17 	lvl18 	lvl19 	lvl20 	lvl21 	lvl22 	lvl23 	lvl24 	lvl25 	lvl26 	lvl27 	lvl28 	lvl29 	lvl30 	lvl31 	lvl32 	lvl33 	lvl34 	lvl35 	lvl36 	lvl37 	lvl38 	lvl39 	lvl40 	lvl41 	lvl42 
100000   	0    	3.908500e-03	1     	2     	4     	8     	16    	32    	62    	120   	229   	411   	713   	1106  	1667  	2375  	3356  	4480  	5700  	6966  	8061  	8690  	9015  	8792  	8299  	7337  	6304  	5035  	3797  	2744  	1872  	1198  	725   	422   	234   	117   	62    	33    	10    	5     	nan   	nan   	nan   	nan   	nan   
100000   	1    	4.443000e-03	1     	2     	4     	8     	16    	31    	60    	114   	210   	366   	602   	974   	1494  	2233  	3178  	4278  	5447  	6640  	7640  	8437  	8777  	8660  	7943  	7132  	6139  	5125  	4105  	3165  	2345  	1699  	1183  	790   	490   	331   	191   	94    	48    	27    	13    	5     	2     	1     	nan   
100000   	2    	5.062500e-03	1     	2     	4     	8     	16    	32    	58    	115   	221   	381   	637   	1022  	1507  	2123  	2947  	3826  	4843  	5787  	6691  	7394  	7739  	7961  	7690  	7427  	6825  	6042  	5068  	4110  	3167  	2210  	1503  	1006  	677   	414   	266   	146   	66    	29    	18    	11    	7     	2     	1     
100000   	3    	4.549800e-03	1     	2     	4     	8     	16    	32    	64    	125   	241   	455   	795   	1349  	2107  	3112  	4187  	5373  	6570  	7559  	8252  	8654  	8647  	8152  	7433  	6499  	5450  	4233  	3253  	2433  	1739  	1235  	846   	537   	316   	158   	84    	50    	19    	7     	3     	nan   	nan   	nan   	nan   

