Criação das árvores ordenadas:
n_persons	index	time        
100000   	0    	5.391020e-02
100000   	1    	6.676930e-02
100000   	2    	6.025090e-02
100000   	3    	4.730940e-02

Procura de nós nas árvores:
n_persons	index	time        
100000   	0    	5.922990e-02
100000   	1    	6.321040e-02
100000   	2    	5.485280e-02
100000   	3    	5.038750e-02

Maior profundidade das árvores:
n_persons	index	time        	depth
100000   	0    	4.543700e-03	38   
100000   	1    	4.325300e-03	42   
100000   	2    	4.931400e-03	39   
100000   	3    	5.487000e-03	39   

Número de nós em cada nível:
n_persons	index	time        	lvl0  	lvl1  	lvl2  	lvl3  	lvl4  	lvl5  	lvl6  	lvl7  	lvl8  	lvl9  	lvl10 	lvl11 	lvl12 	lvl13 	lvl14 	lvl15 	lvl16 	lvl17 	lvl18 	lvl19 	lvl20 	lvl21 	lvl22 	lvl23 	lvl24 	lvl25 	lvl26 	lvl27 	lvl28 	lvl29 	lvl30 	lvl31 	lvl32 	lvl33 	lvl34 	lvl35 	lvl36 	lvl37 	lvl38 	lvl39 	lvl40 	lvl41 	lvl42 
100000   	0    	4.007000e-03	1     	2     	4     	8     	16    	32    	64    	122   	233   	430   	756   	1239  	1956  	2912  	4152  	5568  	6882  	8172  	9025  	9392  	9040  	8375  	7284  	6300  	5089  	3996  	3064  	2266  	1539  	917   	538   	281   	158   	86    	48    	31    	14    	7     	1     	nan   	nan   	nan   	nan   
100000   	1    	3.826000e-03	1     	2     	4     	8     	16    	31    	60    	116   	217   	397   	700   	1150  	1777  	2549  	3516  	4564  	5651  	6655  	7536  	8097  	8409  	8320  	8080  	7480  	6480  	5245  	4050  	3036  	2195  	1482  	934   	566   	299   	159   	89    	50    	33    	20    	9     	8     	6     	2     	1     
100000   	2    	4.664200e-03	1     	2     	4     	8     	16    	32    	63    	125   	238   	415   	700   	1097  	1654  	2406  	3281  	4385  	5600  	6763  	7874  	8781  	9145  	9081  	8441  	7468  	6270  	4969  	3707  	2640  	1846  	1230  	808   	444   	250   	128   	66    	36    	15    	6     	4     	1     	nan   	nan   	nan   
100000   	3    	4.779700e-03	1     	2     	4     	8     	16    	31    	61    	116   	217   	403   	686   	1107  	1747  	2572  	3520  	4583  	5803  	6865  	7657  	8250  	8612  	8539  	8064  	7258  	6141  	5078  	3994  	3003  	2124  	1447  	921   	542   	319   	145   	72    	50    	21    	11    	8     	2     	nan   	nan   	nan   

