Criação das árvores ordenadas:
n_persons	index	time        
100000   	0    	5.919120e-02
100000   	1    	6.871250e-02
100000   	2    	6.221270e-02
100000   	3    	4.740200e-02

Procura de nós nas árvores:
n_persons	index	time        
100000   	0    	5.646650e-02
100000   	1    	7.593840e-02
100000   	2    	5.881380e-02
100000   	3    	5.171630e-02

Maior profundidade das árvores:
n_persons	index	time        	depth
100000   	0    	4.877600e-03	37   
100000   	1    	4.689400e-03	36   
100000   	2    	5.094300e-03	41   
100000   	3    	5.157700e-03	38   

Número de nós em cada nível:
n_persons	index	time        	lvl0  	lvl1  	lvl2  	lvl3  	lvl4  	lvl5  	lvl6  	lvl7  	lvl8  	lvl9  	lvl10 	lvl11 	lvl12 	lvl13 	lvl14 	lvl15 	lvl16 	lvl17 	lvl18 	lvl19 	lvl20 	lvl21 	lvl22 	lvl23 	lvl24 	lvl25 	lvl26 	lvl27 	lvl28 	lvl29 	lvl30 	lvl31 	lvl32 	lvl33 	lvl34 	lvl35 	lvl36 	lvl37 	lvl38 	lvl39 	lvl40 	lvl41 
100000   	0    	4.029000e-03	1     	2     	4     	8     	16    	32    	64    	122   	226   	410   	726   	1246  	1954  	2925  	4136  	5378  	6685  	7795  	8540  	8975  	8906  	8461  	7584  	6482  	5266  	4132  	3221  	2367  	1618  	1053  	694   	443   	276   	161   	62    	18    	9     	2     	nan   	nan   	nan   	nan   
100000   	1    	4.009400e-03	1     	2     	4     	8     	16    	32    	64    	124   	231   	426   	756   	1297  	2142  	3243  	4677  	6173  	7575  	8743  	9326  	9474  	9211  	8312  	7224  	5984  	4605  	3490  	2517  	1704  	1074  	691   	421   	230   	128   	62    	24    	7     	2     	nan   	nan   	nan   	nan   	nan   
100000   	2    	4.678000e-03	1     	2     	4     	8     	16    	32    	63    	124   	240   	437   	751   	1216  	1868  	2685  	3613  	4670  	5694  	6861  	7842  	8515  	8931  	8919  	8324  	7296  	5969  	4810  	3611  	2626  	1818  	1134  	701   	423   	269   	195   	140   	76    	52    	35    	19    	6     	3     	1     
100000   	3    	5.797800e-03	1     	2     	4     	8     	16    	32    	64    	125   	234   	402   	694   	1151  	1852  	2865  	4116  	5622  	7076  	8419  	9376  	9927  	9624  	8895  	7657  	6375  	4950  	3719  	2589  	1711  	1063  	634   	362   	215   	113   	52    	26    	16    	7     	4     	2     	nan   	nan   	nan   

