Criação das árvores ordenadas:
n_persons	index	time        
100000   	0    	5.449780e-02
100000   	1    	6.676760e-02
100000   	2    	5.720160e-02
100000   	3    	4.641540e-02

Procura de nós nas árvores:
n_persons	index	time        
100000   	0    	5.588590e-02
100000   	1    	7.053380e-02
100000   	2    	6.246120e-02
100000   	3    	5.657390e-02

Maior profundidade das árvores:
n_persons	index	time        	depth
100000   	0    	4.727200e-03	39   
100000   	1    	4.597700e-03	43   
100000   	2    	5.177700e-03	41   
100000   	3    	5.088600e-03	38   

Número de nós em cada nível:
n_persons	index	time        	lvl0  	lvl1  	lvl2  	lvl3  	lvl4  	lvl5  	lvl6  	lvl7  	lvl8  	lvl9  	lvl10 	lvl11 	lvl12 	lvl13 	lvl14 	lvl15 	lvl16 	lvl17 	lvl18 	lvl19 	lvl20 	lvl21 	lvl22 	lvl23 	lvl24 	lvl25 	lvl26 	lvl27 	lvl28 	lvl29 	lvl30 	lvl31 	lvl32 	lvl33 	lvl34 	lvl35 	lvl36 	lvl37 	lvl38 	lvl39 	lvl40 	lvl41 	lvl42 	lvl43 
100000   	0    	4.157000e-03	1     	2     	4     	8     	15    	30    	60    	118   	226   	419   	732   	1210  	1905  	2796  	3873  	5057  	6308  	7328  	8193  	8770  	8873  	8527  	7797  	6772  	5642  	4390  	3375  	2522  	1792  	1240  	793   	505   	315   	180   	109   	57    	30    	16    	8     	2     	nan   	nan   	nan   	nan   
100000   	1    	3.965200e-03	1     	2     	4     	8     	16    	32    	63    	121   	223   	385   	663   	1081  	1667  	2477  	3477  	4628  	5838  	6865  	7708  	8165  	8255  	8047  	7379  	6563  	5694  	4766  	3869  	3135  	2468  	1872  	1375  	1012  	725   	503   	353   	248   	140   	80    	38    	23    	14    	11    	5     	1     
100000   	2    	4.419900e-03	1     	2     	4     	8     	16    	32    	56    	97    	176   	298   	514   	820   	1276  	1874  	2660  	3651  	4763  	5904  	6909  	7789  	8238  	8448  	8299  	7884  	6999  	5993  	4909  	3865  	2869  	2008  	1344  	879   	588   	387   	217   	100   	58    	36    	20    	5     	3     	1     	nan   	nan   
100000   	3    	4.559800e-03	1     	2     	4     	8     	16    	32    	64    	122   	233   	433   	741   	1247  	1961  	2946  	4046  	5267  	6571  	7711  	8660  	9295  	9130  	8544  	7576  	6416  	5258  	4185  	3174  	2290  	1523  	992   	681   	382   	211   	129   	79    	42    	20    	6     	2     	nan   	nan   	nan   	nan   	nan   

