Criação das árvores ordenadas:
n_persons	index	time        
100000   	0    	7.230360e-02
100000   	1    	9.156830e-02
100000   	2    	6.198740e-02
100000   	3    	6.021040e-02

Procura de nós nas árvores:
n_persons	index	time        
100000   	0    	6.305810e-02
100000   	1    	7.061450e-02
100000   	2    	9.024240e-02
100000   	3    	7.799900e-02

Maior profundidade das árvores:
n_persons	index	time        	depth
100000   	0    	7.065600e-03	43   
100000   	1    	8.690300e-03	40   
100000   	2    	7.556300e-03	37   
100000   	3    	9.742700e-03	40   

Número de nós em cada nível:
n_persons	index	time        	lvl0  	lvl1  	lvl2  	lvl3  	lvl4  	lvl5  	lvl6  	lvl7  	lvl8  	lvl9  	lvl10 	lvl11 	lvl12 	lvl13 	lvl14 	lvl15 	lvl16 	lvl17 	lvl18 	lvl19 	lvl20 	lvl21 	lvl22 	lvl23 	lvl24 	lvl25 	lvl26 	lvl27 	lvl28 	lvl29 	lvl30 	lvl31 	lvl32 	lvl33 	lvl34 	lvl35 	lvl36 	lvl37 	lvl38 	lvl39 	lvl40 	lvl41 	lvl42 	lvl43 
100000   	0    	5.381600e-03	1     	2     	4     	8     	16    	32    	58    	106   	191   	319   	522   	817   	1220  	1760  	2468  	3305  	4164  	5135  	6089  	7024  	7866  	8235  	8213  	7767  	6946  	6155  	5258  	4316  	3495  	2665  	1987  	1370  	930   	599   	365   	234   	141   	87    	59    	40    	16    	8     	5     	2     
100000   	1    	4.898000e-03	1     	2     	4     	8     	16    	32    	64    	123   	229   	400   	669   	1077  	1620  	2317  	3133  	4044  	4928  	5787  	6737  	7577  	8131  	8368  	8409  	7941  	7084  	5902  	4753  	3601  	2551  	1722  	1135  	674   	414   	236   	143   	74    	41    	26    	18    	7     	2     	nan   	nan   	nan   
100000   	2    	6.487400e-03	1     	2     	4     	8     	16    	32    	64    	123   	229   	402   	697   	1116  	1706  	2573  	3655  	4850  	6086  	7185  	8072  	8657  	8851  	8669  	8002  	7179  	6048  	4880  	3696  	2641  	1805  	1171  	704   	422   	231   	127   	63    	26    	6     	1     	nan   	nan   	nan   	nan   	nan   	nan   
100000   	3    	5.135400e-03	1     	2     	4     	8     	16    	32    	64    	128   	248   	455   	806   	1319  	2053  	3018  	4182  	5400  	6409  	7204  	7883  	8080  	7895  	7417  	6832  	6051  	5216  	4506  	3891  	3128  	2373  	1743  	1282  	896   	602   	372   	228   	136   	69    	32    	14    	4     	1     	nan   	nan   	nan   

