Criação das árvores ordenadas:
n_persons	index	time        
100000   	0    	5.982690e-02
100000   	1    	6.217510e-02
100000   	2    	5.661860e-02
100000   	3    	4.827140e-02

Procura de nós nas árvores:
n_persons	index	time        
100000   	0    	5.673700e-02
100000   	1    	6.817840e-02
100000   	2    	6.004370e-02
100000   	3    	5.398370e-02

Maior profundidade das árvores:
n_persons	index	time        	depth
100000   	0    	4.539800e-03	39   
100000   	1    	4.386800e-03	40   
100000   	2    	5.658600e-03	39   
100000   	3    	5.032300e-03	38   

Número de nós em cada nível:
n_persons	index	time        	lvl0  	lvl1  	lvl2  	lvl3  	lvl4  	lvl5  	lvl6  	lvl7  	lvl8  	lvl9  	lvl10 	lvl11 	lvl12 	lvl13 	lvl14 	lvl15 	lvl16 	lvl17 	lvl18 	lvl19 	lvl20 	lvl21 	lvl22 	lvl23 	lvl24 	lvl25 	lvl26 	lvl27 	lvl28 	lvl29 	lvl30 	lvl31 	lvl32 	lvl33 	lvl34 	lvl35 	lvl36 	lvl37 	lvl38 	lvl39 	lvl40 
100000   	0    	3.971300e-03	1     	2     	4     	8     	16    	32    	64    	126   	242   	445   	783   	1283  	2030  	3033  	4243  	5477  	6654  	7641  	8363  	8665  	8602  	8138  	7506  	6620  	5545  	4411  	3394  	2407  	1622  	1044  	667   	388   	240   	137   	77    	40    	30    	13    	6     	1     	nan   
100000   	1    	3.787900e-03	1     	2     	4     	8     	16    	32    	63    	122   	233   	423   	732   	1241  	1998  	2989  	4231  	5590  	7033  	8148  	8966  	9139  	8777  	8204  	7270  	6187  	5049  	3936  	3016  	2190  	1539  	1080  	679   	448   	266   	166   	108   	63    	23    	13    	8     	5     	2     
100000   	2    	4.580200e-03	1     	2     	4     	8     	16    	32    	64    	126   	236   	429   	759   	1237  	1906  	2731  	3707  	4878  	6020  	7094  	7828  	8495  	8714  	8472  	7813  	6891  	5921  	4851  	3829  	2842  	1993  	1330  	808   	477   	259   	121   	58    	27    	10    	6     	4     	1     	nan   
100000   	3    	4.395100e-03	1     	2     	4     	8     	16    	32    	63    	123   	234   	441   	792   	1348  	2137  	3167  	4471  	5958  	7371  	8739  	9607  	9860  	9506  	8635  	7322  	5969  	4523  	3366  	2398  	1610  	1034  	624   	315   	169   	78    	41    	21    	5     	6     	3     	1     	nan   	nan   

