Criação das árvores ordenadas:
n_persons	index	time        
100000   	0    	5.229570e-02
100000   	1    	6.354370e-02
100000   	2    	5.450560e-02
100000   	3    	4.685260e-02

Procura de nós nas árvores:
n_persons	index	time        
100000   	0    	5.233020e-02
100000   	1    	6.178530e-02
100000   	2    	5.716370e-02
100000   	3    	4.797060e-02

Maior profundidade das árvores:
n_persons	index	time        	depth
100000   	0    	4.791700e-03	43   
100000   	1    	4.724900e-03	39   
100000   	2    	5.358100e-03	41   
100000   	3    	5.212800e-03	40   

Número de nós em cada nível:
n_persons	index	time        	lvl0  	lvl1  	lvl2  	lvl3  	lvl4  	lvl5  	lvl6  	lvl7  	lvl8  	lvl9  	lvl10 	lvl11 	lvl12 	lvl13 	lvl14 	lvl15 	lvl16 	lvl17 	lvl18 	lvl19 	lvl20 	lvl21 	lvl22 	lvl23 	lvl24 	lvl25 	lvl26 	lvl27 	lvl28 	lvl29 	lvl30 	lvl31 	lvl32 	lvl33 	lvl34 	lvl35 	lvl36 	lvl37 	lvl38 	lvl39 	lvl40 	lvl41 	lvl42 	lvl43 
100000   	0    	4.186100e-03	1     	2     	4     	8     	16    	32    	61    	116   	225   	396   	644   	1031  	1570  	2310  	3224  	4284  	5418  	6516  	7585  	8329  	8653  	8625  	8075  	7144  	6060  	4892  	3881  	2978  	2281  	1711  	1266  	921   	669   	434   	274   	162   	95    	56    	27    	14    	4     	3     	2     	1     
100000   	1    	4.032600e-03	1     	2     	4     	8     	16    	32    	64    	127   	240   	455   	798   	1325  	2099  	3050  	4170  	5378  	6540  	7570  	8291  	8799  	8789  	8305  	7497  	6505  	5473  	4277  	3381  	2373  	1631  	1104  	747   	436   	241   	129   	75    	34    	21    	10    	2     	1     	nan   	nan   	nan   	nan   
100000   	2    	4.479600e-03	1     	2     	4     	8     	16    	32    	64    	128   	242   	446   	777   	1255  	1893  	2724  	3754  	4857  	6026  	7108  	7966  	8392  	8748  	8506  	8022  	7097  	5893  	4625  	3496  	2574  	1891  	1320  	825   	488   	280   	183   	116   	83    	57    	45    	31    	16    	8     	1     	nan   	nan   
100000   	3    	4.354800e-03	1     	2     	4     	8     	16    	32    	60    	113   	216   	389   	699   	1158  	1825  	2681  	3703  	4798  	5908  	6967  	7896  	8474  	8605  	8272  	7808  	7016  	5933  	4854  	3820  	2917  	2097  	1383  	941   	587   	366   	200   	123   	68    	33    	19    	6     	1     	1     	nan   	nan   	nan   

