Criação das árvores ordenadas:
n_persons	index	time        
100000   	0    	5.297490e-02
100000   	1    	6.415870e-02
100000   	2    	6.103970e-02
100000   	3    	4.792870e-02

Procura de nós nas árvores:
n_persons	index	time        
100000   	0    	5.458340e-02
100000   	1    	6.580630e-02
100000   	2    	6.339640e-02
100000   	3    	5.032560e-02

Maior profundidade das árvores:
n_persons	index	time        	depth
100000   	0    	4.974700e-03	36   
100000   	1    	4.548700e-03	39   
100000   	2    	4.790800e-03	37   
100000   	3    	5.082700e-03	42   

Número de nós em cada nível:
n_persons	index	time        	lvl0  	lvl1  	lvl2  	lvl3  	lvl4  	lvl5  	lvl6  	lvl7  	lvl8  	lvl9  	lvl10 	lvl11 	lvl12 	lvl13 	lvl14 	lvl15 	lvl16 	lvl17 	lvl18 	lvl19 	lvl20 	lvl21 	lvl22 	lvl23 	lvl24 	lvl25 	lvl26 	lvl27 	lvl28 	lvl29 	lvl30 	lvl31 	lvl32 	lvl33 	lvl34 	lvl35 	lvl36 	lvl37 	lvl38 	lvl39 	lvl40 	lvl41 	lvl42 
100000   	0    	4.281300e-03	1     	2     	4     	8     	16    	32    	63    	119   	230   	429   	759   	1245  	1958  	2862  	4000  	5317  	6588  	7848  	8752  	9254  	9329  	8836  	7925  	6737  	5363  	4044  	2904  	2032  	1414  	882   	483   	293   	157   	74    	29    	8     	3     	nan   	nan   	nan   	nan   	nan   	nan   
100000   	1    	3.916500e-03	1     	2     	4     	8     	16    	32    	63    	126   	232   	413   	721   	1172  	1821  	2701  	3677  	4836  	5932  	7095  	8041  	8662  	8804  	8613  	8018  	7062  	6048  	4858  	3756  	2668  	1826  	1161  	702   	423   	227   	130   	82    	44    	17    	4     	1     	1     	nan   	nan   	nan   
100000   	2    	4.202700e-03	1     	2     	4     	8     	16    	32    	64    	125   	244   	439   	770   	1307  	2083  	3072  	4256  	5544  	6844  	7961  	8679  	8958  	8936  	8361  	7477  	6512  	5390  	4155  	3114  	2129  	1389  	904   	524   	303   	175   	108   	63    	36    	13    	2     	nan   	nan   	nan   	nan   	nan   
100000   	3    	5.219400e-03	1     	2     	4     	8     	16    	32    	64    	125   	227   	403   	687   	1119  	1714  	2444  	3369  	4415  	5499  	6497  	7269  	7918  	8184  	8024  	7551  	6834  	5971  	5142  	4232  	3345  	2668  	2050  	1554  	1069  	697   	430   	215   	107   	57    	28    	16    	7     	4     	1     	1     

