Criação das árvores ordenadas:
n_persons	index	time        
100000   	0    	5.071400e-02
100000   	1    	6.415240e-02
100000   	2    	5.518070e-02
100000   	3    	4.579010e-02

Procura de nós nas árvores:
n_persons	index	time        
100000   	0    	5.116040e-02
100000   	1    	5.999460e-02
100000   	2    	1.117793e-01
100000   	3    	6.574870e-02

Maior profundidade das árvores:
n_persons	index	time        	depth
100000   	0    	4.592600e-03	39   
100000   	1    	4.628100e-03	38   
100000   	2    	5.575400e-03	40   
100000   	3    	5.234500e-03	40   

Número de nós em cada nível:
n_persons	index	time        	lvl0  	lvl1  	lvl2  	lvl3  	lvl4  	lvl5  	lvl6  	lvl7  	lvl8  	lvl9  	lvl10 	lvl11 	lvl12 	lvl13 	lvl14 	lvl15 	lvl16 	lvl17 	lvl18 	lvl19 	lvl20 	lvl21 	lvl22 	lvl23 	lvl24 	lvl25 	lvl26 	lvl27 	lvl28 	lvl29 	lvl30 	lvl31 	lvl32 	lvl33 	lvl34 	lvl35 	lvl36 	lvl37 	lvl38 	lvl39 	lvl40 
100000   	0    	4.118100e-03	1     	2     	4     	8     	16    	32    	64    	125   	237   	443   	755   	1257  	1981  	2976  	4161  	5561  	6872  	7986  	8849  	9195  	8886  	8262  	7497  	6395  	5273  	4079  	3099  	2201  	1439  	897   	580   	349   	204   	131   	87    	54    	22    	13    	6     	1     	nan   
100000   	1    	3.959500e-03	1     	2     	4     	8     	16    	31    	60    	111   	208   	371   	638   	1084  	1689  	2560  	3597  	4804  	6127  	7428  	8531  	9270  	9514  	9252  	8296  	7086  	5644  	4280  	3275  	2321  	1535  	968   	570   	319   	193   	94    	53    	34    	19    	6     	1     	nan   	nan   
100000   	2    	4.542800e-03	1     	2     	4     	8     	16    	31    	59    	115   	216   	381   	664   	1054  	1576  	2349  	3302  	4382  	5575  	6847  	7839  	8577  	8881  	8744  	8139  	7226  	6202  	5140  	4064  	2940  	2076  	1429  	906   	547   	320   	198   	90    	49    	25    	13    	10    	2     	1     
100000   	3    	5.331500e-03	1     	2     	4     	8     	16    	32    	64    	125   	232   	418   	744   	1246  	1953  	2904  	4081  	5519  	6827  	8041  	8805  	9000  	8888  	8506  	7753  	6559  	5415  	4246  	3159  	2122  	1327  	835   	513   	320   	140   	92    	53    	27    	14    	4     	2     	2     	1     

