Criação das árvores ordenadas:
n_persons	index	time        
100000   	0    	1.059356e-01
100000   	1    	1.387970e-01
100000   	2    	1.241272e-01
100000   	3    	9.899330e-02

Procura de nós nas árvores:
n_persons	index	time        
100000   	0    	7.886100e-02
100000   	1    	1.278870e-01
100000   	2    	6.244540e-02
100000   	3    	5.718540e-02

Maior profundidade das árvores:
n_persons	index	time        	depth
100000   	0    	4.590800e-03	39   
100000   	1    	4.333300e-03	38   
100000   	2    	4.908500e-03	40   
100000   	3    	5.099600e-03	42   

Número de nós em cada nível:
n_persons	index	time        	lvl0  	lvl1  	lvl2  	lvl3  	lvl4  	lvl5  	lvl6  	lvl7  	lvl8  	lvl9  	lvl10 	lvl11 	lvl12 	lvl13 	lvl14 	lvl15 	lvl16 	lvl17 	lvl18 	lvl19 	lvl20 	lvl21 	lvl22 	lvl23 	lvl24 	lvl25 	lvl26 	lvl27 	lvl28 	lvl29 	lvl30 	lvl31 	lvl32 	lvl33 	lvl34 	lvl35 	lvl36 	lvl37 	lvl38 	lvl39 	lvl40 	lvl41 	lvl42 
100000   	0    	3.761200e-03	1     	2     	4     	8     	16    	32    	63    	119   	227   	416   	729   	1198  	1842  	2675  	3705  	4846  	6162  	7328  	8417  	9081  	9404  	9098  	8263  	7085  	5747  	4397  	3222  	2320  	1515  	919   	541   	305   	154   	83    	44    	17    	9     	3     	2     	1     	nan   	nan   	nan   
100000   	1    	3.800000e-03	1     	2     	4     	8     	16    	32    	64    	122   	234   	424   	745   	1239  	1959  	2854  	3941  	5070  	6231  	7292  	7954  	8431  	8466  	8190  	7511  	6664  	5758  	4719  	3749  	2834  	1997  	1358  	903   	562   	320   	167   	88    	50    	26    	11    	4     	nan   	nan   	nan   	nan   
100000   	2    	4.423300e-03	1     	2     	4     	8     	16    	32    	61    	119   	217   	399   	682   	1095  	1668  	2424  	3364  	4439  	5587  	6728  	7629  	8326  	8646  	8602  	8096  	7239  	6184  	5004  	3871  	2943  	2165  	1537  	1043  	683   	421   	292   	199   	130   	82    	39    	18    	4     	1     	nan   	nan   
100000   	3    	5.588500e-03	1     	2     	4     	8     	16    	31    	59    	114   	215   	389   	703   	1220  	1944  	2960  	4145  	5435  	6754  	7922  	8683  	8858  	8718  	8117  	7375  	6215  	5129  	4073  	3065  	2352  	1728  	1204  	825   	604   	428   	280   	160   	102   	72    	38    	25    	16    	7     	3     	1     

