Criação das árvores ordenadas:
n_persons	index	time        
100000   	0    	5.080040e-02
100000   	1    	7.056100e-02
100000   	2    	6.592600e-02
100000   	3    	6.496100e-02

Procura de nós nas árvores:
n_persons	index	time        
100000   	0    	5.933530e-02
100000   	1    	9.555630e-02
100000   	2    	6.768690e-02
100000   	3    	6.206430e-02

Maior profundidade das árvores:
n_persons	index	time        	depth
100000   	0    	4.755100e-03	38   
100000   	1    	4.934600e-03	38   
100000   	2    	7.374400e-03	38   
100000   	3    	5.778300e-03	40   

Número de nós em cada nível:
n_persons	index	time        	lvl0  	lvl1  	lvl2  	lvl3  	lvl4  	lvl5  	lvl6  	lvl7  	lvl8  	lvl9  	lvl10 	lvl11 	lvl12 	lvl13 	lvl14 	lvl15 	lvl16 	lvl17 	lvl18 	lvl19 	lvl20 	lvl21 	lvl22 	lvl23 	lvl24 	lvl25 	lvl26 	lvl27 	lvl28 	lvl29 	lvl30 	lvl31 	lvl32 	lvl33 	lvl34 	lvl35 	lvl36 	lvl37 	lvl38 	lvl39 	lvl40 
100000   	0    	4.364900e-03	1     	2     	4     	8     	16    	32    	64    	125   	245   	459   	822   	1385  	2214  	3360  	4741  	6291  	7734  	8997  	9641  	9708  	9323  	8441  	7244  	5823  	4444  	3125  	2188  	1372  	890   	561   	331   	194   	114   	65    	21    	6     	3     	4     	2     	nan   	nan   
100000   	1    	4.274200e-03	1     	2     	4     	8     	16    	30    	53    	94    	178   	325   	565   	950   	1545  	2376  	3489  	4834  	6279  	7715  	8796  	9518  	9681  	9265  	8407  	7137  	5655  	4258  	3101  	2171  	1462  	921   	579   	296   	139   	78    	40    	15    	11    	5     	1     	nan   	nan   
100000   	2    	5.034800e-03	1     	2     	4     	8     	16    	29    	53    	98    	185   	352   	656   	1165  	1937  	2895  	4072  	5399  	6677  	7772  	8573  	8967  	8929  	8404  	7651  	6651  	5495  	4294  	3225  	2270  	1609  	1063  	681   	410   	237   	130   	45    	21    	13    	8     	3     	nan   	nan   
100000   	3    	4.791200e-03	1     	2     	4     	8     	16    	32    	61    	115   	208   	341   	570   	870   	1316  	1980  	2857  	3963  	5104  	6235  	7262  	8084  	8445  	8458  	8095  	7392  	6593  	5693  	4725  	3653  	2703  	1911  	1320  	839   	534   	303   	162   	76    	43    	14    	9     	1     	2     

