Criação das árvores ordenadas:
n_persons	index	time        
100000   	0    	5.560690e-02
100000   	1    	6.321020e-02
100000   	2    	5.829180e-02
100000   	3    	4.835590e-02

Procura de nós nas árvores:
n_persons	index	time        
100000   	0    	5.177440e-02
100000   	1    	5.904270e-02
100000   	2    	5.861570e-02
100000   	3    	4.788610e-02

Maior profundidade das árvores:
n_persons	index	time        	depth
100000   	0    	5.095800e-03	45   
100000   	1    	4.558200e-03	42   
100000   	2    	5.148200e-03	38   
100000   	3    	5.398600e-03	39   

Número de nós em cada nível:
n_persons	index	time        	lvl0  	lvl1  	lvl2  	lvl3  	lvl4  	lvl5  	lvl6  	lvl7  	lvl8  	lvl9  	lvl10 	lvl11 	lvl12 	lvl13 	lvl14 	lvl15 	lvl16 	lvl17 	lvl18 	lvl19 	lvl20 	lvl21 	lvl22 	lvl23 	lvl24 	lvl25 	lvl26 	lvl27 	lvl28 	lvl29 	lvl30 	lvl31 	lvl32 	lvl33 	lvl34 	lvl35 	lvl36 	lvl37 	lvl38 	lvl39 	lvl40 	lvl41 	lvl42 	lvl43 	lvl44 	lvl45 
100000   	0    	4.304800e-03	1     	2     	4     	8     	16    	32    	61    	116   	214   	376   	622   	986   	1480  	2206  	3202  	4320  	5498  	6646  	7634  	8362  	8659  	8538  	7998  	7194  	6110  	5001  	3941  	3045  	2247  	1656  	1184  	860   	592   	418   	278   	185   	117   	68    	52    	32    	16    	8     	5     	6     	3     	1     
100000   	1    	4.312500e-03	1     	2     	4     	8     	16    	32    	62    	122   	226   	406   	698   	1162  	1779  	2586  	3482  	4488  	5603  	6483  	7262  	7747  	7832  	7733  	7225  	6490  	5728  	4982  	4157  	3365  	2621  	2066  	1612  	1244  	920   	678   	461   	312   	200   	110   	55    	27    	10    	2     	1     	nan   	nan   	nan   
100000   	2    	4.928900e-03	1     	2     	4     	8     	16    	30    	60    	116   	219   	358   	589   	951   	1477  	2192  	3153  	4394  	5686  	6904  	7904  	8608  	8943  	8704  	8177  	7286  	6170  	5061  	3953  	2980  	2109  	1455  	989   	652   	389   	227   	123   	63    	32    	13    	2     	nan   	nan   	nan   	nan   	nan   	nan   	nan   
100000   	3    	5.050200e-03	1     	2     	4     	8     	16    	32    	64    	120   	217   	375   	646   	1077  	1702  	2566  	3627  	4807  	6167  	7353  	8339  	8884  	8989  	8729  	8017  	7100  	5929  	4645  	3471  	2464  	1712  	1159  	740   	465   	275   	139   	83    	39    	21    	9     	6     	1     	nan   	nan   	nan   	nan   	nan   	nan   

