Criação das árvores ordenadas:
n_persons	index	time        
100000   	0    	5.255620e-02
100000   	1    	6.419500e-02
100000   	2    	5.364630e-02
100000   	3    	4.640290e-02

Procura de nós nas árvores:
n_persons	index	time        
100000   	0    	1.000014e-01
100000   	1    	7.399450e-02
100000   	2    	5.684560e-02
100000   	3    	4.900810e-02

Maior profundidade das árvores:
n_persons	index	time        	depth
100000   	0    	4.270500e-03	43   
100000   	1    	4.363000e-03	39   
100000   	2    	4.959100e-03	38   
100000   	3    	4.743500e-03	35   

Número de nós em cada nível:
n_persons	index	time        	lvl0  	lvl1  	lvl2  	lvl3  	lvl4  	lvl5  	lvl6  	lvl7  	lvl8  	lvl9  	lvl10 	lvl11 	lvl12 	lvl13 	lvl14 	lvl15 	lvl16 	lvl17 	lvl18 	lvl19 	lvl20 	lvl21 	lvl22 	lvl23 	lvl24 	lvl25 	lvl26 	lvl27 	lvl28 	lvl29 	lvl30 	lvl31 	lvl32 	lvl33 	lvl34 	lvl35 	lvl36 	lvl37 	lvl38 	lvl39 	lvl40 	lvl41 	lvl42 	lvl43 
100000   	0    	3.860700e-03	1     	2     	4     	8     	16    	32    	64    	124   	231   	407   	703   	1134  	1730  	2493  	3430  	4442  	5555  	6580  	7259  	7675  	7814  	7875  	7556  	7051  	6344  	5558  	4569  	3489  	2641  	1875  	1342  	893   	517   	290   	150   	63    	29    	21    	11    	8     	5     	4     	4     	1     
100000   	1    	4.013200e-03	1     	2     	4     	8     	16    	31    	60    	114   	218   	378   	670   	1121  	1762  	2633  	3722  	4936  	6176  	7245  	8103  	8694  	8870  	8764  	8182  	7058  	5854  	4588  	3532  	2562  	1754  	1139  	748   	476   	270   	148   	99    	44    	9     	4     	4     	1     	nan   	nan   	nan   	nan   
100000   	2    	4.525100e-03	1     	2     	4     	8     	16    	32    	62    	120   	233   	428   	735   	1215  	1888  	2861  	4065  	5303  	6723  	7929  	8846  	9285  	9236  	8622  	7625  	6596  	5349  	4143  	3042  	2156  	1474  	915   	532   	308   	150   	65    	22    	6     	1     	1     	1     	nan   	nan   	nan   	nan   	nan   
100000   	3    	4.396100e-03	1     	2     	4     	8     	16    	32    	63    	126   	241   	447   	770   	1310  	2060  	3046  	4192  	5487  	6802  	8038  	9120  	9519  	9413  	8826  	7725  	6433  	5135  	3876  	2777  	1911  	1214  	714   	390   	170   	84    	33    	11    	4     	nan   	nan   	nan   	nan   	nan   	nan   	nan   	nan   

