Criação das árvores ordenadas:
n_persons	index	time        
100000   	0    	7.150920e-02
100000   	1    	8.759680e-02
100000   	2    	7.696170e-02
100000   	3    	6.994900e-02

Procura de nós nas árvores:
n_persons	index	time        
100000   	0    	7.734830e-02
100000   	1    	9.409350e-02
100000   	2    	8.318230e-02
100000   	3    	7.068850e-02

Maior profundidade das árvores:
n_persons	index	time        	depth
100000   	0    	5.667400e-03	40   
100000   	1    	5.691000e-03	43   
100000   	2    	5.799200e-03	42   
100000   	3    	5.940200e-03	39   

Número de nós em cada nível:
n_persons	index	time        	lvl0  	lvl1  	lvl2  	lvl3  	lvl4  	lvl5  	lvl6  	lvl7  	lvl8  	lvl9  	lvl10 	lvl11 	lvl12 	lvl13 	lvl14 	lvl15 	lvl16 	lvl17 	lvl18 	lvl19 	lvl20 	lvl21 	lvl22 	lvl23 	lvl24 	lvl25 	lvl26 	lvl27 	lvl28 	lvl29 	lvl30 	lvl31 	lvl32 	lvl33 	lvl34 	lvl35 	lvl36 	lvl37 	lvl38 	lvl39 	lvl40 	lvl41 	lvl42 	lvl43 
100000   	0    	5.598700e-03	1     	2     	4     	8     	16    	32    	62    	124   	240   	442   	754   	1202  	1784  	2522  	3458  	4510  	5519  	6504  	7382  	8050  	8531  	8502  	8015  	7311  	6443  	5371  	4125  	3123  	2163  	1434  	922   	600   	377   	212   	110   	77    	43    	19    	4     	1     	1     	nan   	nan   	nan   
100000   	1    	5.048600e-03	1     	2     	4     	8     	16    	32    	64    	124   	228   	410   	702   	1146  	1842  	2740  	3759  	4921  	6116  	7148  	7961  	8467  	8548  	8284  	7703  	6754  	5668  	4541  	3653  	2778  	2014  	1387  	926   	630   	452   	318   	228   	181   	116   	72    	34    	15    	2     	2     	2     	1     
100000   	2    	5.566100e-03	1     	2     	4     	8     	16    	32    	64    	125   	232   	416   	735   	1167  	1734  	2446  	3189  	3985  	4881  	5748  	6446  	6997  	7362  	7565  	7535  	7244  	6733  	6061  	5256  	4289  	3252  	2375  	1622  	1056  	649   	366   	198   	99    	55    	31    	14    	5     	2     	2     	1     	nan   
100000   	3    	6.434700e-03	1     	2     	4     	8     	16    	32    	64    	126   	243   	431   	736   	1212  	1892  	2710  	3647  	4721  	5805  	6775  	7562  	8138  	8397  	8250  	7849  	7124  	6183  	5202  	4100  	3032  	2134  	1427  	884   	552   	349   	193   	95    	53    	27    	14    	7     	3     	nan   	nan   	nan   	nan   

