Criação das árvores ordenadas:
n_persons	index	time        
100000   	0    	5.106850e-02
100000   	1    	6.356040e-02
100000   	2    	5.616830e-02
100000   	3    	4.739010e-02

Procura de nós nas árvores:
n_persons	index	time        
100000   	0    	5.456610e-02
100000   	1    	7.038740e-02
100000   	2    	6.309090e-02
100000   	3    	5.363730e-02

Maior profundidade das árvores:
n_persons	index	time        	depth
100000   	0    	4.407200e-03	36   
100000   	1    	4.449800e-03	39   
100000   	2    	5.139400e-03	42   
100000   	3    	5.010400e-03	39   

Número de nós em cada nível:
n_persons	index	time        	lvl0  	lvl1  	lvl2  	lvl3  	lvl4  	lvl5  	lvl6  	lvl7  	lvl8  	lvl9  	lvl10 	lvl11 	lvl12 	lvl13 	lvl14 	lvl15 	lvl16 	lvl17 	lvl18 	lvl19 	lvl20 	lvl21 	lvl22 	lvl23 	lvl24 	lvl25 	lvl26 	lvl27 	lvl28 	lvl29 	lvl30 	lvl31 	lvl32 	lvl33 	lvl34 	lvl35 	lvl36 	lvl37 	lvl38 	lvl39 	lvl40 	lvl41 	lvl42 
100000   	0    	3.916000e-03	1     	2     	4     	8     	16    	31    	62    	120   	234   	425   	750   	1244  	1980  	2974  	4196  	5567  	6925  	8098  	8936  	9393  	9309  	8789  	7717  	6428  	5061  	3842  	2842  	1961  	1304  	814   	470   	263   	134   	60    	27    	10    	3     	nan   	nan   	nan   	nan   	nan   	nan   
100000   	1    	4.015500e-03	1     	2     	4     	8     	16    	32    	62    	110   	191   	348   	608   	966   	1510  	2238  	3167  	4277  	5510  	6577  	7608  	8351  	8725  	8480  	8080  	7305  	6278  	5215  	4135  	3229  	2356  	1628  	1106  	755   	472   	296   	177   	97    	52    	18    	9     	1     	nan   	nan   	nan   
100000   	2    	4.483400e-03	1     	2     	4     	8     	16    	32    	62    	118   	214   	381   	633   	1017  	1585  	2285  	3242  	4311  	5538  	6816  	7915  	8598  	9045  	9015  	8570  	7586  	6195  	4935  	3634  	2645  	1832  	1292  	898   	602   	399   	269   	140   	74    	41    	27    	14    	5     	1     	2     	1     
100000   	3    	4.593300e-03	1     	2     	4     	8     	16    	31    	59    	106   	198   	351   	616   	1029  	1608  	2411  	3367  	4615  	6017  	7159  	8234  	8961  	9150  	8812  	7996  	6972  	5791  	4633  	3591  	2724  	1934  	1347  	936   	573   	348   	183   	105   	62    	33    	12    	4     	1     	nan   	nan   	nan   

