Criação das árvores ordenadas:
n_persons	index	time        
100000   	0    	5.027530e-02
100000   	1    	6.365740e-02
100000   	2    	5.416070e-02
100000   	3    	4.896140e-02

Procura de nós nas árvores:
n_persons	index	time        
100000   	0    	5.918300e-02
100000   	1    	6.989940e-02
100000   	2    	6.211550e-02
100000   	3    	5.294820e-02

Maior profundidade das árvores:
n_persons	index	time        	depth
100000   	0    	4.467400e-03	39   
100000   	1    	4.163800e-03	41   
100000   	2    	5.656000e-03	38   
100000   	3    	5.361200e-03	39   

Número de nós em cada nível:
n_persons	index	time        	lvl0  	lvl1  	lvl2  	lvl3  	lvl4  	lvl5  	lvl6  	lvl7  	lvl8  	lvl9  	lvl10 	lvl11 	lvl12 	lvl13 	lvl14 	lvl15 	lvl16 	lvl17 	lvl18 	lvl19 	lvl20 	lvl21 	lvl22 	lvl23 	lvl24 	lvl25 	lvl26 	lvl27 	lvl28 	lvl29 	lvl30 	lvl31 	lvl32 	lvl33 	lvl34 	lvl35 	lvl36 	lvl37 	lvl38 	lvl39 	lvl40 	lvl41 
100000   	0    	3.920200e-03	1     	2     	4     	8     	16    	32    	62    	120   	231   	428   	751   	1250  	1975  	2894  	3970  	5130  	6346  	7401  	8176  	8649  	8874  	8551  	7907  	6947  	5757  	4588  	3500  	2485  	1612  	970   	608   	379   	194   	91    	47    	23    	11    	7     	2     	1     	nan   	nan   
100000   	1    	3.839200e-03	1     	2     	4     	8     	16    	32    	63    	120   	226   	409   	695   	1137  	1697  	2436  	3363  	4302  	5372  	6411  	7356  	8032  	8359  	8479  	8125  	7380  	6374  	5351  	4300  	3231  	2390  	1691  	1106  	679   	401   	205   	112   	56    	33    	22    	13    	6     	3     	2     
100000   	2    	4.718300e-03	1     	2     	4     	8     	16    	32    	64    	125   	233   	413   	705   	1128  	1727  	2542  	3615  	4855  	6060  	7342  	8409  	9155  	9414  	9130  	8383  	7224  	5837  	4599  	3294  	2244  	1454  	863   	514   	283   	167   	87    	38    	18    	8     	5     	2     	nan   	nan   	nan   
100000   	3    	4.335200e-03	1     	2     	4     	8     	16    	32    	63    	123   	237   	425   	721   	1144  	1752  	2503  	3438  	4546  	5635  	6754  	7879  	8566  	8815  	8507  	7962  	7010  	5997  	4876  	3919  	3012  	2097  	1452  	956   	634   	403   	239   	145   	78    	28    	15    	4     	2     	nan   	nan   

