Criação das árvores ordenadas:
n_persons	index	time        
100000   	0    	5.168680e-02
100000   	1    	6.469690e-02
100000   	2    	5.389180e-02
100000   	3    	5.115560e-02

Procura de nós nas árvores:
n_persons	index	time        
100000   	0    	5.504440e-02
100000   	1    	6.172180e-02
100000   	2    	5.602590e-02
100000   	3    	4.890780e-02

Maior profundidade das árvores:
n_persons	index	time        	depth
100000   	0    	4.866500e-03	38   
100000   	1    	4.446500e-03	40   
100000   	2    	4.875400e-03	40   
100000   	3    	5.212900e-03	40   

Número de nós em cada nível:
n_persons	index	time        	lvl0  	lvl1  	lvl2  	lvl3  	lvl4  	lvl5  	lvl6  	lvl7  	lvl8  	lvl9  	lvl10 	lvl11 	lvl12 	lvl13 	lvl14 	lvl15 	lvl16 	lvl17 	lvl18 	lvl19 	lvl20 	lvl21 	lvl22 	lvl23 	lvl24 	lvl25 	lvl26 	lvl27 	lvl28 	lvl29 	lvl30 	lvl31 	lvl32 	lvl33 	lvl34 	lvl35 	lvl36 	lvl37 	lvl38 	lvl39 	lvl40 
100000   	0    	5.163500e-03	1     	2     	4     	8     	16    	32    	58    	106   	182   	300   	477   	719   	1124  	1734  	2631  	3796  	5123  	6544  	7811  	8719  	9095  	9016  	8566  	7786  	6851  	5711  	4557  	3323  	2256  	1466  	866   	531   	301   	143   	74    	42    	18    	9     	2     	nan   	nan   
100000   	1    	4.140100e-03	1     	2     	4     	8     	16    	31    	60    	109   	194   	349   	597   	961   	1441  	2131  	2987  	3967  	5052  	6185  	7191  	7990  	8418  	8316  	7945  	7349  	6627  	5673  	4639  	3673  	2719  	1938  	1315  	849   	519   	301   	194   	124   	75    	34    	12    	3     	1     
100000   	2    	4.274500e-03	1     	2     	4     	8     	16    	32    	62    	118   	221   	401   	689   	1137  	1788  	2684  	3800  	5062  	6316  	7528  	8455  	9038  	9112  	8755  	8146  	7035  	5773  	4523  	3316  	2347  	1541  	919   	539   	306   	159   	88    	46    	24    	5     	1     	1     	1     	1     
100000   	3    	4.656900e-03	1     	2     	4     	8     	16    	32    	63    	125   	235   	420   	724   	1180  	1765  	2515  	3317  	4285  	5382  	6386  	7281  	7943  	8350  	8456  	8330  	7750  	6763  	5627  	4324  	3177  	2233  	1452  	886   	497   	259   	124   	46    	21    	9     	4     	2     	3     	3     

