Criação das árvores ordenadas:
n_persons	index	time        
100000   	0    	5.057270e-02
100000   	1    	6.707100e-02
100000   	2    	5.511200e-02
100000   	3    	4.803240e-02

Procura de nós nas árvores:
n_persons	index	time        
100000   	0    	5.314070e-02
100000   	1    	6.102810e-02
100000   	2    	5.578620e-02
100000   	3    	5.063580e-02

Maior profundidade das árvores:
n_persons	index	time        	depth
100000   	0    	4.561200e-03	37   
100000   	1    	4.792300e-03	36   
100000   	2    	5.107000e-03	43   
100000   	3    	5.041300e-03	39   

Número de nós em cada nível:
n_persons	index	time        	lvl0  	lvl1  	lvl2  	lvl3  	lvl4  	lvl5  	lvl6  	lvl7  	lvl8  	lvl9  	lvl10 	lvl11 	lvl12 	lvl13 	lvl14 	lvl15 	lvl16 	lvl17 	lvl18 	lvl19 	lvl20 	lvl21 	lvl22 	lvl23 	lvl24 	lvl25 	lvl26 	lvl27 	lvl28 	lvl29 	lvl30 	lvl31 	lvl32 	lvl33 	lvl34 	lvl35 	lvl36 	lvl37 	lvl38 	lvl39 	lvl40 	lvl41 	lvl42 	lvl43 
100000   	0    	3.990200e-03	1     	2     	4     	8     	16    	30    	55    	108   	205   	383   	652   	1054  	1621  	2479  	3481  	4620  	5882  	7072  	8023  	8637  	8855  	8688  	8159  	7245  	6242  	5045  	3820  	2806  	1864  	1180  	767   	476   	280   	128   	67    	28    	14    	3     	nan   	nan   	nan   	nan   	nan   	nan   
100000   	1    	4.212500e-03	1     	2     	4     	8     	16    	32    	64    	126   	242   	452   	813   	1356  	2173  	3249  	4605  	6268  	7829  	9100  	9752  	9890  	9289  	8377  	7131  	5761  	4420  	3259  	2284  	1515  	934   	509   	266   	134   	70    	48    	16    	4     	1     	nan   	nan   	nan   	nan   	nan   	nan   	nan   
100000   	2    	4.608300e-03	1     	2     	4     	8     	16    	32    	62    	123   	235   	432   	773   	1283  	2017  	2900  	3942  	5092  	6207  	7233  	8066  	8521  	8493  	8180  	7537  	6560  	5529  	4489  	3454  	2629  	1971  	1376  	932   	623   	410   	302   	194   	137   	91    	66    	36    	20    	13    	5     	2     	2     
100000   	3    	4.538300e-03	1     	2     	4     	8     	16    	31    	61    	114   	211   	370   	611   	941   	1442  	2080  	2931  	3895  	5066  	6211  	7162  	8014  	8575  	8793  	8575  	7921  	6843  	5536  	4304  	3250  	2401  	1704  	1182  	777   	443   	255   	136   	70    	44    	15    	4     	1     	nan   	nan   	nan   	nan   

