Criação das árvores ordenadas:
n_persons	index	time        
100000   	0    	5.145670e-02
100000   	1    	6.395370e-02
100000   	2    	5.384730e-02
100000   	3    	4.629560e-02

Procura de nós nas árvores:
n_persons	index	time        
100000   	0    	5.257090e-02
100000   	1    	6.209430e-02
100000   	2    	5.626730e-02
100000   	3    	4.895350e-02

Maior profundidade das árvores:
n_persons	index	time        	depth
100000   	0    	4.335600e-03	39   
100000   	1    	4.858500e-03	42   
100000   	2    	5.022900e-03	41   
100000   	3    	5.026700e-03	38   

Número de nós em cada nível:
n_persons	index	time        	lvl0  	lvl1  	lvl2  	lvl3  	lvl4  	lvl5  	lvl6  	lvl7  	lvl8  	lvl9  	lvl10 	lvl11 	lvl12 	lvl13 	lvl14 	lvl15 	lvl16 	lvl17 	lvl18 	lvl19 	lvl20 	lvl21 	lvl22 	lvl23 	lvl24 	lvl25 	lvl26 	lvl27 	lvl28 	lvl29 	lvl30 	lvl31 	lvl32 	lvl33 	lvl34 	lvl35 	lvl36 	lvl37 	lvl38 	lvl39 	lvl40 	lvl41 	lvl42 
100000   	0    	4.296100e-03	1     	2     	4     	8     	16    	30    	58    	110   	205   	370   	629   	1029  	1626  	2432  	3369  	4362  	5448  	6498  	7444  	7995  	8294  	8325  	7967  	7149  	6258  	5325  	4285  	3363  	2458  	1756  	1207  	819   	531   	319   	175   	81    	33    	12    	6     	1     	nan   	nan   	nan   
100000   	1    	4.276700e-03	1     	2     	4     	8     	16    	32    	58    	107   	199   	353   	582   	930   	1428  	2104  	2941  	3901  	5015  	6160  	7167  	7793  	8125  	8124  	7897  	7309  	6505  	5610  	4650  	3848  	2945  	2146  	1495  	1008  	632   	396   	233   	128   	69    	37    	18    	8     	8     	5     	3     
100000   	2    	4.461300e-03	1     	2     	4     	8     	16    	32    	63    	120   	224   	414   	756   	1274  	1991  	2953  	4148  	5518  	6808  	7997  	8839  	9281  	9223  	8689  	7706  	6500  	5249  	4065  	2873  	1966  	1278  	826   	512   	299   	159   	92    	52    	23    	16    	8     	6     	5     	2     	2     	nan   
100000   	3    	4.328100e-03	1     	2     	4     	8     	16    	32    	64    	120   	212   	377   	656   	1112  	1785  	2613  	3703  	5009  	6355  	7543  	8552  	9110  	9147  	8674  	7866  	6929  	5636  	4478  	3379  	2429  	1691  	1109  	651   	375   	198   	109   	36    	15    	2     	1     	1     	nan   	nan   	nan   	nan   

