Criação das árvores ordenadas:
n_persons	index	time        
100000   	0    	5.498870e-02
100000   	1    	6.617160e-02
100000   	2    	1.234713e-01
100000   	3    	6.553080e-02

Procura de nós nas árvores:
n_persons	index	time        
100000   	0    	5.608200e-02
100000   	1    	6.962960e-02
100000   	2    	6.157240e-02
100000   	3    	5.525670e-02

Maior profundidade das árvores:
n_persons	index	time        	depth
100000   	0    	5.033500e-03	40   
100000   	1    	4.924800e-03	40   
100000   	2    	5.387500e-03	42   
100000   	3    	6.118000e-03	40   

Número de nós em cada nível:
n_persons	index	time        	lvl0  	lvl1  	lvl2  	lvl3  	lvl4  	lvl5  	lvl6  	lvl7  	lvl8  	lvl9  	lvl10 	lvl11 	lvl12 	lvl13 	lvl14 	lvl15 	lvl16 	lvl17 	lvl18 	lvl19 	lvl20 	lvl21 	lvl22 	lvl23 	lvl24 	lvl25 	lvl26 	lvl27 	lvl28 	lvl29 	lvl30 	lvl31 	lvl32 	lvl33 	lvl34 	lvl35 	lvl36 	lvl37 	lvl38 	lvl39 	lvl40 	lvl41 	lvl42 
100000   	0    	4.820000e-03	1     	2     	4     	8     	16    	31    	57    	99    	176   	320   	547   	896   	1414  	2058  	2878  	3849  	4812  	5863  	6825  	7495  	7867  	8063  	7928  	7537  	6863  	6024  	4992  	3972  	3055  	2268  	1573  	1013  	660   	400   	235   	108   	47    	23    	14    	5     	2     	nan   	nan   
100000   	1    	4.378500e-03	1     	2     	4     	8     	16    	32    	63    	125   	248   	480   	859   	1464  	2316  	3411  	4726  	6203  	7530  	8688  	9293  	9412  	8925  	7827  	6532  	5390  	4394  	3522  	2665  	1883  	1348  	953   	664   	423   	254   	160   	95    	53    	21    	6     	2     	1     	1     	nan   	nan   
100000   	2    	4.757200e-03	1     	2     	4     	8     	16    	32    	64    	127   	238   	428   	758   	1255  	1907  	2741  	3785  	4924  	6149  	7218  	7873  	8241  	8309  	7958  	7409  	6648  	5728  	4647  	3646  	2801  	2119  	1513  	1072  	763   	549   	400   	257   	170   	107   	64    	34    	19    	10    	3     	3     
100000   	3    	4.994800e-03	1     	2     	4     	8     	16    	31    	61    	115   	208   	367   	590   	974   	1468  	2113  	2919  	3959  	5054  	6231  	7307  	8154  	8722  	8882  	8615  	7814  	6829  	5573  	4256  	3237  	2352  	1636  	1036  	659   	374   	210   	110   	59    	33    	13    	6     	1     	1     	nan   	nan   

