Criação das árvores ordenadas:
n_persons	index	time        
100000   	0    	5.265770e-02
100000   	1    	6.270260e-02
100000   	2    	5.956490e-02
100000   	3    	5.076690e-02

Procura de nós nas árvores:
n_persons	index	time        
100000   	0    	5.581240e-02
100000   	1    	6.717620e-02
100000   	2    	5.756890e-02
100000   	3    	5.135980e-02

Maior profundidade das árvores:
n_persons	index	time        	depth
100000   	0    	4.368100e-03	40   
100000   	1    	4.256000e-03	43   
100000   	2    	4.908600e-03	40   
100000   	3    	4.909400e-03	42   

Número de nós em cada nível:
n_persons	index	time        	lvl0  	lvl1  	lvl2  	lvl3  	lvl4  	lvl5  	lvl6  	lvl7  	lvl8  	lvl9  	lvl10 	lvl11 	lvl12 	lvl13 	lvl14 	lvl15 	lvl16 	lvl17 	lvl18 	lvl19 	lvl20 	lvl21 	lvl22 	lvl23 	lvl24 	lvl25 	lvl26 	lvl27 	lvl28 	lvl29 	lvl30 	lvl31 	lvl32 	lvl33 	lvl34 	lvl35 	lvl36 	lvl37 	lvl38 	lvl39 	lvl40 	lvl41 	lvl42 	lvl43 
100000   	0    	4.069700e-03	1     	2     	4     	8     	16    	31    	60    	116   	218   	394   	678   	1119  	1728  	2545  	3585  	4849  	6150  	7437  	8472  	8966  	9178  	8933  	8062  	6951  	5688  	4457  	3319  	2413  	1686  	1122  	732   	474   	294   	170   	83    	34    	17    	5     	1     	1     	1     	nan   	nan   	nan   
100000   	1    	4.181600e-03	1     	2     	4     	8     	16    	32    	64    	124   	229   	403   	693   	1109  	1730  	2547  	3529  	4608  	5845  	7037  	7968  	8697  	8880  	8727  	8086  	7155  	6015  	4853  	3668  	2656  	1843  	1226  	809   	525   	354   	226   	139   	79    	43    	21    	15    	14    	8     	5     	5     	2     
100000   	2    	4.353500e-03	1     	2     	4     	8     	16    	32    	64    	125   	241   	454   	793   	1323  	2053  	3011  	4115  	5367  	6527  	7512  	8170  	8399  	8284  	7810  	7150  	6236  	5335  	4371  	3431  	2658  	1914  	1450  	1045  	713   	532   	355   	214   	143   	80    	33    	19    	8     	2     	nan   	nan   	nan   
100000   	3    	4.437600e-03	1     	2     	4     	8     	16    	31    	59    	112   	210   	384   	644   	1076  	1670  	2416  	3286  	4195  	5084  	5864  	6505  	6919  	7047  	7058  	6888  	6712  	6317  	5578  	4884  	4269  	3559  	2817  	2049  	1469  	1042  	701   	450   	289   	172   	108   	51    	30    	13    	7     	4     	nan   

