Criação das árvores ordenadas:
n_persons	index	time        
100000   	0    	5.446810e-02
100000   	1    	6.169690e-02
100000   	2    	5.563290e-02
100000   	3    	4.669360e-02

Procura de nós nas árvores:
n_persons	index	time        
100000   	0    	6.900180e-02
100000   	1    	1.025520e-01
100000   	2    	6.300280e-02
100000   	3    	4.986640e-02

Maior profundidade das árvores:
n_persons	index	time        	depth
100000   	0    	4.685100e-03	38   
100000   	1    	4.862600e-03	35   
100000   	2    	5.262600e-03	37   
100000   	3    	5.150400e-03	38   

Número de nós em cada nível:
n_persons	index	time        	lvl0  	lvl1  	lvl2  	lvl3  	lvl4  	lvl5  	lvl6  	lvl7  	lvl8  	lvl9  	lvl10 	lvl11 	lvl12 	lvl13 	lvl14 	lvl15 	lvl16 	lvl17 	lvl18 	lvl19 	lvl20 	lvl21 	lvl22 	lvl23 	lvl24 	lvl25 	lvl26 	lvl27 	lvl28 	lvl29 	lvl30 	lvl31 	lvl32 	lvl33 	lvl34 	lvl35 	lvl36 	lvl37 	lvl38 
100000   	0    	4.044100e-03	1     	2     	4     	8     	16    	32    	64    	121   	225   	397   	666   	1111  	1760  	2649  	3756  	5061  	6343  	7604  	8410  	8892  	8916  	8519  	7847  	6899  	5828  	4550  	3436  	2432  	1632  	1134  	711   	433   	256   	145   	79    	32    	18    	9     	2     
100000   	1    	4.631000e-03	1     	2     	4     	8     	16    	32    	63    	126   	248   	466   	838   	1395  	2206  	3343  	4726  	6307  	7805  	8973  	9642  	9929  	9529  	8508  	7244  	5718  	4339  	3115  	2136  	1371  	839   	504   	290   	155   	76    	36    	8     	2     	nan   	nan   	nan   
100000   	2    	4.438500e-03	1     	2     	4     	8     	16    	32    	64    	122   	234   	442   	779   	1318  	2074  	3060  	4371  	5698  	6992  	8013  	8634  	8966  	8823  	8258  	7424  	6393  	5179  	4179  	3090  	2147  	1488  	962   	598   	334   	158   	76    	34    	14    	9     	4     	nan   
100000   	3    	4.556900e-03	1     	2     	4     	8     	16    	32    	62    	119   	228   	410   	721   	1186  	1876  	2779  	3935  	5264  	6647  	7879  	8886  	9427  	9451  	8871  	7871  	6582  	5182  	4055  	2959  	2100  	1361  	870   	559   	308   	172   	90    	41    	25    	12    	6     	3     

