Criação das árvores ordenadas:
n_persons	index	time        
100000   	0    	7.178320e-02
100000   	1    	6.694440e-02
100000   	2    	5.674520e-02
100000   	3    	4.771080e-02

Procura de nós nas árvores:
n_persons	index	time        
100000   	0    	5.698860e-02
100000   	1    	6.758370e-02
100000   	2    	5.766680e-02
100000   	3    	4.934320e-02

Maior profundidade das árvores:
n_persons	index	time        	depth
100000   	0    	4.407800e-03	40   
100000   	1    	4.878600e-03	42   
100000   	2    	5.307600e-03	37   
100000   	3    	4.984000e-03	37   

Número de nós em cada nível:
n_persons	index	time        	lvl0  	lvl1  	lvl2  	lvl3  	lvl4  	lvl5  	lvl6  	lvl7  	lvl8  	lvl9  	lvl10 	lvl11 	lvl12 	lvl13 	lvl14 	lvl15 	lvl16 	lvl17 	lvl18 	lvl19 	lvl20 	lvl21 	lvl22 	lvl23 	lvl24 	lvl25 	lvl26 	lvl27 	lvl28 	lvl29 	lvl30 	lvl31 	lvl32 	lvl33 	lvl34 	lvl35 	lvl36 	lvl37 	lvl38 	lvl39 	lvl40 	lvl41 	lvl42 
100000   	0    	3.919700e-03	1     	2     	4     	8     	16    	31    	61    	115   	213   	375   	634   	1045  	1651  	2437  	3387  	4491  	5616  	6870  	7862  	8592  	8923  	8701  	8158  	7118  	5978  	4968  	3818  	2891  	2092  	1526  	1000  	630   	383   	204   	106   	52    	21    	11    	5     	3     	1     	nan   	nan   
100000   	1    	4.145200e-03	1     	2     	4     	8     	16    	32    	64    	127   	239   	428   	711   	1103  	1633  	2278  	3043  	3872  	4748  	5615  	6481  	7084  	7407  	7546  	7518  	7178  	6546  	5856  	5069  	4168  	3260  	2522  	1858  	1316  	827   	555   	380   	212   	133   	87    	50    	13    	5     	4     	1     
100000   	2    	4.483400e-03	1     	2     	4     	8     	16    	32    	64    	127   	240   	433   	713   	1184  	1821  	2663  	3793  	5044  	6400  	7651  	8692  	9296  	9388  	8808  	7836  	6658  	5451  	4266  	3304  	2274  	1542  	1002  	611   	341   	186   	79    	37    	20    	9     	4     	nan   	nan   	nan   	nan   	nan   
100000   	3    	4.666600e-03	1     	2     	4     	8     	16    	32    	64    	125   	235   	417   	688   	1105  	1653  	2427  	3365  	4420  	5651  	6832  	7971  	8808  	9222  	9025  	8519  	7458  	6271  	4944  	3633  	2631  	1765  	1166  	747   	414   	211   	104   	48    	13    	4     	1     	nan   	nan   	nan   	nan   	nan   

