Criação das árvores ordenadas:
n_persons	index	time        
100000   	0    	5.064290e-02
100000   	1    	6.187770e-02
100000   	2    	5.597210e-02
100000   	3    	4.747440e-02

Procura de nós nas árvores:
n_persons	index	time        
100000   	0    	5.599840e-02
100000   	1    	6.771770e-02
100000   	2    	5.700520e-02
100000   	3    	5.240360e-02

Maior profundidade das árvores:
n_persons	index	time        	depth
100000   	0    	4.219700e-03	37   
100000   	1    	4.502800e-03	41   
100000   	2    	4.821800e-03	40   
100000   	3    	4.767000e-03	37   

Número de nós em cada nível:
n_persons	index	time        	lvl0  	lvl1  	lvl2  	lvl3  	lvl4  	lvl5  	lvl6  	lvl7  	lvl8  	lvl9  	lvl10 	lvl11 	lvl12 	lvl13 	lvl14 	lvl15 	lvl16 	lvl17 	lvl18 	lvl19 	lvl20 	lvl21 	lvl22 	lvl23 	lvl24 	lvl25 	lvl26 	lvl27 	lvl28 	lvl29 	lvl30 	lvl31 	lvl32 	lvl33 	lvl34 	lvl35 	lvl36 	lvl37 	lvl38 	lvl39 	lvl40 	lvl41 
100000   	0    	3.816700e-03	1     	2     	4     	8     	16    	32    	64    	127   	243   	450   	800   	1334  	2139  	3208  	4491  	5813  	7002  	7928  	8621  	8915  	8761  	8296  	7527  	6514  	5375  	4138  	2994  	2057  	1320  	833   	475   	253   	143   	69    	25    	13    	8     	1     	nan   	nan   	nan   	nan   
100000   	1    	4.128900e-03	1     	2     	4     	8     	16    	32    	64    	125   	238   	425   	732   	1199  	1858  	2721  	3734  	4843  	5998  	7098  	7846  	8600  	8781  	8709  	8036  	7004  	5839  	4772  	3671  	2722  	1869  	1245  	812   	484   	251   	126   	68    	33    	13    	7     	6     	5     	2     	1     
100000   	2    	4.306100e-03	1     	2     	4     	8     	16    	32    	64    	122   	233   	419   	741   	1249  	1969  	2925  	4105  	5326  	6536  	7639  	8473  	8922  	8830  	8356  	7580  	6549  	5369  	4211  	3252  	2294  	1662  	1146  	750   	498   	317   	195   	109   	55    	26    	11    	1     	2     	1     	nan   
100000   	3    	4.477900e-03	1     	2     	4     	8     	16    	32    	61    	117   	217   	375   	635   	1039  	1611  	2396  	3389  	4582  	5841  	6985  	7955  	8658  	8901  	8716  	8001  	7132  	6036  	4860  	3718  	2899  	2125  	1460  	960   	578   	356   	194   	95    	35    	8     	2     	nan   	nan   	nan   	nan   

