Criação das árvores ordenadas:
n_persons	index	time        
100000   	0    	5.435260e-02
100000   	1    	6.441270e-02
100000   	2    	5.775350e-02
100000   	3    	4.843700e-02

Procura de nós nas árvores:
n_persons	index	time        
100000   	0    	5.574690e-02
100000   	1    	6.501520e-02
100000   	2    	5.859490e-02
100000   	3    	5.117340e-02

Maior profundidade das árvores:
n_persons	index	time        	depth
100000   	0    	4.398600e-03	41   
100000   	1    	4.611300e-03	37   
100000   	2    	5.080000e-03	40   
100000   	3    	5.181800e-03	40   

Número de nós em cada nível:
n_persons	index	time        	lvl0  	lvl1  	lvl2  	lvl3  	lvl4  	lvl5  	lvl6  	lvl7  	lvl8  	lvl9  	lvl10 	lvl11 	lvl12 	lvl13 	lvl14 	lvl15 	lvl16 	lvl17 	lvl18 	lvl19 	lvl20 	lvl21 	lvl22 	lvl23 	lvl24 	lvl25 	lvl26 	lvl27 	lvl28 	lvl29 	lvl30 	lvl31 	lvl32 	lvl33 	lvl34 	lvl35 	lvl36 	lvl37 	lvl38 	lvl39 	lvl40 	lvl41 
100000   	0    	3.969100e-03	1     	2     	4     	8     	16    	32    	63    	122   	225   	401   	677   	1082  	1704  	2467  	3522  	4735  	5985  	7123  	7967  	8609  	8813  	8701  	8066  	7082  	6041  	4750  	3725  	2666  	1812  	1246  	793   	538   	361   	250   	156   	103   	73    	39    	21    	12    	5     	2     
100000   	1    	3.914000e-03	1     	2     	4     	8     	16    	32    	64    	126   	237   	407   	671   	1035  	1608  	2369  	3355  	4490  	5712  	6872  	7921  	8662  	8993  	8856  	8327  	7389  	6148  	4898  	3722  	2748  	1972  	1355  	841   	526   	327   	173   	72    	39    	17    	5     	nan   	nan   	nan   	nan   
100000   	2    	5.071600e-03	1     	2     	4     	7     	14    	28    	55    	106   	204   	375   	658   	1076  	1694  	2481  	3544  	4670  	6028  	7231  	8107  	8601  	8635  	8369  	7833  	6850  	5880  	4742  	3751  	2903  	2072  	1461  	1048  	665   	396   	251   	129   	69    	31    	17    	6     	5     	1     	nan   
100000   	3    	4.543700e-03	1     	2     	4     	8     	16    	32    	62    	122   	233   	424   	741   	1260  	1963  	2856  	3906  	5090  	6214  	7196  	7845  	8214  	8188  	7653  	7070  	6450  	5668  	4744  	3876  	2998  	2223  	1642  	1194  	818   	540   	315   	197   	106   	56    	35    	21    	12    	5     	nan   

