Criação das árvores ordenadas:
n_persons	index	time        
100000   	0    	5.141170e-02
100000   	1    	6.177720e-02
100000   	2    	5.553940e-02
100000   	3    	4.566500e-02

Procura de nós nas árvores:
n_persons	index	time        
100000   	0    	5.157060e-02
100000   	1    	6.143280e-02
100000   	2    	5.754920e-02
100000   	3    	6.332430e-02

Maior profundidade das árvores:
n_persons	index	time        	depth
100000   	0    	5.840300e-03	42   
100000   	1    	1.314990e-02	37   
100000   	2    	6.225100e-03	39   
100000   	3    	1.011720e-02	41   

Número de nós em cada nível:
n_persons	index	time        	lvl0  	lvl1  	lvl2  	lvl3  	lvl4  	lvl5  	lvl6  	lvl7  	lvl8  	lvl9  	lvl10 	lvl11 	lvl12 	lvl13 	lvl14 	lvl15 	lvl16 	lvl17 	lvl18 	lvl19 	lvl20 	lvl21 	lvl22 	lvl23 	lvl24 	lvl25 	lvl26 	lvl27 	lvl28 	lvl29 	lvl30 	lvl31 	lvl32 	lvl33 	lvl34 	lvl35 	lvl36 	lvl37 	lvl38 	lvl39 	lvl40 	lvl41 	lvl42 
100000   	0    	6.312900e-03	1     	2     	4     	8     	16    	32    	63    	124   	234   	417   	734   	1201  	1895  	2835  	3969  	5185  	6455  	7513  	8191  	8490  	8391  	8027  	7312  	6474  	5507  	4505  	3551  	2710  	2091  	1456  	989   	647   	382   	238   	157   	87    	57    	21    	11    	9     	5     	2     	2     
100000   	1    	5.126800e-03	1     	2     	4     	8     	16    	32    	64    	127   	240   	440   	768   	1258  	1974  	2871  	3918  	5097  	6221  	7301  	8212  	8854  	9099  	8795  	8068  	6974  	5785  	4413  	3279  	2287  	1544  	952   	598   	357   	226   	111   	62    	26    	13    	3     	nan   	nan   	nan   	nan   	nan   
100000   	2    	7.495800e-03	1     	2     	4     	8     	16    	32    	64    	126   	241   	447   	783   	1284  	2012  	2903  	4049  	5302  	6557  	7577  	8413  	8830  	8781  	8528  	7776  	6843  	5694  	4509  	3326  	2285  	1546  	970   	551   	285   	146   	67    	26    	9     	4     	1     	1     	1     	nan   	nan   	nan   
100000   	3    	6.960000e-03	1     	2     	4     	8     	16    	32    	64    	124   	233   	424   	739   	1182  	1828  	2687  	3695  	4948  	6210  	7491  	8647  	9369  	9368  	8855  	7912  	6651  	5366  	4301  	3185  	2362  	1645  	1077  	660   	399   	219   	129   	72    	41    	29    	14    	6     	2     	2     	1     	nan   

