Criação das árvores ordenadas:
n_persons	index	time        
100000   	0    	1.021563e-01
100000   	1    	7.857800e-02
100000   	2    	5.773760e-02
100000   	3    	4.848910e-02

Procura de nós nas árvores:
n_persons	index	time        
100000   	0    	5.470530e-02
100000   	1    	7.039390e-02
100000   	2    	5.916750e-02
100000   	3    	5.208390e-02

Maior profundidade das árvores:
n_persons	index	time        	depth
100000   	0    	4.805600e-03	39   
100000   	1    	4.801100e-03	38   
100000   	2    	5.577300e-03	39   
100000   	3    	5.396900e-03	40   

Número de nós em cada nível:
n_persons	index	time        	lvl0  	lvl1  	lvl2  	lvl3  	lvl4  	lvl5  	lvl6  	lvl7  	lvl8  	lvl9  	lvl10 	lvl11 	lvl12 	lvl13 	lvl14 	lvl15 	lvl16 	lvl17 	lvl18 	lvl19 	lvl20 	lvl21 	lvl22 	lvl23 	lvl24 	lvl25 	lvl26 	lvl27 	lvl28 	lvl29 	lvl30 	lvl31 	lvl32 	lvl33 	lvl34 	lvl35 	lvl36 	lvl37 	lvl38 	lvl39 	lvl40 
100000   	0    	4.142800e-03	1     	2     	4     	8     	15    	28    	53    	90    	161   	263   	446   	765   	1259  	1972  	2917  	4059  	5385  	6768  	8048  	8914  	9321  	9132  	8632  	7671  	6523  	5180  	3996  	2966  	2112  	1389  	867   	508   	265   	133   	73    	38    	20    	10    	5     	1     	nan   
100000   	1    	4.334700e-03	1     	2     	4     	8     	16    	32    	64    	126   	242   	456   	820   	1406  	2250  	3298  	4543  	5884  	7065  	8079  	8717  	8942  	8657  	8055  	7182  	6124  	5126  	4005  	2970  	2145  	1462  	976   	588   	358   	202   	101   	51    	30    	10    	2     	1     	nan   	nan   
100000   	2    	4.681200e-03	1     	2     	4     	8     	16    	31    	61    	112   	206   	349   	548   	838   	1256  	1823  	2653  	3690  	4812  	6110  	7431  	8493  	9149  	9415  	8993  	8061  	6882  	5700  	4394  	3238  	2232  	1467  	879   	551   	298   	147   	78    	41    	17    	9     	4     	1     	nan   
100000   	3    	4.626500e-03	1     	2     	4     	8     	15    	29    	54    	101   	183   	303   	505   	794   	1196  	1769  	2498  	3369  	4405  	5520  	6660  	7714  	8543  	8762  	8524  	7882  	7043  	6071  	5034  	3995  	2943  	2080  	1461  	971   	648   	409   	239   	125   	69    	39    	21    	7     	4     

