Criação das árvores ordenadas:
n_persons	index	time        
100000   	0    	5.197570e-02
100000   	1    	6.197620e-02
100000   	2    	5.334730e-02
100000   	3    	7.528980e-02

Procura de nós nas árvores:
n_persons	index	time        
100000   	0    	9.227960e-02
100000   	1    	6.879510e-02
100000   	2    	5.868100e-02
100000   	3    	5.080380e-02

Maior profundidade das árvores:
n_persons	index	time        	depth
100000   	0    	4.499500e-03	40   
100000   	1    	4.421100e-03	40   
100000   	2    	5.016800e-03	38   
100000   	3    	4.929500e-03	41   

Número de nós em cada nível:
n_persons	index	time        	lvl0  	lvl1  	lvl2  	lvl3  	lvl4  	lvl5  	lvl6  	lvl7  	lvl8  	lvl9  	lvl10 	lvl11 	lvl12 	lvl13 	lvl14 	lvl15 	lvl16 	lvl17 	lvl18 	lvl19 	lvl20 	lvl21 	lvl22 	lvl23 	lvl24 	lvl25 	lvl26 	lvl27 	lvl28 	lvl29 	lvl30 	lvl31 	lvl32 	lvl33 	lvl34 	lvl35 	lvl36 	lvl37 	lvl38 	lvl39 	lvl40 	lvl41 
100000   	0    	3.879800e-03	1     	2     	4     	8     	16    	31    	59    	117   	219   	395   	673   	1094  	1697  	2503  	3463  	4528  	5691  	6682  	7503  	8181  	8444  	8373  	7898  	7059  	6134  	5016  	4033  	3181  	2366  	1673  	1079  	688   	471   	316   	191   	101   	53    	32    	15    	7     	3     	nan   
100000   	1    	3.822200e-03	1     	2     	4     	8     	16    	31    	62    	116   	217   	394   	700   	1183  	1881  	2902  	4088  	5432  	6873  	8135  	9080  	9559  	9446  	8814  	7842  	6445  	5122  	3834  	2737  	1889  	1238  	777   	469   	283   	174   	109   	69    	37    	19    	9     	1     	1     	1     	nan   
100000   	2    	4.614100e-03	1     	2     	4     	8     	16    	32    	64    	127   	239   	444   	798   	1346  	2129  	3132  	4294  	5565  	6787  	7743  	8492  	8898  	8837  	8285  	7490  	6404  	5331  	4166  	3150  	2320  	1566  	1037  	608   	303   	176   	97    	55    	31    	15    	7     	1     	nan   	nan   	nan   
100000   	3    	4.317700e-03	1     	2     	4     	8     	16    	32    	64    	127   	244   	447   	771   	1288  	1977  	2845  	3988  	5241  	6566  	7723  	8609  	9200  	9093  	8655  	7729  	6591  	5406  	4133  	3084  	2128  	1530  	971   	616   	360   	224   	142   	75    	52    	32    	11    	8     	5     	1     	1     

