Criação das árvores ordenadas:
n_persons	index	time        
100000   	0    	5.538260e-02
100000   	1    	6.438780e-02
100000   	2    	7.424150e-02
100000   	3    	5.136850e-02

Procura de nós nas árvores:
n_persons	index	time        
100000   	0    	5.663170e-02
100000   	1    	6.749690e-02
100000   	2    	6.155100e-02
100000   	3    	4.836400e-02

Maior profundidade das árvores:
n_persons	index	time        	depth
100000   	0    	4.800700e-03	38   
100000   	1    	4.719300e-03	36   
100000   	2    	4.786100e-03	42   
100000   	3    	4.819000e-03	39   

Número de nós em cada nível:
n_persons	index	time        	lvl0  	lvl1  	lvl2  	lvl3  	lvl4  	lvl5  	lvl6  	lvl7  	lvl8  	lvl9  	lvl10 	lvl11 	lvl12 	lvl13 	lvl14 	lvl15 	lvl16 	lvl17 	lvl18 	lvl19 	lvl20 	lvl21 	lvl22 	lvl23 	lvl24 	lvl25 	lvl26 	lvl27 	lvl28 	lvl29 	lvl30 	lvl31 	lvl32 	lvl33 	lvl34 	lvl35 	lvl36 	lvl37 	lvl38 	lvl39 	lvl40 	lvl41 	lvl42 
100000   	0    	3.799200e-03	1     	2     	4     	8     	16    	30    	59    	116   	218   	387   	657   	1062  	1639  	2446  	3303  	4413  	5431  	6568  	7632  	8351  	8649  	8476  	7999  	7205  	6236  	5105  	3989  	2976  	2169  	1564  	1146  	819   	582   	372   	209   	98    	47    	11    	5     	nan   	nan   	nan   	nan   
100000   	1    	4.165900e-03	1     	2     	4     	8     	16    	32    	64    	127   	249   	466   	825   	1392  	2242  	3385  	4732  	6217  	7620  	8692  	9345  	9395  	9072  	8236  	7122  	5824  	4615  	3538  	2519  	1704  	1057  	683   	392   	210   	135   	51    	19    	8     	1     	nan   	nan   	nan   	nan   	nan   	nan   
100000   	2    	4.367300e-03	1     	2     	4     	8     	16    	32    	62    	122   	212   	355   	558   	819   	1169  	1640  	2241  	2849  	3643  	4569  	5530  	6454  	7187  	7638  	7864  	7649  	7178  	6535  	5836  	4908  	4078  	3222  	2430  	1821  	1252  	837   	534   	339   	190   	106   	58    	31    	13    	7     	1     
100000   	3    	4.432800e-03	1     	2     	4     	8     	16    	32    	64    	126   	238   	432   	750   	1256  	1941  	2875  	4048  	5439  	6897  	8196  	9166  	9700  	9666  	9036  	7970  	6562  	5066  	3724  	2616  	1776  	1075  	615   	370   	180   	88    	36    	17    	5     	3     	2     	1     	1     	nan   	nan   	nan   

