Criação das árvores ordenadas:
n_persons	index	time        
100000   	0    	5.460730e-02
100000   	1    	6.713080e-02
100000   	2    	5.340730e-02
100000   	3    	4.907690e-02

Procura de nós nas árvores:
n_persons	index	time        
100000   	0    	5.982680e-02
100000   	1    	7.834770e-02
100000   	2    	5.910920e-02
100000   	3    	5.232570e-02

Maior profundidade das árvores:
n_persons	index	time        	depth
100000   	0    	4.426600e-03	40   
100000   	1    	4.304200e-03	47   
100000   	2    	4.813000e-03	44   
100000   	3    	5.188400e-03	36   

Número de nós em cada nível:
n_persons	index	time        	lvl0  	lvl1  	lvl2  	lvl3  	lvl4  	lvl5  	lvl6  	lvl7  	lvl8  	lvl9  	lvl10 	lvl11 	lvl12 	lvl13 	lvl14 	lvl15 	lvl16 	lvl17 	lvl18 	lvl19 	lvl20 	lvl21 	lvl22 	lvl23 	lvl24 	lvl25 	lvl26 	lvl27 	lvl28 	lvl29 	lvl30 	lvl31 	lvl32 	lvl33 	lvl34 	lvl35 	lvl36 	lvl37 	lvl38 	lvl39 	lvl40 	lvl41 	lvl42 	lvl43 	lvl44 	lvl45 	lvl46 	lvl47 
100000   	0    	4.153100e-03	1     	2     	4     	8     	16    	32    	64    	123   	220   	377   	628   	1009  	1506  	2128  	2875  	3813  	4896  	5968  	6923  	7719  	8250  	8362  	8243  	7723  	6969  	5991  	4963  	3712  	2672  	1825  	1219  	768   	460   	275   	146   	58    	26    	12    	7     	4     	3     	nan   	nan   	nan   	nan   	nan   	nan   	nan   
100000   	1    	4.286700e-03	1     	2     	4     	8     	16    	32    	59    	112   	198   	325   	540   	876   	1368  	2058  	2883  	3853  	4941  	6038  	7022  	7781  	8164  	8216  	8001  	7484  	6649  	5668  	4662  	3771  	2926  	2111  	1441  	951   	629   	409   	239   	151   	116   	68    	63    	52    	39    	26    	19    	14    	8     	3     	2     	1     
100000   	2    	4.447200e-03	1     	2     	4     	8     	16    	32    	64    	125   	237   	430   	730   	1178  	1772  	2571  	3570  	4783  	5967  	7070  	8004  	8555  	8642  	8240  	7598  	6699  	5655  	4730  	3798  	2974  	2137  	1536  	1085  	730   	462   	277   	150   	72    	40    	24    	11    	9     	6     	3     	1     	1     	1     	nan   	nan   	nan   
100000   	3    	4.898800e-03	1     	2     	4     	8     	16    	32    	61    	119   	222   	399   	690   	1173  	1835  	2752  	3899  	5101  	6278  	7332  	8193  	8740  	8834  	8380  	7736  	6851  	5719  	4600  	3646  	2690  	1853  	1221  	750   	433   	237   	116   	47    	21    	9     	nan   	nan   	nan   	nan   	nan   	nan   	nan   	nan   	nan   	nan   	nan   

