Criação das árvores ordenadas:
n_persons	index	time        
100000   	0    	5.007470e-02
100000   	1    	6.384630e-02
100000   	2    	5.693780e-02
100000   	3    	4.685900e-02

Procura de nós nas árvores:
n_persons	index	time        
100000   	0    	5.204830e-02
100000   	1    	6.013110e-02
100000   	2    	1.118068e-01
100000   	3    	6.897510e-02

Maior profundidade das árvores:
n_persons	index	time        	depth
100000   	0    	4.931600e-03	37   
100000   	1    	4.751900e-03	39   
100000   	2    	4.981300e-03	38   
100000   	3    	5.064300e-03	36   

Número de nós em cada nível:
n_persons	index	time        	lvl0  	lvl1  	lvl2  	lvl3  	lvl4  	lvl5  	lvl6  	lvl7  	lvl8  	lvl9  	lvl10 	lvl11 	lvl12 	lvl13 	lvl14 	lvl15 	lvl16 	lvl17 	lvl18 	lvl19 	lvl20 	lvl21 	lvl22 	lvl23 	lvl24 	lvl25 	lvl26 	lvl27 	lvl28 	lvl29 	lvl30 	lvl31 	lvl32 	lvl33 	lvl34 	lvl35 	lvl36 	lvl37 	lvl38 	lvl39 
100000   	0    	4.259600e-03	1     	2     	4     	8     	16    	32    	63    	119   	229   	421   	738   	1246  	1966  	2957  	4249  	5573  	6923  	7978  	8668  	8900  	8849  	8315  	7402  	6401  	5268  	4209  	3244  	2311  	1563  	990   	602   	341   	209   	107   	49    	30    	13    	4     	nan   	nan   
100000   	1    	3.939800e-03	1     	2     	4     	8     	16    	29    	51    	87    	135   	229   	361   	584   	949   	1530  	2325  	3412  	4674  	5934  	7136  	8126  	8585  	8778  	8509  	7864  	7031  	6098  	5001  	3873  	2855  	2055  	1412  	953   	620   	366   	197   	115   	62    	26    	6     	1     
100000   	2    	4.420600e-03	1     	2     	4     	8     	16    	32    	64    	115   	203   	343   	556   	886   	1339  	2023  	2932  	3987  	5099  	6188  	7243  	7922  	8371  	8437  	8155  	7610  	6671  	5567  	4479  	3507  	2686  	1954  	1372  	974   	583   	349   	176   	88    	40    	16    	2     	nan   
100000   	3    	4.453900e-03	1     	2     	4     	8     	16    	31    	59    	113   	201   	358   	601   	978   	1510  	2297  	3405  	4653  	6023  	7400  	8566  	9452  	9771  	9465  	8593  	7220  	5794  	4475  	3307  	2230  	1441  	904   	561   	295   	146   	72    	33    	12    	3     	nan   	nan   	nan   

