Criação das árvores ordenadas:
n_persons	index	time        
100000   	0    	5.109310e-02
100000   	1    	6.187780e-02
100000   	2    	5.429640e-02
100000   	3    	5.181610e-02

Procura de nós nas árvores:
n_persons	index	time        
100000   	0    	5.283590e-02
100000   	1    	5.918200e-02
100000   	2    	5.480490e-02
100000   	3    	4.905970e-02

Maior profundidade das árvores:
n_persons	index	time        	depth
100000   	0    	4.351000e-03	40   
100000   	1    	4.340700e-03	42   
100000   	2    	5.156700e-03	38   
100000   	3    	4.915300e-03	38   

Número de nós em cada nível:
n_persons	index	time        	lvl0  	lvl1  	lvl2  	lvl3  	lvl4  	lvl5  	lvl6  	lvl7  	lvl8  	lvl9  	lvl10 	lvl11 	lvl12 	lvl13 	lvl14 	lvl15 	lvl16 	lvl17 	lvl18 	lvl19 	lvl20 	lvl21 	lvl22 	lvl23 	lvl24 	lvl25 	lvl26 	lvl27 	lvl28 	lvl29 	lvl30 	lvl31 	lvl32 	lvl33 	lvl34 	lvl35 	lvl36 	lvl37 	lvl38 	lvl39 	lvl40 	lvl41 	lvl42 
100000   	0    	3.841400e-03	1     	2     	4     	8     	16    	32    	63    	126   	236   	428   	735   	1217  	1852  	2750  	3878  	5202  	6511  	7747  	8578  	9023  	9002  	8549  	7633  	6572  	5500  	4429  	3387  	2454  	1669  	1032  	626   	368   	199   	93    	43    	22    	8     	2     	1     	1     	1     	nan   	nan   
100000   	1    	4.097500e-03	1     	2     	4     	8     	16    	32    	61    	117   	208   	355   	589   	949   	1479  	2246  	3156  	4256  	5464  	6664  	7617  	8330  	8643  	8424  	7994  	7411  	6397  	5311  	4107  	3140  	2340  	1672  	1139  	731   	469   	272   	164   	103   	58    	30    	20    	13    	4     	2     	2     
100000   	2    	4.483700e-03	1     	2     	4     	8     	16    	32    	63    	116   	212   	372   	657   	1073  	1700  	2533  	3518  	4702  	5915  	7040  	7930  	8541  	8780  	8590  	8056  	7146  	5990  	4814  	3765  	2825  	2004  	1429  	954   	563   	316   	166   	83    	42    	25    	14    	3     	nan   	nan   	nan   	nan   
100000   	3    	4.590200e-03	1     	2     	4     	8     	16    	32    	61    	118   	220   	394   	689   	1134  	1834  	2751  	3895  	5243  	6615  	7979  	8992  	9511  	9319  	8663  	7507  	6427  	5284  	4058  	3038  	2173  	1419  	1015  	681   	429   	228   	151   	60    	35    	10    	3     	1     	nan   	nan   	nan   	nan   

