Criação das árvores ordenadas:
n_persons	index	time        
100000   	0    	1.007901e-01
100000   	1    	1.044701e-01
100000   	2    	6.219770e-02
100000   	3    	5.139230e-02

Procura de nós nas árvores:
n_persons	index	time        
100000   	0    	5.771260e-02
100000   	1    	7.182790e-02
100000   	2    	5.966570e-02
100000   	3    	5.164350e-02

Maior profundidade das árvores:
n_persons	index	time        	depth
100000   	0    	6.019500e-03	38   
100000   	1    	6.091100e-03	40   
100000   	2    	7.286400e-03	39   
100000   	3    	5.036700e-03	37   

Número de nós em cada nível:
n_persons	index	time        	lvl0  	lvl1  	lvl2  	lvl3  	lvl4  	lvl5  	lvl6  	lvl7  	lvl8  	lvl9  	lvl10 	lvl11 	lvl12 	lvl13 	lvl14 	lvl15 	lvl16 	lvl17 	lvl18 	lvl19 	lvl20 	lvl21 	lvl22 	lvl23 	lvl24 	lvl25 	lvl26 	lvl27 	lvl28 	lvl29 	lvl30 	lvl31 	lvl32 	lvl33 	lvl34 	lvl35 	lvl36 	lvl37 	lvl38 	lvl39 	lvl40 
100000   	0    	3.979900e-03	1     	2     	4     	8     	16    	32    	63    	120   	227   	414   	706   	1163  	1796  	2560  	3439  	4455  	5451  	6417  	7270  	8027  	8374  	8416  	8100  	7524  	6546  	5433  	4295  	3230  	2239  	1480  	962   	567   	340   	181   	95    	35    	10    	1     	1     	nan   	nan   
100000   	1    	3.809600e-03	1     	2     	4     	8     	16    	32    	64    	125   	242   	453   	816   	1384  	2213  	3269  	4576  	5988  	7338  	8495  	9154  	9275  	8805  	7963  	7035  	5833  	4727  	3636  	2728  	2009  	1407  	918   	586   	365   	219   	136   	87    	54    	25    	9     	1     	1     	1     
100000   	2    	4.833000e-03	1     	2     	4     	8     	16    	32    	60    	117   	221   	411   	692   	1102  	1708  	2501  	3517  	4646  	5970  	7255  	8320  	9021  	9246  	9010  	8294  	7242  	5874  	4576  	3371  	2356  	1703  	1111  	669   	405   	227   	132   	75    	44    	36    	14    	9     	2     	nan   
100000   	3    	4.776200e-03	1     	2     	4     	8     	16    	32    	63    	120   	233   	422   	723   	1188  	1889  	2854  	4033  	5463  	6880  	8061  	9087  	9675  	9566  	9034  	7861  	6582  	5040  	3700  	2669  	1852  	1193  	762   	483   	262   	137   	61    	27    	10    	5     	2     	nan   	nan   	nan   

