Criação das árvores ordenadas:
n_persons	index	time        
100000   	0    	5.800000e-02
100000   	1    	6.359100e-02
100000   	2    	5.612320e-02
100000   	3    	5.423940e-02

Procura de nós nas árvores:
n_persons	index	time        
100000   	0    	5.242840e-02
100000   	1    	6.744460e-02
100000   	2    	6.340340e-02
100000   	3    	5.012830e-02

Maior profundidade das árvores:
n_persons	index	time        	depth
100000   	0    	4.341800e-03	40   
100000   	1    	4.583600e-03	37   
100000   	2    	5.717500e-03	44   
100000   	3    	5.698500e-03	38   

Número de nós em cada nível:
n_persons	index	time        	lvl0  	lvl1  	lvl2  	lvl3  	lvl4  	lvl5  	lvl6  	lvl7  	lvl8  	lvl9  	lvl10 	lvl11 	lvl12 	lvl13 	lvl14 	lvl15 	lvl16 	lvl17 	lvl18 	lvl19 	lvl20 	lvl21 	lvl22 	lvl23 	lvl24 	lvl25 	lvl26 	lvl27 	lvl28 	lvl29 	lvl30 	lvl31 	lvl32 	lvl33 	lvl34 	lvl35 	lvl36 	lvl37 	lvl38 	lvl39 	lvl40 	lvl41 	lvl42 	lvl43 	lvl44 
100000   	0    	4.955400e-03	1     	2     	4     	8     	16    	32    	63    	121   	216   	392   	671   	1122  	1738  	2544  	3500  	4679  	5945  	7115  	8043  	8714  	8887  	8615  	7911  	7079  	5865  	4684  	3562  	2601  	1945  	1389  	982   	670   	408   	229   	120   	69    	28    	14    	11    	4     	1     	nan   	nan   	nan   	nan   
100000   	1    	6.797600e-03	1     	2     	4     	8     	16    	32    	63    	123   	238   	429   	754   	1263  	2002  	3025  	4244  	5604  	6858  	8169  	9086  	9368  	9127  	8539  	7579  	6343  	5118  	3884  	2774  	2018  	1382  	898   	532   	273   	145   	65    	20    	8     	5     	1     	nan   	nan   	nan   	nan   	nan   	nan   	nan   
100000   	2    	5.336000e-03	1     	2     	4     	8     	16    	32    	59    	112   	206   	365   	630   	1079  	1697  	2556  	3618  	4805  	6111  	7281  	8147  	8713  	8965  	8605  	7960  	7068  	6015  	4696  	3580  	2639  	1792  	1189  	771   	458   	295   	187   	122   	88    	51    	29    	19    	11    	7     	5     	3     	2     	1     
100000   	3    	4.797000e-03	1     	2     	4     	8     	16    	32    	64    	125   	236   	416   	713   	1183  	1870  	2834  	4028  	5480  	6913  	8229  	9149  	9593  	9461  	8894  	7763  	6503  	5191  	3866  	2762  	1886  	1219  	705   	392   	222   	121   	65    	35    	11    	5     	2     	1     	nan   	nan   	nan   	nan   	nan   	nan   

