Criação das árvores ordenadas:
n_persons	index	time        
100000   	0    	5.495850e-02
100000   	1    	6.787780e-02
100000   	2    	5.645490e-02
100000   	3    	4.868460e-02

Procura de nós nas árvores:
n_persons	index	time        
100000   	0    	6.002300e-02
100000   	1    	7.173200e-02
100000   	2    	5.978820e-02
100000   	3    	4.870060e-02

Maior profundidade das árvores:
n_persons	index	time        	depth
100000   	0    	4.207800e-03	39   
100000   	1    	4.711600e-03	38   
100000   	2    	5.042300e-03	42   
100000   	3    	4.846800e-03	38   

Número de nós em cada nível:
n_persons	index	time        	lvl0  	lvl1  	lvl2  	lvl3  	lvl4  	lvl5  	lvl6  	lvl7  	lvl8  	lvl9  	lvl10 	lvl11 	lvl12 	lvl13 	lvl14 	lvl15 	lvl16 	lvl17 	lvl18 	lvl19 	lvl20 	lvl21 	lvl22 	lvl23 	lvl24 	lvl25 	lvl26 	lvl27 	lvl28 	lvl29 	lvl30 	lvl31 	lvl32 	lvl33 	lvl34 	lvl35 	lvl36 	lvl37 	lvl38 	lvl39 	lvl40 	lvl41 	lvl42 
100000   	0    	3.930000e-03	1     	2     	4     	8     	16    	31    	62    	119   	219   	392   	689   	1117  	1765  	2575  	3528  	4694  	5848  	7092  	8091  	8841  	9143  	9053  	8301  	7299  	5964  	4670  	3466  	2503  	1688  	1139  	741   	444   	261   	131   	61    	22    	9     	5     	4     	2     	nan   	nan   	nan   
100000   	1    	4.402900e-03	1     	2     	4     	8     	16    	32    	64    	127   	242   	445   	788   	1316  	2093  	3104  	4366  	5790  	7222  	8381  	9206  	9372  	9269  	8544  	7459  	6241  	4776  	3577  	2562  	1769  	1216  	816   	480   	299   	198   	116   	54    	28    	12    	4     	1     	nan   	nan   	nan   	nan   
100000   	2    	4.463100e-03	1     	2     	4     	8     	16    	32    	64    	126   	245   	448   	769   	1282  	1922  	2842  	3821  	4852  	5936  	6796  	7497  	7888  	8008  	7816  	7400  	6787  	6098  	5154  	4187  	3143  	2336  	1624  	1152  	724   	453   	251   	143   	88    	47    	20    	10    	4     	1     	1     	2     
100000   	3    	4.462300e-03	1     	2     	4     	8     	16    	32    	64    	125   	241   	457   	815   	1368  	2134  	3113  	4263  	5488  	6685  	7531  	8206  	8508  	8495  	8061  	7472  	6538  	5564  	4526  	3400  	2501  	1713  	1099  	719   	413   	223   	113   	59    	25    	13    	4     	1     	nan   	nan   	nan   	nan   

