Criação das árvores ordenadas:
n_persons	index	time        
100000   	0    	5.825420e-02
100000   	1    	7.436030e-02
100000   	2    	6.082830e-02
100000   	3    	4.978080e-02

Procura de nós nas árvores:
n_persons	index	time        
100000   	0    	5.561990e-02
100000   	1    	6.527630e-02
100000   	2    	5.550790e-02
100000   	3    	5.661490e-02

Maior profundidade das árvores:
n_persons	index	time        	depth
100000   	0    	4.443600e-03	40   
100000   	1    	4.286400e-03	42   
100000   	2    	5.062200e-03	41   
100000   	3    	5.963200e-03	39   

Número de nós em cada nível:
n_persons	index	time        	lvl0  	lvl1  	lvl2  	lvl3  	lvl4  	lvl5  	lvl6  	lvl7  	lvl8  	lvl9  	lvl10 	lvl11 	lvl12 	lvl13 	lvl14 	lvl15 	lvl16 	lvl17 	lvl18 	lvl19 	lvl20 	lvl21 	lvl22 	lvl23 	lvl24 	lvl25 	lvl26 	lvl27 	lvl28 	lvl29 	lvl30 	lvl31 	lvl32 	lvl33 	lvl34 	lvl35 	lvl36 	lvl37 	lvl38 	lvl39 	lvl40 	lvl41 	lvl42 
100000   	0    	5.516000e-03	1     	2     	4     	8     	16    	31    	62    	111   	197   	330   	535   	827   	1248  	1765  	2463  	3298  	4238  	5249  	6289  	7145  	7770  	8060  	8063  	7770  	7207  	6398  	5577  	4610  	3612  	2627  	1773  	1173  	719   	391   	216   	121   	55    	25    	11    	2     	1     	nan   	nan   
100000   	1    	4.394800e-03	1     	2     	4     	8     	16    	32    	64    	126   	221   	398   	681   	1119  	1736  	2492  	3464  	4601  	5747  	6836  	7756  	8396  	8743  	8529  	7910  	7046  	6164  	5087  	3964  	2901  	2106  	1421  	965   	633   	369   	198   	122   	50    	24    	18    	15    	18    	9     	5     	3     
100000   	2    	4.467000e-03	1     	2     	4     	8     	16    	32    	56    	90    	169   	299   	485   	773   	1150  	1692  	2372  	3179  	4133  	5077  	6058  	6854  	7521  	7797  	7808  	7471  	7020  	6262  	5424  	4631  	3706  	2835  	2203  	1627  	1152  	812   	546   	320   	184   	106   	66    	36    	15    	8     	nan   
100000   	3    	4.860300e-03	1     	2     	4     	8     	16    	30    	59    	113   	213   	385   	676   	1109  	1700  	2516  	3559  	4768  	6004  	7260  	8263  	8831  	8926  	8635  	8002  	7028  	5892  	4704  	3535  	2649  	1856  	1213  	785   	516   	340   	188   	105   	57    	27    	18    	6     	1     	nan   	nan   	nan   

