Criação das árvores ordenadas:
n_persons	index	time        
100000   	0    	5.502800e-02
100000   	1    	6.309760e-02
100000   	2    	5.413320e-02
100000   	3    	5.318100e-02

Procura de nós nas árvores:
n_persons	index	time        
100000   	0    	8.067040e-02
100000   	1    	1.020155e-01
100000   	2    	8.031390e-02
100000   	3    	5.235910e-02

Maior profundidade das árvores:
n_persons	index	time        	depth
100000   	0    	4.456700e-03	38   
100000   	1    	4.527500e-03	38   
100000   	2    	5.295300e-03	43   
100000   	3    	5.104300e-03	44   

Número de nós em cada nível:
n_persons	index	time        	lvl0  	lvl1  	lvl2  	lvl3  	lvl4  	lvl5  	lvl6  	lvl7  	lvl8  	lvl9  	lvl10 	lvl11 	lvl12 	lvl13 	lvl14 	lvl15 	lvl16 	lvl17 	lvl18 	lvl19 	lvl20 	lvl21 	lvl22 	lvl23 	lvl24 	lvl25 	lvl26 	lvl27 	lvl28 	lvl29 	lvl30 	lvl31 	lvl32 	lvl33 	lvl34 	lvl35 	lvl36 	lvl37 	lvl38 	lvl39 	lvl40 	lvl41 	lvl42 	lvl43 	lvl44 
100000   	0    	4.344300e-03	1     	2     	4     	8     	16    	32    	64    	123   	236   	427   	740   	1217  	1853  	2656  	3610  	4655  	5674  	6693  	7644  	8256  	8486  	8496  	8040  	7280  	6293  	5211  	3978  	2944  	2052  	1366  	838   	503   	280   	170   	93    	37    	16    	4     	2     	nan   	nan   	nan   	nan   	nan   	nan   
100000   	1    	4.688000e-03	1     	2     	4     	8     	16    	32    	64    	124   	234   	424   	770   	1303  	2120  	3221  	4627  	6132  	7526  	8645  	9339  	9637  	9314  	8452  	7330  	6030  	4579  	3404  	2388  	1652  	1064  	644   	397   	226   	119   	63    	47    	38    	22    	1     	1     	nan   	nan   	nan   	nan   	nan   	nan   
100000   	2    	4.416800e-03	1     	2     	4     	8     	16    	32    	62    	119   	227   	407   	709   	1171  	1833  	2658  	3681  	4887  	6199  	7433  	8294  	8863  	8916  	8406  	7730  	6641  	5485  	4383  	3445  	2677  	1908  	1394  	916   	576   	363   	212   	139   	83    	56    	30    	14    	6     	7     	4     	2     	1     	nan   
100000   	3    	5.677400e-03	1     	2     	4     	8     	16    	32    	63    	120   	221   	394   	670   	1105  	1741  	2603  	3674  	4927  	6091  	7184  	8070  	8548  	8462  	8265  	7453  	6509  	5414  	4436  	3632  	2891  	2132  	1586  	1177  	873   	616   	443   	302   	169   	81    	41    	19    	9     	7     	5     	1     	2     	1     

