Criação das árvores ordenadas:
n_persons	index	time        
100000   	0    	5.179420e-02
100000   	1    	6.149590e-02
100000   	2    	5.575250e-02
100000   	3    	4.639200e-02

Procura de nós nas árvores:
n_persons	index	time        
100000   	0    	5.444450e-02
100000   	1    	6.965100e-02
100000   	2    	6.032690e-02
100000   	3    	5.092740e-02

Maior profundidade das árvores:
n_persons	index	time        	depth
100000   	0    	4.556600e-03	37   
100000   	1    	4.586700e-03	44   
100000   	2    	5.142100e-03	36   
100000   	3    	5.033500e-03	41   

Número de nós em cada nível:
n_persons	index	time        	lvl0  	lvl1  	lvl2  	lvl3  	lvl4  	lvl5  	lvl6  	lvl7  	lvl8  	lvl9  	lvl10 	lvl11 	lvl12 	lvl13 	lvl14 	lvl15 	lvl16 	lvl17 	lvl18 	lvl19 	lvl20 	lvl21 	lvl22 	lvl23 	lvl24 	lvl25 	lvl26 	lvl27 	lvl28 	lvl29 	lvl30 	lvl31 	lvl32 	lvl33 	lvl34 	lvl35 	lvl36 	lvl37 	lvl38 	lvl39 	lvl40 	lvl41 	lvl42 	lvl43 	lvl44 
100000   	0    	4.163800e-03	1     	2     	4     	8     	16    	32    	64    	125   	241   	446   	768   	1299  	2000  	2992  	4102  	5346  	6485  	7491  	8277  	8615  	8546  	8193  	7478  	6651  	5542  	4461  	3497  	2626  	1856  	1215  	733   	435   	250   	129   	60    	12    	1     	1     	nan   	nan   	nan   	nan   	nan   	nan   	nan   
100000   	1    	3.951300e-03	1     	2     	4     	8     	16    	32    	64    	126   	233   	434   	769   	1254  	1945  	2827  	3825  	4967  	6119  	6969  	7592  	7928  	7955  	7706  	7145  	6362  	5442  	4653  	3690  	2908  	2291  	1728  	1332  	963   	738   	569   	436   	328   	247   	153   	102   	59    	41    	20    	12    	4     	1     
100000   	2    	4.942000e-03	1     	2     	4     	8     	16    	32    	63    	118   	219   	396   	692   	1132  	1754  	2598  	3653  	4838  	6057  	7156  	8132  	8826  	9077  	8949  	8339  	7361  	6175  	4852  	3491  	2447  	1533  	970   	557   	305   	147   	65    	21    	11    	3     	nan   	nan   	nan   	nan   	nan   	nan   	nan   	nan   
100000   	3    	4.689700e-03	1     	2     	4     	8     	16    	32    	64    	123   	233   	435   	761   	1231  	1790  	2584  	3599  	4747  	6034  	7211  	8107  	8805  	8929  	8664  	7912  	6988  	5827  	4492  	3443  	2478  	1802  	1293  	894   	589   	396   	232   	137   	74    	33    	15    	6     	5     	3     	1     	nan   	nan   	nan   

