Criação das árvores ordenadas:
n_persons	index	time        
100000   	0    	5.323630e-02
100000   	1    	6.317750e-02
100000   	2    	5.617620e-02
100000   	3    	4.634530e-02

Procura de nós nas árvores:
n_persons	index	time        
100000   	0    	5.369270e-02
100000   	1    	6.205110e-02
100000   	2    	5.731330e-02
100000   	3    	1.007389e-01

Maior profundidade das árvores:
n_persons	index	time        	depth
100000   	0    	5.534400e-03	44   
100000   	1    	5.383900e-03	39   
100000   	2    	5.687000e-03	37   
100000   	3    	6.328300e-03	39   

Número de nós em cada nível:
n_persons	index	time        	lvl0  	lvl1  	lvl2  	lvl3  	lvl4  	lvl5  	lvl6  	lvl7  	lvl8  	lvl9  	lvl10 	lvl11 	lvl12 	lvl13 	lvl14 	lvl15 	lvl16 	lvl17 	lvl18 	lvl19 	lvl20 	lvl21 	lvl22 	lvl23 	lvl24 	lvl25 	lvl26 	lvl27 	lvl28 	lvl29 	lvl30 	lvl31 	lvl32 	lvl33 	lvl34 	lvl35 	lvl36 	lvl37 	lvl38 	lvl39 	lvl40 	lvl41 	lvl42 	lvl43 	lvl44 
100000   	0    	5.168000e-03	1     	2     	4     	8     	16    	32    	63    	124   	220   	373   	599   	934   	1411  	2074  	2951  	4059  	5259  	6417  	7413  	8234  	8771  	8845  	8425  	7713  	6572  	5365  	4243  	3190  	2347  	1567  	1044  	682   	420   	250   	145   	86    	58    	36    	22    	9     	6     	5     	2     	1     	2     
100000   	1    	4.713500e-03	1     	2     	4     	8     	16    	32    	64    	124   	230   	417   	712   	1168  	1838  	2678  	3645  	4690  	5778  	6785  	7698  	8330  	8687  	8674  	8232  	7451  	6277  	5068  	3751  	2690  	1865  	1240  	822   	500   	273   	131   	69    	25    	14    	6     	4     	1     	nan   	nan   	nan   	nan   	nan   
100000   	2    	6.247500e-03	1     	2     	4     	8     	16    	32    	64    	125   	240   	446   	784   	1311  	2057  	3041  	4202  	5457  	6763  	7915  	8817  	9411  	9348  	8722  	7717  	6412  	5082  	3792  	2785  	1927  	1318  	853   	580   	346   	221   	108   	57    	25    	8     	3     	nan   	nan   	nan   	nan   	nan   	nan   	nan   
100000   	3    	5.739100e-03	1     	2     	4     	8     	16    	32    	64    	121   	228   	427   	750   	1205  	1826  	2585  	3477  	4465  	5547  	6465  	7332  	7965  	8329  	8371  	7896  	7211  	6316  	5269  	4229  	3372  	2430  	1620  	1023  	623   	376   	216   	120   	53    	18    	6     	1     	1     	nan   	nan   	nan   	nan   	nan   

