Criação das árvores ordenadas:
n_persons	index	time        
100000   	0    	5.210040e-02
100000   	1    	6.436560e-02
100000   	2    	1.022925e-01
100000   	3    	7.053160e-02

Procura de nós nas árvores:
n_persons	index	time        
100000   	0    	5.541590e-02
100000   	1    	6.243760e-02
100000   	2    	6.284840e-02
100000   	3    	5.017200e-02

Maior profundidade das árvores:
n_persons	index	time        	depth
100000   	0    	4.404100e-03	39   
100000   	1    	4.335800e-03	42   
100000   	2    	6.018200e-03	35   
100000   	3    	8.145400e-03	39   

Número de nós em cada nível:
n_persons	index	time        	lvl0  	lvl1  	lvl2  	lvl3  	lvl4  	lvl5  	lvl6  	lvl7  	lvl8  	lvl9  	lvl10 	lvl11 	lvl12 	lvl13 	lvl14 	lvl15 	lvl16 	lvl17 	lvl18 	lvl19 	lvl20 	lvl21 	lvl22 	lvl23 	lvl24 	lvl25 	lvl26 	lvl27 	lvl28 	lvl29 	lvl30 	lvl31 	lvl32 	lvl33 	lvl34 	lvl35 	lvl36 	lvl37 	lvl38 	lvl39 	lvl40 	lvl41 	lvl42 
100000   	0    	5.912500e-03	1     	2     	4     	8     	16    	32    	63    	119   	228   	415   	708   	1117  	1664  	2431  	3290  	4325  	5426  	6543  	7477  	8067  	8387  	8325  	7932  	7288  	6480  	5399  	4392  	3429  	2443  	1658  	1062  	580   	320   	189   	106   	48    	16    	8     	1     	1     	nan   	nan   	nan   
100000   	1    	4.411300e-03	1     	2     	4     	8     	16    	32    	63    	118   	221   	395   	683   	1134  	1781  	2572  	3573  	4745  	5888  	6969  	7792  	8306  	8311  	8085  	7633  	6870  	5919  	4930  	3843  	2892  	2204  	1575  	1112  	735   	509   	395   	255   	171   	111   	61    	37    	28    	15    	4     	2     
100000   	2    	4.354000e-03	1     	2     	4     	8     	16    	32    	64    	126   	244   	457   	813   	1356  	2142  	3228  	4591  	6044  	7509  	8835  	9848  	10095 	9606  	8733  	7391  	5791  	4405  	3243  	2203  	1403  	844   	479   	258   	134   	59    	24    	10    	2     	nan   	nan   	nan   	nan   	nan   	nan   	nan   
100000   	3    	4.583900e-03	1     	2     	4     	8     	15    	30    	59    	112   	215   	399   	712   	1183  	1891  	2816  	3959  	5240  	6633  	7821  	8684  	9191  	9207  	8640  	7708  	6638  	5381  	4100  	3063  	2233  	1507  	1004  	677   	407   	230   	126   	52    	30    	12    	8     	1     	1     	nan   	nan   	nan   

