Criação das árvores ordenadas:
n_persons	index	time        
100000   	0    	5.625770e-02
100000   	1    	6.892400e-02
100000   	2    	5.959370e-02
100000   	3    	5.171920e-02

Procura de nós nas árvores:
n_persons	index	time        
100000   	0    	6.250000e-02
100000   	1    	7.368620e-02
100000   	2    	6.328320e-02
100000   	3    	1.202415e-01

Maior profundidade das árvores:
n_persons	index	time        	depth
100000   	0    	6.805300e-03	42   
100000   	1    	5.761600e-03	39   
100000   	2    	5.757900e-03	38   
100000   	3    	6.966700e-03	38   

Número de nós em cada nível:
n_persons	index	time        	lvl0  	lvl1  	lvl2  	lvl3  	lvl4  	lvl5  	lvl6  	lvl7  	lvl8  	lvl9  	lvl10 	lvl11 	lvl12 	lvl13 	lvl14 	lvl15 	lvl16 	lvl17 	lvl18 	lvl19 	lvl20 	lvl21 	lvl22 	lvl23 	lvl24 	lvl25 	lvl26 	lvl27 	lvl28 	lvl29 	lvl30 	lvl31 	lvl32 	lvl33 	lvl34 	lvl35 	lvl36 	lvl37 	lvl38 	lvl39 	lvl40 	lvl41 	lvl42 
100000   	0    	4.654000e-03	1     	2     	4     	8     	16    	32    	63    	117   	211   	372   	616   	990   	1463  	2112  	2906  	3863  	4951  	6040  	7122  	8017  	8482  	8418  	8138  	7533  	6634  	5548  	4556  	3530  	2751  	1926  	1331  	892   	587   	349   	172   	113   	56    	30    	23    	14    	5     	3     	3     
100000   	1    	4.906300e-03	1     	2     	4     	8     	16    	31    	61    	107   	186   	315   	543   	887   	1386  	2070  	2917  	3925  	4985  	6064  	6998  	7822  	8381  	8575  	8405  	7814  	6901  	5897  	4797  	3741  	2707  	1832  	1128  	703   	391   	203   	107   	50    	26    	8     	4     	2     	nan   	nan   	nan   
100000   	2    	5.504800e-03	1     	2     	4     	8     	16    	32    	60    	109   	198   	350   	600   	971   	1503  	2229  	3122  	4135  	5206  	6281  	7169  	7917  	8406  	8373  	8046  	7385  	6497  	5549  	4523  	3519  	2584  	1852  	1284  	840   	523   	328   	196   	114   	46    	20    	2     	nan   	nan   	nan   	nan   
100000   	3    	5.201900e-03	1     	2     	4     	8     	16    	32    	62    	118   	222   	404   	674   	1087  	1695  	2490  	3539  	4619  	5950  	7220  	8352  	9062  	9284  	9094  	8435  	7370  	5983  	4667  	3402  	2319  	1583  	983   	577   	321   	190   	123   	64    	28    	10    	7     	3     	nan   	nan   	nan   	nan   

