Criação das árvores ordenadas:
n_persons	index	time        
100000   	0    	5.042730e-02
100000   	1    	1.092881e-01
100000   	2    	7.451790e-02
100000   	3    	4.956240e-02

Procura de nós nas árvores:
n_persons	index	time        
100000   	0    	5.368090e-02
100000   	1    	6.128880e-02
100000   	2    	5.877840e-02
100000   	3    	4.920390e-02

Maior profundidade das árvores:
n_persons	index	time        	depth
100000   	0    	4.481100e-03	38   
100000   	1    	4.211600e-03	42   
100000   	2    	4.812100e-03	41   
100000   	3    	5.233400e-03	39   

Número de nós em cada nível:
n_persons	index	time        	lvl0  	lvl1  	lvl2  	lvl3  	lvl4  	lvl5  	lvl6  	lvl7  	lvl8  	lvl9  	lvl10 	lvl11 	lvl12 	lvl13 	lvl14 	lvl15 	lvl16 	lvl17 	lvl18 	lvl19 	lvl20 	lvl21 	lvl22 	lvl23 	lvl24 	lvl25 	lvl26 	lvl27 	lvl28 	lvl29 	lvl30 	lvl31 	lvl32 	lvl33 	lvl34 	lvl35 	lvl36 	lvl37 	lvl38 	lvl39 	lvl40 	lvl41 	lvl42 
100000   	0    	4.001600e-03	1     	2     	4     	8     	16    	32    	64    	125   	237   	420   	715   	1139  	1747  	2527  	3530  	4737  	5909  	7026  	7978  	8719  	8968  	8662  	8042  	7100  	6056  	4836  	3783  	2700  	1879  	1196  	753   	479   	280   	168   	96    	32    	21    	10    	3     	nan   	nan   	nan   	nan   
100000   	1    	3.884300e-03	1     	2     	4     	8     	16    	31    	61    	119   	220   	375   	646   	1039  	1541  	2276  	3115  	4130  	5160  	6173  	7051  	7740  	8128  	8172  	8069  	7409  	6616  	5607  	4568  	3497  	2609  	1915  	1319  	894   	591   	346   	226   	154   	79    	48    	22    	10    	8     	3     	2     
100000   	2    	4.304000e-03	1     	2     	4     	8     	16    	32    	63    	117   	207   	370   	631   	1027  	1623  	2379  	3322  	4423  	5489  	6505  	7428  	8036  	8271  	8120  	7783  	7295  	6435  	5556  	4435  	3455  	2488  	1684  	1040  	672   	437   	263   	172   	102   	57    	29    	12    	7     	3     	1     	nan   
100000   	3    	4.556300e-03	1     	2     	4     	8     	16    	31    	59    	110   	193   	331   	568   	917   	1400  	2025  	2837  	3798  	4870  	5939  	7077  	8097  	8724  	8967  	8724  	7983  	6898  	5694  	4505  	3419  	2413  	1651  	1072  	683   	434   	251   	156   	73    	49    	15    	5     	1     	nan   	nan   	nan   

