Criação das árvores ordenadas:
n_persons	index	time        
100000   	0    	5.517910e-02
100000   	1    	7.005410e-02
100000   	2    	7.154210e-02
100000   	3    	9.811090e-02

Procura de nós nas árvores:
n_persons	index	time        
100000   	0    	8.255250e-02
100000   	1    	7.688920e-02
100000   	2    	6.364620e-02
100000   	3    	5.804710e-02

Maior profundidade das árvores:
n_persons	index	time        	depth
100000   	0    	4.436300e-03	39   
100000   	1    	4.883800e-03	44   
100000   	2    	5.076300e-03	40   
100000   	3    	4.895900e-03	43   

Número de nós em cada nível:
n_persons	index	time        	lvl0  	lvl1  	lvl2  	lvl3  	lvl4  	lvl5  	lvl6  	lvl7  	lvl8  	lvl9  	lvl10 	lvl11 	lvl12 	lvl13 	lvl14 	lvl15 	lvl16 	lvl17 	lvl18 	lvl19 	lvl20 	lvl21 	lvl22 	lvl23 	lvl24 	lvl25 	lvl26 	lvl27 	lvl28 	lvl29 	lvl30 	lvl31 	lvl32 	lvl33 	lvl34 	lvl35 	lvl36 	lvl37 	lvl38 	lvl39 	lvl40 	lvl41 	lvl42 	lvl43 	lvl44 
100000   	0    	4.260600e-03	1     	2     	4     	8     	16    	32    	64    	123   	232   	408   	682   	1110  	1764  	2567  	3632  	4890  	6110  	7413  	8453  	9104  	9343  	8990  	8145  	7001  	5634  	4381  	3256  	2415  	1631  	1044  	647   	406   	226   	120   	63    	44    	26    	10    	2     	1     	nan   	nan   	nan   	nan   	nan   
100000   	1    	4.102000e-03	1     	2     	4     	8     	16    	32    	64    	123   	236   	435   	767   	1247  	1969  	2858  	3875  	4921  	5947  	6838  	7488  	7871  	7867  	7618  	7148  	6354  	5562  	4692  	3835  	3202  	2491  	1957  	1418  	1002  	707   	463   	318   	219   	159   	102   	67    	45    	32    	18    	13    	7     	2     
100000   	2    	4.726000e-03	1     	2     	4     	8     	16    	32    	64    	122   	213   	389   	666   	1079  	1668  	2382  	3193  	4022  	4918  	5827  	6668  	7229  	7460  	7434  	7313  	7060  	6619  	5962  	5110  	4078  	3142  	2333  	1685  	1141  	818   	544   	366   	221   	108   	61    	25    	10    	7     	nan   	nan   	nan   	nan   
100000   	3    	4.577600e-03	1     	2     	4     	8     	15    	29    	58    	108   	187   	334   	572   	953   	1523  	2337  	3363  	4509  	5721  	6827  	7819  	8532  	8764  	8692  	8196  	7392  	6431  	5227  	4057  	2891  	1975  	1358  	864   	553   	302   	180   	97    	56    	27    	13    	9     	6     	4     	2     	1     	1     	nan   

