Criação das árvores ordenadas:
n_persons	index	time        
100000   	0    	5.734240e-02
100000   	1    	8.577940e-02
100000   	2    	7.979900e-02
100000   	3    	7.153650e-02

Procura de nós nas árvores:
n_persons	index	time        
100000   	0    	8.657040e-02
100000   	1    	9.333310e-02
100000   	2    	8.567190e-02
100000   	3    	8.622320e-02

Maior profundidade das árvores:
n_persons	index	time        	depth
100000   	0    	1.552620e-02	39   
100000   	1    	6.398800e-03	38   
100000   	2    	1.602830e-02	38   
100000   	3    	1.417710e-02	41   

Número de nós em cada nível:
n_persons	index	time        	lvl0  	lvl1  	lvl2  	lvl3  	lvl4  	lvl5  	lvl6  	lvl7  	lvl8  	lvl9  	lvl10 	lvl11 	lvl12 	lvl13 	lvl14 	lvl15 	lvl16 	lvl17 	lvl18 	lvl19 	lvl20 	lvl21 	lvl22 	lvl23 	lvl24 	lvl25 	lvl26 	lvl27 	lvl28 	lvl29 	lvl30 	lvl31 	lvl32 	lvl33 	lvl34 	lvl35 	lvl36 	lvl37 	lvl38 	lvl39 	lvl40 	lvl41 
100000   	0    	6.286500e-03	1     	2     	4     	8     	16    	32    	62    	120   	227   	431   	764   	1259  	1969  	2880  	3968  	5105  	6415  	7476  	8326  	8715  	8631  	8208  	7514  	6505  	5539  	4523  	3582  	2734  	1934  	1295  	784   	446   	235   	143   	79    	36    	17    	10    	4     	1     	nan   	nan   
100000   	1    	5.654300e-03	1     	2     	4     	8     	16    	32    	64    	126   	244   	465   	852   	1461  	2314  	3446  	4824  	6206  	7680  	8878  	9612  	9708  	9260  	8169  	6949  	5553  	4251  	3163  	2253  	1581  	1095  	729   	463   	274   	154   	94    	37    	20    	8     	3     	1     	nan   	nan   	nan   
100000   	2    	6.187800e-03	1     	2     	4     	8     	16    	32    	64    	126   	245   	453   	792   	1288  	2040  	3018  	4191  	5467  	6767  	7863  	8476  	8782  	8799  	8301  	7674  	6591  	5391  	4242  	3117  	2335  	1546  	971   	592   	355   	203   	120   	65    	35    	19    	8     	1     	nan   	nan   	nan   
100000   	3    	5.883500e-03	1     	2     	4     	8     	16    	32    	61    	115   	217   	401   	688   	1129  	1781  	2640  	3741  	4919  	6190  	7443  	8403  	9062  	9241  	8754  	7859  	6744  	5545  	4323  	3226  	2376  	1708  	1183  	804   	527   	340   	214   	139   	78    	41    	22    	13    	7     	2     	1     

