Criação das árvores ordenadas:
n_persons	index	time        
100000   	0    	6.632900e-02
100000   	1    	6.781140e-02
100000   	2    	5.421380e-02
100000   	3    	4.632640e-02

Procura de nós nas árvores:
n_persons	index	time        
100000   	0    	5.281650e-02
100000   	1    	6.845380e-02
100000   	2    	5.540710e-02
100000   	3    	5.565500e-02

Maior profundidade das árvores:
n_persons	index	time        	depth
100000   	0    	4.447000e-03	41   
100000   	1    	4.728800e-03	38   
100000   	2    	5.211700e-03	39   
100000   	3    	4.978900e-03	39   

Número de nós em cada nível:
n_persons	index	time        	lvl0  	lvl1  	lvl2  	lvl3  	lvl4  	lvl5  	lvl6  	lvl7  	lvl8  	lvl9  	lvl10 	lvl11 	lvl12 	lvl13 	lvl14 	lvl15 	lvl16 	lvl17 	lvl18 	lvl19 	lvl20 	lvl21 	lvl22 	lvl23 	lvl24 	lvl25 	lvl26 	lvl27 	lvl28 	lvl29 	lvl30 	lvl31 	lvl32 	lvl33 	lvl34 	lvl35 	lvl36 	lvl37 	lvl38 	lvl39 	lvl40 	lvl41 
100000   	0    	4.162600e-03	1     	2     	4     	8     	15    	26    	50    	95    	185   	353   	637   	1058  	1660  	2480  	3485  	4518  	5590  	6500  	7266  	7679  	7836  	7771  	7348  	6695  	5889  	5058  	4211  	3541  	2814  	2244  	1651  	1220  	857   	565   	335   	191   	91    	45    	16    	7     	2     	1     
100000   	1    	4.086100e-03	1     	2     	4     	8     	16    	32    	64    	126   	245   	445   	770   	1267  	1991  	3005  	4192  	5427  	6668  	7746  	8589  	9018  	8908  	8537  	7723  	6548  	5295  	4123  	3107  	2245  	1553  	1032  	601   	357   	175   	100   	43    	22    	10    	2     	3     	nan   	nan   	nan   
100000   	2    	4.266600e-03	1     	2     	4     	8     	16    	32    	64    	124   	240   	429   	765   	1283  	2043  	3176  	4532  	6053  	7549  	8707  	9281  	9432  	9101  	8223  	7109  	5954  	4593  	3493  	2506  	1779  	1208  	813   	563   	362   	223   	138   	83    	61    	35    	10    	4     	1     	nan   	nan   
100000   	3    	4.266500e-03	1     	2     	4     	8     	16    	32    	64    	127   	243   	443   	784   	1290  	2009  	2966  	4014  	5251  	6359  	7426  	8245  	8729  	8898  	8458  	7679  	6623  	5562  	4414  	3412  	2434  	1674  	1151  	735   	440   	251   	130   	68    	36    	13    	5     	3     	1     	nan   	nan   

