Criação das árvores ordenadas:
n_persons	index	time        
100000   	0    	5.230820e-02
100000   	1    	6.241770e-02
100000   	2    	5.389200e-02
100000   	3    	4.775310e-02

Procura de nós nas árvores:
n_persons	index	time        
100000   	0    	5.307340e-02
100000   	1    	6.207250e-02
100000   	2    	6.939830e-02
100000   	3    	9.500510e-02

Maior profundidade das árvores:
n_persons	index	time        	depth
100000   	0    	5.446400e-03	37   
100000   	1    	5.456300e-03	39   
100000   	2    	5.908000e-03	37   
100000   	3    	6.141100e-03	43   

Número de nós em cada nível:
n_persons	index	time        	lvl0  	lvl1  	lvl2  	lvl3  	lvl4  	lvl5  	lvl6  	lvl7  	lvl8  	lvl9  	lvl10 	lvl11 	lvl12 	lvl13 	lvl14 	lvl15 	lvl16 	lvl17 	lvl18 	lvl19 	lvl20 	lvl21 	lvl22 	lvl23 	lvl24 	lvl25 	lvl26 	lvl27 	lvl28 	lvl29 	lvl30 	lvl31 	lvl32 	lvl33 	lvl34 	lvl35 	lvl36 	lvl37 	lvl38 	lvl39 	lvl40 	lvl41 	lvl42 	lvl43 
100000   	0    	5.177600e-03	1     	2     	4     	8     	16    	32    	61    	117   	215   	381   	648   	1018  	1579  	2326  	3245  	4296  	5361  	6486  	7474  	8113  	8522  	8491  	7998  	7346  	6480  	5465  	4344  	3327  	2458  	1662  	1108  	664   	378   	205   	104   	52    	12    	1     	nan   	nan   	nan   	nan   	nan   	nan   
100000   	1    	4.537800e-03	1     	2     	4     	8     	16    	32    	63    	124   	231   	404   	683   	1060  	1594  	2264  	3018  	3876  	4807  	5699  	6378  	6992  	7445  	7768  	7779  	7495  	6818  	5948  	5022  	4011  	3111  	2364  	1786  	1289  	811   	519   	298   	146   	82    	37    	12    	3     	nan   	nan   	nan   	nan   
100000   	2    	5.345800e-03	1     	2     	4     	8     	16    	31    	62    	123   	239   	433   	761   	1297  	2038  	3044  	4245  	5508  	6875  	8065  	8880  	9242  	9047  	8409  	7399  	6245  	5044  	3844  	2942  	2121  	1511  	1020  	710   	395   	228   	122   	53    	25    	8     	3     	nan   	nan   	nan   	nan   	nan   	nan   
100000   	3    	5.702500e-03	1     	2     	4     	8     	16    	32    	64    	124   	233   	423   	732   	1206  	1886  	2785  	3914  	5227  	6533  	7666  	8542  	8871  	8712  	8259  	7539  	6607  	5548  	4313  	3311  	2434  	1738  	1118  	737   	490   	338   	239   	148   	94    	58    	25    	10    	5     	3     	2     	2     	1     

