Criação das árvores ordenadas:
n_persons	index	time        
100000   	0    	6.021460e-02
100000   	1    	6.702160e-02
100000   	2    	6.018920e-02
100000   	3    	5.160590e-02

Procura de nós nas árvores:
n_persons	index	time        
100000   	0    	5.799270e-02
100000   	1    	6.584200e-02
100000   	2    	6.420580e-02
100000   	3    	5.288250e-02

Maior profundidade das árvores:
n_persons	index	time        	depth
100000   	0    	4.642400e-03	41   
100000   	1    	4.462000e-03	39   
100000   	2    	4.955600e-03	40   
100000   	3    	4.922800e-03	44   

Número de nós em cada nível:
n_persons	index	time        	lvl0  	lvl1  	lvl2  	lvl3  	lvl4  	lvl5  	lvl6  	lvl7  	lvl8  	lvl9  	lvl10 	lvl11 	lvl12 	lvl13 	lvl14 	lvl15 	lvl16 	lvl17 	lvl18 	lvl19 	lvl20 	lvl21 	lvl22 	lvl23 	lvl24 	lvl25 	lvl26 	lvl27 	lvl28 	lvl29 	lvl30 	lvl31 	lvl32 	lvl33 	lvl34 	lvl35 	lvl36 	lvl37 	lvl38 	lvl39 	lvl40 	lvl41 	lvl42 	lvl43 	lvl44 
100000   	0    	4.334800e-03	1     	2     	4     	8     	16    	32    	62    	119   	223   	405   	687   	1103  	1664  	2350  	3251  	4182  	5071  	5885  	6510  	6961  	7146  	7191  	7035  	6721  	6309  	5681  	4975  	4352  	3655  	2824  	2066  	1393  	887   	553   	327   	177   	99    	49    	18    	4     	1     	1     	nan   	nan   	nan   
100000   	1    	4.114000e-03	1     	2     	4     	8     	16    	32    	64    	127   	247   	446   	772   	1313  	2060  	3029  	4148  	5370  	6485  	7365  	8027  	8337  	8293  	7962  	7270  	6378  	5445  	4490  	3522  	2765  	2024  	1505  	1013  	655   	385   	214   	103   	64    	33    	18    	6     	2     	nan   	nan   	nan   	nan   	nan   
100000   	2    	4.901000e-03	1     	2     	4     	8     	16    	32    	62    	122   	229   	426   	748   	1250  	2002  	2955  	4093  	5297  	6513  	7634  	8550  	8981  	8992  	8521  	7735  	6547  	5352  	4058  	3105  	2235  	1606  	1116  	764   	447   	276   	155   	80    	38    	19    	14    	6     	4     	5     	nan   	nan   	nan   	nan   
100000   	3    	4.912900e-03	1     	2     	4     	8     	16    	32    	61    	112   	204   	347   	574   	896   	1353  	1996  	2942  	3932  	5098  	6271  	7383  	8223  	8592  	8596  	8250  	7485  	6570  	5432  	4362  	3404  	2512  	1788  	1298  	868   	558   	366   	187   	113   	55    	39    	22    	21    	14    	8     	3     	1     	1     

