Criação das árvores ordenadas:
n_persons	index	time        
100000   	0    	7.242070e-02
100000   	1    	6.380780e-02
100000   	2    	5.742270e-02
100000   	3    	4.852420e-02

Procura de nós nas árvores:
n_persons	index	time        
100000   	0    	5.798390e-02
100000   	1    	6.589610e-02
100000   	2    	5.735590e-02
100000   	3    	4.984230e-02

Maior profundidade das árvores:
n_persons	index	time        	depth
100000   	0    	4.355300e-03	39   
100000   	1    	4.264600e-03	40   
100000   	2    	4.861000e-03	42   
100000   	3    	5.214100e-03	36   

Número de nós em cada nível:
n_persons	index	time        	lvl0  	lvl1  	lvl2  	lvl3  	lvl4  	lvl5  	lvl6  	lvl7  	lvl8  	lvl9  	lvl10 	lvl11 	lvl12 	lvl13 	lvl14 	lvl15 	lvl16 	lvl17 	lvl18 	lvl19 	lvl20 	lvl21 	lvl22 	lvl23 	lvl24 	lvl25 	lvl26 	lvl27 	lvl28 	lvl29 	lvl30 	lvl31 	lvl32 	lvl33 	lvl34 	lvl35 	lvl36 	lvl37 	lvl38 	lvl39 	lvl40 	lvl41 	lvl42 
100000   	0    	4.049000e-03	1     	2     	4     	8     	16    	32    	63    	118   	212   	375   	623   	998   	1510  	2257  	3221  	4360  	5583  	6719  	7795  	8678  	9078  	8777  	8207  	7395  	6325  	5109  	3947  	2832  	2012  	1375  	940   	596   	395   	224   	122   	50    	28    	9     	3     	1     	nan   	nan   	nan   
100000   	1    	3.877500e-03	1     	2     	4     	8     	16    	32    	63    	124   	226   	405   	684   	1143  	1787  	2655  	3750  	5010  	6274  	7412  	8379  	8896  	9087  	8824  	8078  	7066  	5646  	4411  	3318  	2392  	1603  	1097  	688   	393   	221   	126   	69    	51    	27    	14    	10    	6     	2     	nan   	nan   
100000   	2    	4.589400e-03	1     	2     	4     	8     	16    	32    	61    	113   	200   	341   	543   	826   	1181  	1603  	2081  	2670  	3255  	3837  	4484  	5152  	5806  	6434  	7035  	7457  	7569  	7542  	7025  	6319  	5298  	4144  	3143  	2180  	1451  	909   	558   	344   	188   	95    	43    	29    	15    	5     	1     
100000   	3    	4.330600e-03	1     	2     	4     	8     	16    	32    	64    	123   	228   	433   	753   	1262  	2031  	3033  	4249  	5589  	6942  	8147  	9044  	9418  	9410  	8828  	7789  	6565  	5148  	3885  	2752  	1818  	1118  	659   	334   	179   	75    	43    	14    	3     	1     	nan   	nan   	nan   	nan   	nan   	nan   

