Criação das árvores ordenadas:
n_persons	index	time        
100000   	0    	5.168160e-02
100000   	1    	6.242040e-02
100000   	2    	5.477740e-02
100000   	3    	4.779130e-02

Procura de nós nas árvores:
n_persons	index	time        
100000   	0    	5.377380e-02
100000   	1    	5.956190e-02
100000   	2    	5.528250e-02
100000   	3    	5.223040e-02

Maior profundidade das árvores:
n_persons	index	time        	depth
100000   	0    	4.453500e-03	42   
100000   	1    	4.754100e-03	43   
100000   	2    	5.012900e-03	39   
100000   	3    	4.961800e-03	36   

Número de nós em cada nível:
n_persons	index	time        	lvl0  	lvl1  	lvl2  	lvl3  	lvl4  	lvl5  	lvl6  	lvl7  	lvl8  	lvl9  	lvl10 	lvl11 	lvl12 	lvl13 	lvl14 	lvl15 	lvl16 	lvl17 	lvl18 	lvl19 	lvl20 	lvl21 	lvl22 	lvl23 	lvl24 	lvl25 	lvl26 	lvl27 	lvl28 	lvl29 	lvl30 	lvl31 	lvl32 	lvl33 	lvl34 	lvl35 	lvl36 	lvl37 	lvl38 	lvl39 	lvl40 	lvl41 	lvl42 	lvl43 
100000   	0    	3.815600e-03	1     	2     	4     	8     	16    	32    	60    	108   	197   	345   	594   	980   	1518  	2273  	3194  	4221  	5284  	6264  	7156  	7942  	8353  	8339  	8101  	7489  	6673  	5643  	4489  	3354  	2421  	1733  	1200  	786   	540   	324   	164   	95    	44    	25    	14    	8     	4     	1     	1     	nan   
100000   	1    	3.996800e-03	1     	2     	4     	8     	16    	31    	59    	112   	211   	369   	622   	1006  	1552  	2291  	3227  	4295  	5321  	6549  	7536  	8174  	8284  	8025  	7453  	6688  	5850  	5020  	4163  	3353  	2585  	2031  	1533  	1088  	821   	573   	413   	287   	182   	116   	79    	32    	19    	12    	5     	2     
100000   	2    	4.230400e-03	1     	2     	4     	8     	16    	32    	64    	127   	234   	428   	729   	1187  	1827  	2708  	3757  	4960  	6076  	7138  	8106  	8750  	8854  	8408  	7803  	6986  	5895  	4681  	3613  	2738  	1932  	1217  	756   	419   	262   	137   	79    	38    	15    	9     	3     	1     	nan   	nan   	nan   	nan   
100000   	3    	4.565900e-03	1     	2     	4     	8     	16    	32    	64    	124   	229   	419   	706   	1114  	1695  	2437  	3426  	4534  	5670  	6871  	7887  	8633  	8947  	8893  	8357  	7507  	6324  	5113  	3885  	2757  	1824  	1148  	680   	385   	173   	80    	30    	20    	5     	nan   	nan   	nan   	nan   	nan   	nan   	nan   

