Criação das árvores ordenadas:
n_persons	index	time        
100000   	0    	5.272930e-02
100000   	1    	6.356540e-02
100000   	2    	5.445630e-02
100000   	3    	5.178660e-02

Procura de nós nas árvores:
n_persons	index	time        
100000   	0    	5.754980e-02
100000   	1    	6.388420e-02
100000   	2    	5.945470e-02
100000   	3    	5.075350e-02

Maior profundidade das árvores:
n_persons	index	time        	depth
100000   	0    	4.875700e-03	39   
100000   	1    	4.576300e-03	39   
100000   	2    	5.375500e-03	39   
100000   	3    	5.130500e-03	41   

Número de nós em cada nível:
n_persons	index	time        	lvl0  	lvl1  	lvl2  	lvl3  	lvl4  	lvl5  	lvl6  	lvl7  	lvl8  	lvl9  	lvl10 	lvl11 	lvl12 	lvl13 	lvl14 	lvl15 	lvl16 	lvl17 	lvl18 	lvl19 	lvl20 	lvl21 	lvl22 	lvl23 	lvl24 	lvl25 	lvl26 	lvl27 	lvl28 	lvl29 	lvl30 	lvl31 	lvl32 	lvl33 	lvl34 	lvl35 	lvl36 	lvl37 	lvl38 	lvl39 	lvl40 	lvl41 
100000   	0    	4.370100e-03	1     	2     	4     	8     	16    	32    	63    	122   	234   	427   	748   	1238  	1960  	2884  	4038  	5316  	6611  	7702  	8575  	9041  	8972  	8517  	7723  	6725  	5447  	4274  	3155  	2203  	1473  	972   	623   	416   	236   	130   	60    	38    	9     	3     	1     	1     	nan   	nan   
100000   	1    	4.545000e-03	1     	2     	4     	8     	16    	32    	64    	123   	229   	413   	709   	1164  	1720  	2416  	3231  	4246  	5347  	6443  	7317  	7940  	8366  	8427  	8035  	7301  	6407  	5444  	4389  	3438  	2475  	1695  	1110  	685   	398   	205   	110   	51    	21    	10    	6     	2     	nan   	nan   
100000   	2    	4.645800e-03	1     	2     	4     	8     	16    	30    	57    	104   	183   	312   	514   	849   	1332  	2029  	2980  	4105  	5292  	6442  	7595  	8499  	8900  	9026  	8671  	7651  	6557  	5366  	4190  	3154  	2233  	1516  	979   	612   	378   	218   	112   	54    	21    	4     	3     	1     	nan   	nan   
100000   	3    	4.555600e-03	1     	2     	4     	8     	16    	32    	59    	108   	205   	373   	636   	1062  	1701  	2569  	3664  	4943  	6276  	7558  	8575  	9245  	9404  	9054  	8186  	7119  	5740  	4367  	3180  	2258  	1489  	929   	562   	306   	155   	84    	50    	32    	18    	11    	11    	4     	3     	1     

