Criação das árvores ordenadas:
n_persons	index	time        
100000   	0    	5.813490e-02
100000   	1    	6.747370e-02
100000   	2    	5.715100e-02
100000   	3    	5.191490e-02

Procura de nós nas árvores:
n_persons	index	time        
100000   	0    	5.283870e-02
100000   	1    	6.001350e-02
100000   	2    	7.650790e-02
100000   	3    	6.504520e-02

Maior profundidade das árvores:
n_persons	index	time        	depth
100000   	0    	4.750100e-03	42   
100000   	1    	4.286200e-03	42   
100000   	2    	5.067200e-03	39   
100000   	3    	6.244300e-03	38   

Número de nós em cada nível:
n_persons	index	time        	lvl0  	lvl1  	lvl2  	lvl3  	lvl4  	lvl5  	lvl6  	lvl7  	lvl8  	lvl9  	lvl10 	lvl11 	lvl12 	lvl13 	lvl14 	lvl15 	lvl16 	lvl17 	lvl18 	lvl19 	lvl20 	lvl21 	lvl22 	lvl23 	lvl24 	lvl25 	lvl26 	lvl27 	lvl28 	lvl29 	lvl30 	lvl31 	lvl32 	lvl33 	lvl34 	lvl35 	lvl36 	lvl37 	lvl38 	lvl39 	lvl40 	lvl41 	lvl42 
100000   	0    	4.364300e-03	1     	2     	4     	8     	16    	32    	64    	126   	232   	420   	699   	1130  	1697  	2354  	3101  	3931  	4731  	5523  	6246  	6857  	7315  	7553  	7631  	7358  	6778  	5895  	4975  	4059  	3146  	2370  	1811  	1323  	956   	650   	412   	260   	168   	91    	40    	21    	10    	3     	1     
100000   	1    	3.971800e-03	1     	2     	4     	8     	16    	32    	63    	122   	224   	394   	618   	973   	1428  	2015  	2772  	3742  	4872  	5975  	7057  	7828  	8335  	8475  	8210  	7473  	6590  	5590  	4663  	3712  	2861  	2049  	1446  	977   	617   	365   	219   	126   	73    	40    	20    	9     	1     	2     	1     
100000   	2    	4.446500e-03	1     	2     	4     	8     	16    	32    	55    	101   	177   	290   	453   	719   	1102  	1651  	2328  	3232  	4245  	5390  	6565  	7617  	8445  	8961  	8810  	8313  	7392  	6335  	5172  	3966  	2953  	2104  	1446  	957   	561   	325   	154   	64    	30    	14    	9     	1     	nan   	nan   	nan   
100000   	3    	4.763200e-03	1     	2     	4     	8     	16    	32    	59    	111   	198   	338   	557   	869   	1330  	1928  	2666  	3590  	4645  	5805  	6824  	7669  	8288  	8563  	8331  	7650  	6856  	5924  	4850  	3830  	2947  	2169  	1508  	1003  	622   	378   	225   	121   	51    	26    	6     	nan   	nan   	nan   	nan   

