Criação das árvores ordenadas:
n_persons	index	time        
100000   	0    	5.197100e-02
100000   	1    	6.227460e-02
100000   	2    	5.369450e-02
100000   	3    	4.738120e-02

Procura de nós nas árvores:
n_persons	index	time        
100000   	0    	5.539040e-02
100000   	1    	6.305120e-02
100000   	2    	5.832320e-02
100000   	3    	5.184370e-02

Maior profundidade das árvores:
n_persons	index	time        	depth
100000   	0    	4.336300e-03	38   
100000   	1    	5.109200e-03	38   
100000   	2    	4.914600e-03	37   
100000   	3    	5.010200e-03	38   

Número de nós em cada nível:
n_persons	index	time        	lvl0  	lvl1  	lvl2  	lvl3  	lvl4  	lvl5  	lvl6  	lvl7  	lvl8  	lvl9  	lvl10 	lvl11 	lvl12 	lvl13 	lvl14 	lvl15 	lvl16 	lvl17 	lvl18 	lvl19 	lvl20 	lvl21 	lvl22 	lvl23 	lvl24 	lvl25 	lvl26 	lvl27 	lvl28 	lvl29 	lvl30 	lvl31 	lvl32 	lvl33 	lvl34 	lvl35 	lvl36 	lvl37 	lvl38 
100000   	0    	3.936000e-03	1     	2     	4     	8     	16    	32    	62    	121   	232   	423   	715   	1159  	1773  	2599  	3667  	4728  	5941  	7056  	8064  	8586  	8780  	8572  	7945  	7030  	5999  	4882  	3810  	2748  	1913  	1288  	779   	497   	280   	143   	72    	38    	17    	12    	6     
100000   	1    	3.941800e-03	1     	2     	4     	8     	16    	32    	59    	113   	210   	390   	689   	1182  	1853  	2848  	4014  	5313  	6602  	7746  	8648  	9215  	9258  	8670  	7799  	6612  	5448  	4206  	3121  	2200  	1495  	948   	577   	345   	195   	97    	41    	26    	12    	4     	1     
100000   	2    	4.834900e-03	1     	2     	4     	8     	16    	32    	64    	125   	241   	451   	780   	1285  	2016  	3047  	4289  	5690  	7035  	8255  	9042  	9401  	9048  	8424  	7418  	6331  	5123  	3817  	2792  	1952  	1345  	867   	528   	282   	148   	74    	40    	20    	5     	2     	nan   
100000   	3    	4.509100e-03	1     	2     	4     	8     	16    	32    	64    	125   	236   	434   	756   	1256  	1946  	2899  	4037  	5287  	6565  	7690  	8601  	9054  	8985  	8429  	7679  	6575  	5465  	4278  	3218  	2361  	1573  	1002  	646   	379   	199   	100   	55    	27    	10    	5     	1     

