Criação das árvores ordenadas:
n_persons	index	time        
100000   	0    	5.846190e-02
100000   	1    	6.766320e-02
100000   	2    	6.017640e-02
100000   	3    	5.361950e-02

Procura de nós nas árvores:
n_persons	index	time        
100000   	0    	6.156280e-02
100000   	1    	6.463140e-02
100000   	2    	5.589190e-02
100000   	3    	4.940950e-02

Maior profundidade das árvores:
n_persons	index	time        	depth
100000   	0    	4.335400e-03	44   
100000   	1    	4.300300e-03	35   
100000   	2    	5.392000e-03	41   
100000   	3    	4.904700e-03	38   

Número de nós em cada nível:
n_persons	index	time        	lvl0  	lvl1  	lvl2  	lvl3  	lvl4  	lvl5  	lvl6  	lvl7  	lvl8  	lvl9  	lvl10 	lvl11 	lvl12 	lvl13 	lvl14 	lvl15 	lvl16 	lvl17 	lvl18 	lvl19 	lvl20 	lvl21 	lvl22 	lvl23 	lvl24 	lvl25 	lvl26 	lvl27 	lvl28 	lvl29 	lvl30 	lvl31 	lvl32 	lvl33 	lvl34 	lvl35 	lvl36 	lvl37 	lvl38 	lvl39 	lvl40 	lvl41 	lvl42 	lvl43 	lvl44 
100000   	0    	3.957300e-03	1     	2     	4     	8     	16    	32    	64    	127   	240   	423   	717   	1135  	1673  	2381  	3210  	4214  	5244  	6132  	6822  	7329  	7570  	7521  	7169  	6649  	5859  	5046  	4117  	3357  	2765  	2266  	1866  	1454  	1190  	961   	758   	576   	423   	299   	202   	95    	48    	20    	10    	4     	1     
100000   	1    	3.788300e-03	1     	2     	4     	8     	16    	32    	62    	124   	242   	456   	810   	1356  	2122  	3102  	4263  	5633  	7089  	8255  	9195  	9541  	9220  	8422  	7353  	6121  	4884  	3790  	2756  	1975  	1319  	829   	502   	289   	145   	51    	25    	6     	nan   	nan   	nan   	nan   	nan   	nan   	nan   	nan   	nan   
100000   	2    	4.617500e-03	1     	2     	4     	8     	16    	32    	61    	112   	205   	373   	663   	1105  	1760  	2628  	3781  	5064  	6309  	7645  	8580  	9171  	9342  	8907  	8133  	6874  	5625  	4305  	3114  	2191  	1509  	972   	613   	387   	248   	133   	65    	30    	18    	7     	3     	2     	1     	1     	nan   	nan   	nan   
100000   	3    	4.519300e-03	1     	2     	4     	8     	16    	32    	64    	125   	238   	440   	733   	1177  	1788  	2642  	3618  	4813  	6045  	7343  	8474  	9253  	9385  	9105  	8242  	7081  	5671  	4373  	3190  	2270  	1498  	957   	600   	373   	220   	123   	51    	26    	13    	5     	1     	nan   	nan   	nan   	nan   	nan   	nan   

