Criação das árvores ordenadas:
n_persons	index	time        
100000   	0    	5.789780e-02
100000   	1    	6.183800e-02
100000   	2    	5.789120e-02
100000   	3    	4.703730e-02

Procura de nós nas árvores:
n_persons	index	time        
100000   	0    	5.267680e-02
100000   	1    	6.211310e-02
100000   	2    	5.557330e-02
100000   	3    	4.921200e-02

Maior profundidade das árvores:
n_persons	index	time        	depth
100000   	0    	4.289300e-03	39   
100000   	1    	4.588500e-03	37   
100000   	2    	5.054200e-03	37   
100000   	3    	4.924400e-03	38   

Número de nós em cada nível:
n_persons	index	time        	lvl0  	lvl1  	lvl2  	lvl3  	lvl4  	lvl5  	lvl6  	lvl7  	lvl8  	lvl9  	lvl10 	lvl11 	lvl12 	lvl13 	lvl14 	lvl15 	lvl16 	lvl17 	lvl18 	lvl19 	lvl20 	lvl21 	lvl22 	lvl23 	lvl24 	lvl25 	lvl26 	lvl27 	lvl28 	lvl29 	lvl30 	lvl31 	lvl32 	lvl33 	lvl34 	lvl35 	lvl36 	lvl37 	lvl38 	lvl39 
100000   	0    	3.948700e-03	1     	2     	4     	8     	16    	32    	64    	126   	237   	441   	774   	1266  	1987  	2898  	4057  	5433  	6726  	7770  	8766  	9425  	9365  	8816  	7910  	6661  	5270  	3944  	2837  	1984  	1262  	781   	478   	311   	184   	96    	38    	17    	7     	3     	2     	1     
100000   	1    	4.379900e-03	1     	2     	4     	8     	16    	32    	63    	124   	240   	440   	762   	1277  	1987  	2984  	4272  	5714  	7194  	8481  	9288  	9641  	9478  	8679  	7627  	6277  	4946  	3610  	2477  	1702  	1112  	701   	408   	222   	122   	60    	26    	15    	7     	1     	nan   	nan   
100000   	2    	4.242500e-03	1     	2     	4     	8     	16    	32    	64    	125   	234   	430   	733   	1191  	1837  	2774  	3879  	5151  	6521  	7705  	8698  	9124  	8893  	8459  	7497  	6490  	5424  	4328  	3325  	2389  	1728  	1203  	770   	451   	265   	139   	66    	23    	14    	7     	nan   	nan   
100000   	3    	4.241000e-03	1     	2     	4     	8     	16    	32    	62    	122   	236   	428   	775   	1314  	2061  	3019  	4225  	5605  	6980  	8223  	9060  	9350  	9168  	8432  	7483  	6273  	5060  	3885  	2900  	2031  	1319  	833   	461   	267   	154   	80    	61    	36    	19    	10    	5     	nan   

