Criação das árvores ordenadas:
n_persons	index	time        
100000   	0    	1.201034e-01
100000   	1    	7.323720e-02
100000   	2    	5.823560e-02
100000   	3    	7.300370e-02

Procura de nós nas árvores:
n_persons	index	time        
100000   	0    	6.370420e-02
100000   	1    	6.744010e-02
100000   	2    	7.023010e-02
100000   	3    	6.241320e-02

Maior profundidade das árvores:
n_persons	index	time        	depth
100000   	0    	5.305800e-03	41   
100000   	1    	6.377900e-03	35   
100000   	2    	5.054900e-03	39   
100000   	3    	5.489500e-03	38   

Número de nós em cada nível:
n_persons	index	time        	lvl0  	lvl1  	lvl2  	lvl3  	lvl4  	lvl5  	lvl6  	lvl7  	lvl8  	lvl9  	lvl10 	lvl11 	lvl12 	lvl13 	lvl14 	lvl15 	lvl16 	lvl17 	lvl18 	lvl19 	lvl20 	lvl21 	lvl22 	lvl23 	lvl24 	lvl25 	lvl26 	lvl27 	lvl28 	lvl29 	lvl30 	lvl31 	lvl32 	lvl33 	lvl34 	lvl35 	lvl36 	lvl37 	lvl38 	lvl39 	lvl40 	lvl41 
100000   	0    	4.031400e-03	1     	2     	4     	8     	16    	32    	62    	123   	234   	422   	732   	1241  	1985  	3034  	4321  	5788  	7176  	8307  	9033  	9265  	9060  	8439  	7514  	6376  	5020  	3796  	2794  	1943  	1323  	840   	495   	281   	164   	91    	47    	18    	4     	4     	2     	1     	1     	1     
100000   	1    	4.482600e-03	1     	2     	4     	8     	16    	32    	64    	121   	233   	411   	725   	1193  	1864  	2701  	3791  	5056  	6323  	7594  	8698  	9399  	9641  	9204  	8187  	6945  	5650  	4260  	2963  	1943  	1278  	773   	437   	248   	136   	64    	27    	8     	nan   	nan   	nan   	nan   	nan   	nan   
100000   	2    	4.484100e-03	1     	2     	4     	8     	16    	32    	63    	119   	221   	393   	687   	1122  	1735  	2550  	3592  	4770  	6087  	7362  	8397  	8952  	9052  	8638  	7910  	6897  	5688  	4492  	3428  	2480  	1730  	1172  	826   	578   	403   	268   	159   	86    	47    	25    	5     	3     	nan   	nan   
100000   	3    	4.717700e-03	1     	2     	4     	8     	15    	30    	58    	110   	208   	373   	635   	1054  	1608  	2413  	3431  	4593  	5895  	7010  	7931  	8652  	8895  	8636  	8104  	7249  	6202  	5037  	3858  	2844  	2087  	1394  	792   	438   	241   	112   	54    	19    	5     	1     	1     	nan   	nan   	nan   

