Criação das árvores ordenadas:
n_persons	index	time        
100000   	0    	5.175780e-02
100000   	1    	6.391130e-02
100000   	2    	5.639280e-02
100000   	3    	4.672870e-02

Procura de nós nas árvores:
n_persons	index	time        
100000   	0    	5.832110e-02
100000   	1    	6.909410e-02
100000   	2    	6.189670e-02
100000   	3    	5.509130e-02

Maior profundidade das árvores:
n_persons	index	time        	depth
100000   	0    	4.719100e-03	39   
100000   	1    	4.539300e-03	40   
100000   	2    	5.009800e-03	36   
100000   	3    	5.184400e-03	37   

Número de nós em cada nível:
n_persons	index	time        	lvl0  	lvl1  	lvl2  	lvl3  	lvl4  	lvl5  	lvl6  	lvl7  	lvl8  	lvl9  	lvl10 	lvl11 	lvl12 	lvl13 	lvl14 	lvl15 	lvl16 	lvl17 	lvl18 	lvl19 	lvl20 	lvl21 	lvl22 	lvl23 	lvl24 	lvl25 	lvl26 	lvl27 	lvl28 	lvl29 	lvl30 	lvl31 	lvl32 	lvl33 	lvl34 	lvl35 	lvl36 	lvl37 	lvl38 	lvl39 	lvl40 
100000   	0    	4.064600e-03	1     	2     	4     	8     	16    	32    	63    	122   	221   	379   	654   	1080  	1666  	2446  	3418  	4512  	5485  	6225  	6915  	7342  	7563  	7550  	7333  	7042  	6650  	5845  	4895  	4019  	3086  	2159  	1354  	848   	464   	266   	165   	88    	50    	19    	9     	4     	nan   
100000   	1    	4.003300e-03	1     	2     	4     	8     	16    	32    	63    	123   	230   	417   	716   	1158  	1755  	2537  	3498  	4526  	5540  	6432  	7084  	7450  	7641  	7512  	7150  	6575  	5766  	4991  	4227  	3526  	2858  	2322  	1826  	1337  	971   	669   	462   	275   	152   	78    	45    	22    	3     
100000   	2    	4.597300e-03	1     	2     	4     	8     	16    	32    	62    	114   	207   	374   	645   	1049  	1655  	2498  	3585  	4905  	6220  	7355  	8346  	8958  	9071  	8701  	7974  	7065  	6009  	4810  	3650  	2585  	1740  	1113  	612   	310   	162   	94    	42    	22    	4     	nan   	nan   	nan   	nan   
100000   	3    	4.658400e-03	1     	2     	4     	8     	16    	31    	59    	117   	221   	406   	708   	1162  	1883  	2790  	3804  	5021  	6348  	7472  	8393  	9054  	9241  	8894  	7987  	6842  	5511  	4368  	3284  	2293  	1519  	1073  	654   	400   	227   	111   	57    	29    	9     	1     	nan   	nan   	nan   

