Criação das árvores ordenadas:
n_persons	index	time        
100000   	0    	5.612620e-02
100000   	1    	6.863540e-02
100000   	2    	7.242260e-02
100000   	3    	6.865640e-02

Procura de nós nas árvores:
n_persons	index	time        
100000   	0    	6.305270e-02
100000   	1    	8.103520e-02
100000   	2    	8.424600e-02
100000   	3    	6.439260e-02

Maior profundidade das árvores:
n_persons	index	time        	depth
100000   	0    	4.480500e-03	36   
100000   	1    	4.457100e-03	38   
100000   	2    	5.718900e-03	40   
100000   	3    	5.045600e-03	40   

Número de nós em cada nível:
n_persons	index	time        	lvl0  	lvl1  	lvl2  	lvl3  	lvl4  	lvl5  	lvl6  	lvl7  	lvl8  	lvl9  	lvl10 	lvl11 	lvl12 	lvl13 	lvl14 	lvl15 	lvl16 	lvl17 	lvl18 	lvl19 	lvl20 	lvl21 	lvl22 	lvl23 	lvl24 	lvl25 	lvl26 	lvl27 	lvl28 	lvl29 	lvl30 	lvl31 	lvl32 	lvl33 	lvl34 	lvl35 	lvl36 	lvl37 	lvl38 	lvl39 	lvl40 
100000   	0    	3.856700e-03	1     	2     	4     	8     	16    	29    	57    	106   	199   	368   	645   	1048  	1668  	2544  	3728  	5160  	6673  	8097  	9201  	9914  	9868  	9373  	8304  	6809  	5406  	3918  	2761  	1789  	1099  	590   	315   	170   	83    	31    	12    	2     	2     	nan   	nan   	nan   	nan   
100000   	1    	4.011000e-03	1     	2     	4     	8     	16    	32    	64    	125   	230   	430   	764   	1255  	1964  	2901  	3906  	5090  	6181  	7257  	8073  	8560  	8771  	8619  	8088  	7170  	6056  	4704  	3480  	2444  	1610  	957   	582   	308   	152   	90    	54    	23    	15    	10    	4     	nan   	nan   
100000   	2    	4.872800e-03	1     	2     	4     	8     	16    	32    	63    	117   	216   	377   	621   	969   	1464  	2048  	2802  	3754  	4871  	6095  	7275  	8144  	8628  	8743  	8459  	7758  	6771  	5600  	4429  	3398  	2529  	1793  	1187  	773   	460   	274   	159   	81    	44    	19    	10    	5     	1     
100000   	3    	4.795400e-03	1     	2     	4     	8     	16    	32    	64    	122   	228   	413   	702   	1142  	1763  	2621  	3614  	4790  	6043  	7120  	8072  	8638  	8658  	8411  	7620  	6715  	5714  	4804  	3809  	2891  	2117  	1470  	970   	613   	375   	197   	116   	61    	30    	19    	9     	4     	2     

