Criação das árvores ordenadas:
n_persons	index	time        
100000   	0    	5.264330e-02
100000   	1    	6.764320e-02
100000   	2    	5.379200e-02
100000   	3    	4.854180e-02

Procura de nós nas árvores:
n_persons	index	time        
100000   	0    	5.536180e-02
100000   	1    	6.957420e-02
100000   	2    	5.582380e-02
100000   	3    	5.034910e-02

Maior profundidade das árvores:
n_persons	index	time        	depth
100000   	0    	4.282000e-03	42   
100000   	1    	5.447000e-03	38   
100000   	2    	8.031400e-03	39   
100000   	3    	6.412300e-03	38   

Número de nós em cada nível:
n_persons	index	time        	lvl0  	lvl1  	lvl2  	lvl3  	lvl4  	lvl5  	lvl6  	lvl7  	lvl8  	lvl9  	lvl10 	lvl11 	lvl12 	lvl13 	lvl14 	lvl15 	lvl16 	lvl17 	lvl18 	lvl19 	lvl20 	lvl21 	lvl22 	lvl23 	lvl24 	lvl25 	lvl26 	lvl27 	lvl28 	lvl29 	lvl30 	lvl31 	lvl32 	lvl33 	lvl34 	lvl35 	lvl36 	lvl37 	lvl38 	lvl39 	lvl40 	lvl41 	lvl42 
100000   	0    	4.039100e-03	1     	2     	4     	8     	16    	32    	59    	113   	209   	374   	609   	994   	1537  	2200  	3060  	4086  	5156  	6318  	7245  	8141  	8698  	8849  	8414  	7589  	6553  	5415  	4283  	3233  	2281  	1523  	1109  	741   	443   	261   	156   	101   	71    	49    	29    	23    	10    	4     	1     
100000   	1    	3.955100e-03	1     	2     	4     	8     	16    	32    	61    	111   	185   	325   	534   	895   	1351  	2027  	2859  	3935  	5135  	6337  	7402  	8159  	8568  	8518  	8181  	7483  	6564  	5633  	4566  	3446  	2577  	1845  	1273  	813   	526   	314   	176   	87    	38    	8     	5     	nan   	nan   	nan   	nan   
100000   	2    	4.718800e-03	1     	2     	4     	8     	16    	32    	63    	124   	234   	427   	729   	1164  	1819  	2722  	3804  	4993  	6234  	7577  	8457  	8836  	8931  	8596  	7804  	6954  	5804  	4463  	3268  	2313  	1650  	1161  	765   	475   	279   	154   	80    	39    	13    	2     	2     	1     	nan   	nan   	nan   
100000   	3    	4.563600e-03	1     	2     	4     	8     	16    	32    	63    	112   	201   	353   	600   	969   	1526  	2258  	3267  	4421  	5691  	6827  	7740  	8359  	8642  	8481  	7913  	7122  	6172  	5203  	4164  	3220  	2424  	1644  	1072  	696   	417   	227   	92    	36    	17    	6     	2     	nan   	nan   	nan   	nan   

