Criação das árvores ordenadas:
n_persons	index	time        
100000   	0    	5.124100e-02
100000   	1    	6.294340e-02
100000   	2    	5.411900e-02
100000   	3    	4.639860e-02

Procura de nós nas árvores:
n_persons	index	time        
100000   	0    	5.169890e-02
100000   	1    	5.871840e-02
100000   	2    	5.507090e-02
100000   	3    	7.826290e-02

Maior profundidade das árvores:
n_persons	index	time        	depth
100000   	0    	9.744000e-03	39   
100000   	1    	7.489500e-03	40   
100000   	2    	9.380000e-03	41   
100000   	3    	5.939700e-03	36   

Número de nós em cada nível:
n_persons	index	time        	lvl0  	lvl1  	lvl2  	lvl3  	lvl4  	lvl5  	lvl6  	lvl7  	lvl8  	lvl9  	lvl10 	lvl11 	lvl12 	lvl13 	lvl14 	lvl15 	lvl16 	lvl17 	lvl18 	lvl19 	lvl20 	lvl21 	lvl22 	lvl23 	lvl24 	lvl25 	lvl26 	lvl27 	lvl28 	lvl29 	lvl30 	lvl31 	lvl32 	lvl33 	lvl34 	lvl35 	lvl36 	lvl37 	lvl38 	lvl39 	lvl40 	lvl41 
100000   	0    	4.759100e-03	1     	2     	4     	8     	16    	32    	63    	125   	231   	416   	717   	1132  	1724  	2495  	3388  	4329  	5300  	6226  	7092  	7650  	7828  	7807  	7515  	6892  	6218  	5352  	4527  	3591  	2891  	2154  	1511  	1069  	727   	415   	254   	166   	77    	42    	8     	5     	nan   	nan   
100000   	1    	5.193300e-03	1     	2     	4     	8     	16    	32    	62    	117   	222   	402   	693   	1143  	1795  	2630  	3569  	4558  	5605  	6553  	7358  	7847  	8080  	7894  	7472  	6858  	6131  	5257  	4301  	3373  	2538  	1859  	1196  	834   	575   	387   	270   	165   	102   	51    	25    	11    	4     	nan   
100000   	2    	5.176700e-03	1     	2     	4     	8     	16    	32    	63    	122   	234   	426   	742   	1253  	1987  	2980  	4167  	5398  	6705  	7637  	8488  	8800  	8544  	8079  	7284  	6303  	5358  	4337  	3208  	2369  	1716  	1189  	837   	587   	379   	264   	180   	102   	78    	53    	33    	18    	13    	4     
100000   	3    	5.216600e-03	1     	2     	4     	8     	16    	32    	64    	128   	248   	469   	834   	1429  	2258  	3326  	4609  	6008  	7413  	8455  	9141  	9362  	9154  	8408  	7253  	6009  	4757  	3638  	2586  	1759  	1154  	711   	386   	192   	114   	47    	18    	5     	2     	nan   	nan   	nan   	nan   	nan   

