Criação das árvores ordenadas:
n_persons	index	time        
100000   	0    	5.398990e-02
100000   	1    	6.510300e-02
100000   	2    	5.464580e-02
100000   	3    	4.766270e-02

Procura de nós nas árvores:
n_persons	index	time        
100000   	0    	5.314880e-02
100000   	1    	6.278620e-02
100000   	2    	5.709560e-02
100000   	3    	5.165680e-02

Maior profundidade das árvores:
n_persons	index	time        	depth
100000   	0    	4.961500e-03	41   
100000   	1    	4.599300e-03	39   
100000   	2    	4.902700e-03	40   
100000   	3    	5.032400e-03	39   

Número de nós em cada nível:
n_persons	index	time        	lvl0  	lvl1  	lvl2  	lvl3  	lvl4  	lvl5  	lvl6  	lvl7  	lvl8  	lvl9  	lvl10 	lvl11 	lvl12 	lvl13 	lvl14 	lvl15 	lvl16 	lvl17 	lvl18 	lvl19 	lvl20 	lvl21 	lvl22 	lvl23 	lvl24 	lvl25 	lvl26 	lvl27 	lvl28 	lvl29 	lvl30 	lvl31 	lvl32 	lvl33 	lvl34 	lvl35 	lvl36 	lvl37 	lvl38 	lvl39 	lvl40 	lvl41 
100000   	0    	4.762200e-03	1     	2     	4     	8     	16    	32    	63    	125   	244   	441   	779   	1299  	2080  	3063  	4223  	5396  	6550  	7522  	8152  	8358  	8208  	7984  	7322  	6531  	5544  	4514  	3518  	2618  	1826  	1273  	847   	577   	361   	210   	135   	72    	45    	27    	16    	10    	2     	2     
100000   	1    	4.100200e-03	1     	2     	4     	8     	16    	31    	62    	121   	230   	422   	735   	1201  	1814  	2581  	3417  	4230  	5148  	6018  	6846  	7588  	7999  	8112  	8016  	7441  	6706  	5646  	4593  	3564  	2686  	1875  	1184  	730   	430   	240   	142   	85    	45    	23    	6     	2     	nan   	nan   
100000   	2    	4.192100e-03	1     	2     	4     	8     	16    	32    	64    	125   	235   	434   	733   	1185  	1806  	2580  	3557  	4549  	5656  	6674  	7415  	7893  	8246  	8078  	7814  	7217  	6341  	5223  	4110  	3158  	2358  	1627  	1150  	746   	432   	270   	135   	75    	24    	17    	7     	2     	1     	nan   
100000   	3    	4.184500e-03	1     	2     	4     	8     	16    	32    	63    	121   	234   	428   	748   	1202  	1888  	2685  	3653  	4783  	5783  	6815  	7732  	8447  	8654  	8535  	8045  	7111  	5940  	4861  	3790  	2847  	2078  	1384  	880   	540   	326   	180   	95    	44    	23    	10    	6     	6     	nan   	nan   

