Criação das árvores ordenadas:
n_persons	index	time        
100000   	0    	6.321560e-02
100000   	1    	1.092368e-01
100000   	2    	7.122320e-02
100000   	3    	4.930830e-02

Procura de nós nas árvores:
n_persons	index	time        
100000   	0    	5.621890e-02
100000   	1    	6.957270e-02
100000   	2    	8.701120e-02
100000   	3    	6.990650e-02

Maior profundidade das árvores:
n_persons	index	time        	depth
100000   	0    	5.982400e-03	38   
100000   	1    	5.789700e-03	39   
100000   	2    	6.124300e-03	40   
100000   	3    	5.749600e-03	43   

Número de nós em cada nível:
n_persons	index	time        	lvl0  	lvl1  	lvl2  	lvl3  	lvl4  	lvl5  	lvl6  	lvl7  	lvl8  	lvl9  	lvl10 	lvl11 	lvl12 	lvl13 	lvl14 	lvl15 	lvl16 	lvl17 	lvl18 	lvl19 	lvl20 	lvl21 	lvl22 	lvl23 	lvl24 	lvl25 	lvl26 	lvl27 	lvl28 	lvl29 	lvl30 	lvl31 	lvl32 	lvl33 	lvl34 	lvl35 	lvl36 	lvl37 	lvl38 	lvl39 	lvl40 	lvl41 	lvl42 	lvl43 
100000   	0    	5.335500e-03	1     	2     	4     	8     	16    	32    	64    	126   	232   	426   	740   	1254  	1971  	2901  	3980  	5181  	6367  	7446  	8089  	8388  	8241  	7873  	7221  	6504  	5595  	4671  	3763  	2895  	2093  	1472  	1006  	629   	383   	217   	109   	55    	29    	12    	4     	nan   	nan   	nan   	nan   	nan   
100000   	1    	6.526100e-03	1     	2     	4     	8     	16    	32    	64    	124   	237   	402   	670   	1085  	1692  	2489  	3546  	4767  	5992  	7223  	8215  	8722  	8930  	8538  	7849  	6878  	5728  	4688  	3663  	2746  	1990  	1395  	952   	609   	355   	214   	108   	41    	15    	6     	3     	1     	nan   	nan   	nan   	nan   
100000   	2    	5.231100e-03	1     	2     	4     	8     	16    	32    	64    	128   	238   	429   	733   	1222  	1906  	2730  	3810  	4981  	6128  	7201  	7955  	8451  	8645  	8222  	7477  	6479  	5568  	4518  	3645  	2824  	2134  	1501  	1087  	729   	490   	301   	171   	91    	30    	22    	12    	8     	7     	nan   	nan   	nan   
100000   	3    	5.663600e-03	1     	2     	4     	8     	16    	32    	64    	120   	226   	400   	639   	972   	1417  	2034  	2816  	3726  	4649  	5641  	6474  	7173  	7716  	8051  	7934  	7490  	6800  	5885  	4946  	4043  	3113  	2390  	1738  	1222  	887   	592   	351   	188   	113   	59    	40    	16    	6     	4     	1     	1     

