Criação das árvores ordenadas:
n_persons	index	time        
100000   	0    	5.426840e-02
100000   	1    	6.172180e-02
100000   	2    	5.578870e-02
100000   	3    	4.799750e-02

Procura de nós nas árvores:
n_persons	index	time        
100000   	0    	5.405850e-02
100000   	1    	5.756430e-02
100000   	2    	5.552310e-02
100000   	3    	4.753000e-02

Maior profundidade das árvores:
n_persons	index	time        	depth
100000   	0    	4.320300e-03	40   
100000   	1    	4.280700e-03	39   
100000   	2    	5.167200e-03	40   
100000   	3    	4.950100e-03	36   

Número de nós em cada nível:
n_persons	index	time        	lvl0  	lvl1  	lvl2  	lvl3  	lvl4  	lvl5  	lvl6  	lvl7  	lvl8  	lvl9  	lvl10 	lvl11 	lvl12 	lvl13 	lvl14 	lvl15 	lvl16 	lvl17 	lvl18 	lvl19 	lvl20 	lvl21 	lvl22 	lvl23 	lvl24 	lvl25 	lvl26 	lvl27 	lvl28 	lvl29 	lvl30 	lvl31 	lvl32 	lvl33 	lvl34 	lvl35 	lvl36 	lvl37 	lvl38 	lvl39 	lvl40 
100000   	0    	4.185500e-03	1     	2     	4     	8     	16    	32    	63    	125   	234   	417   	733   	1197  	1877  	2759  	3779  	4926  	6022  	7087  	7944  	8405  	8459  	8097  	7491  	6827  	5875  	4869  	3909  	2989  	2141  	1428  	912   	560   	340   	206   	123   	63    	47    	21    	8     	3     	1     
100000   	1    	4.242500e-03	1     	2     	4     	8     	16    	32    	64    	125   	230   	407   	712   	1177  	1876  	2806  	3966  	5247  	6582  	7857  	8693  	9204  	9436  	8965  	8087  	6828  	5399  	4006  	2950  	2040  	1372  	856   	494   	262   	142   	75    	35    	23    	13    	6     	1     	1     	nan   
100000   	2    	4.431200e-03	1     	2     	4     	8     	16    	30    	59    	114   	212   	380   	675   	1143  	1771  	2645  	3691  	4922  	6106  	7229  	8059  	8693  	8780  	8450  	7916  	7133  	5974  	4781  	3649  	2612  	1857  	1330  	810   	442   	249   	131   	60    	33    	18    	9     	3     	2     	1     
100000   	3    	4.292200e-03	1     	2     	4     	8     	16    	32    	64    	124   	234   	413   	736   	1242  	1943  	2842  	3951  	5237  	6513  	7758  	8739  	9242  	9263  	8783  	8033  	6923  	5658  	4311  	3065  	2076  	1272  	752   	405   	200   	92    	42    	18    	4     	2     	nan   	nan   	nan   	nan   

