Criação das árvores ordenadas:
n_persons	index	time        
100000   	0    	5.936490e-02
100000   	1    	6.537780e-02
100000   	2    	6.340550e-02
100000   	3    	4.895630e-02

Procura de nós nas árvores:
n_persons	index	time        
100000   	0    	5.737280e-02
100000   	1    	6.167210e-02
100000   	2    	6.005010e-02
100000   	3    	5.076280e-02

Maior profundidade das árvores:
n_persons	index	time        	depth
100000   	0    	4.468400e-03	43   
100000   	1    	4.898100e-03	39   
100000   	2    	4.980900e-03	42   
100000   	3    	5.443800e-03	37   

Número de nós em cada nível:
n_persons	index	time        	lvl0  	lvl1  	lvl2  	lvl3  	lvl4  	lvl5  	lvl6  	lvl7  	lvl8  	lvl9  	lvl10 	lvl11 	lvl12 	lvl13 	lvl14 	lvl15 	lvl16 	lvl17 	lvl18 	lvl19 	lvl20 	lvl21 	lvl22 	lvl23 	lvl24 	lvl25 	lvl26 	lvl27 	lvl28 	lvl29 	lvl30 	lvl31 	lvl32 	lvl33 	lvl34 	lvl35 	lvl36 	lvl37 	lvl38 	lvl39 	lvl40 	lvl41 	lvl42 	lvl43 
100000   	0    	3.977900e-03	1     	2     	4     	8     	15    	30    	57    	107   	199   	368   	652   	1086  	1730  	2538  	3466  	4573  	5650  	6557  	7311  	7796  	7843  	7655  	7246  	6535  	5641  	4940  	4066  	3297  	2597  	2067  	1628  	1279  	947   	694   	505   	352   	231   	141   	90    	49    	31    	12    	3     	1     
100000   	1    	3.799900e-03	1     	2     	4     	8     	16    	32    	64    	119   	218   	392   	679   	1084  	1671  	2428  	3369  	4528  	5779  	7068  	8211  	8897  	9243  	8980  	8296  	7235  	6004  	4797  	3621  	2529  	1759  	1199  	734   	456   	256   	159   	80    	45    	21    	12    	3     	1     	nan   	nan   	nan   	nan   
100000   	2    	4.432900e-03	1     	2     	4     	8     	16    	32    	64    	127   	241   	444   	779   	1294  	1964  	2803  	3871  	5000  	6137  	7110  	7773  	8154  	8069  	7699  	7104  	6428  	5695  	4776  	3961  	3186  	2436  	1722  	1165  	781   	488   	306   	155   	91    	51    	28    	19    	9     	3     	2     	2     	nan   
100000   	3    	4.979700e-03	1     	2     	4     	8     	16    	32    	64    	128   	243   	449   	782   	1265  	1990  	2912  	4016  	5243  	6504  	7699  	8611  	9199  	9127  	8626  	7837  	6644  	5406  	4153  	3107  	2212  	1470  	921   	583   	332   	195   	112   	60    	28    	13    	6     	nan   	nan   	nan   	nan   	nan   	nan   

