Criação das árvores ordenadas:
n_persons	index	time        
100000   	0    	6.729050e-02
100000   	1    	6.203840e-02
100000   	2    	5.632720e-02
100000   	3    	4.906390e-02

Procura de nós nas árvores:
n_persons	index	time        
100000   	0    	5.345810e-02
100000   	1    	6.183110e-02
100000   	2    	5.921560e-02
100000   	3    	6.027780e-02

Maior profundidade das árvores:
n_persons	index	time        	depth
100000   	0    	4.838800e-03	39   
100000   	1    	4.438900e-03	38   
100000   	2    	4.969300e-03	38   
100000   	3    	5.004400e-03	42   

Número de nós em cada nível:
n_persons	index	time        	lvl0  	lvl1  	lvl2  	lvl3  	lvl4  	lvl5  	lvl6  	lvl7  	lvl8  	lvl9  	lvl10 	lvl11 	lvl12 	lvl13 	lvl14 	lvl15 	lvl16 	lvl17 	lvl18 	lvl19 	lvl20 	lvl21 	lvl22 	lvl23 	lvl24 	lvl25 	lvl26 	lvl27 	lvl28 	lvl29 	lvl30 	lvl31 	lvl32 	lvl33 	lvl34 	lvl35 	lvl36 	lvl37 	lvl38 	lvl39 	lvl40 	lvl41 	lvl42 
100000   	0    	4.262900e-03	1     	2     	4     	8     	16    	32    	64    	125   	236   	430   	745   	1243  	1968  	2866  	3918  	5035  	6241  	7327  	8227  	8616  	8595  	8255  	7582  	6739  	5775  	4614  	3565  	2676  	1856  	1232  	786   	499   	334   	199   	97    	50    	30    	10    	1     	1     	nan   	nan   	nan   
100000   	1    	3.965600e-03	1     	2     	4     	8     	16    	32    	62    	119   	225   	410   	730   	1212  	1960  	2932  	4257  	5732  	7224  	8550  	9422  	9825  	9571  	8818  	7606  	6293  	4859  	3608  	2510  	1645  	1072  	606   	317   	193   	89    	43    	25    	13    	6     	2     	1     	nan   	nan   	nan   	nan   
100000   	2    	4.319300e-03	1     	2     	4     	8     	16    	32    	64    	124   	234   	430   	740   	1197  	1845  	2800  	3861  	5089  	6349  	7640  	8636  	9395  	9456  	9096  	8265  	7133  	5696  	4237  	2889  	1867  	1218  	720   	439   	258   	129   	78    	29    	14    	5     	3     	1     	nan   	nan   	nan   	nan   
100000   	3    	4.863500e-03	1     	2     	4     	8     	16    	32    	63    	119   	220   	394   	689   	1125  	1774  	2578  	3564  	4642  	5613  	6575  	7305  	7860  	7969  	7728  	7303  	6682  	5830  	5054  	4167  	3411  	2677  	2079  	1577  	1123  	721   	481   	282   	172   	83    	51    	16    	5     	3     	1     	1     

