Criação das árvores ordenadas:
n_persons	index	time        
100000   	0    	5.762550e-02
100000   	1    	6.272640e-02
100000   	2    	5.548630e-02
100000   	3    	4.878610e-02

Procura de nós nas árvores:
n_persons	index	time        
100000   	0    	5.351070e-02
100000   	1    	6.166220e-02
100000   	2    	5.388970e-02
100000   	3    	4.917540e-02

Maior profundidade das árvores:
n_persons	index	time        	depth
100000   	0    	5.103800e-03	43   
100000   	1    	4.785200e-03	38   
100000   	2    	5.064000e-03	39   
100000   	3    	5.243800e-03	41   

Número de nós em cada nível:
n_persons	index	time        	lvl0  	lvl1  	lvl2  	lvl3  	lvl4  	lvl5  	lvl6  	lvl7  	lvl8  	lvl9  	lvl10 	lvl11 	lvl12 	lvl13 	lvl14 	lvl15 	lvl16 	lvl17 	lvl18 	lvl19 	lvl20 	lvl21 	lvl22 	lvl23 	lvl24 	lvl25 	lvl26 	lvl27 	lvl28 	lvl29 	lvl30 	lvl31 	lvl32 	lvl33 	lvl34 	lvl35 	lvl36 	lvl37 	lvl38 	lvl39 	lvl40 	lvl41 	lvl42 	lvl43 
100000   	0    	4.686500e-03	1     	2     	4     	8     	15    	30    	59    	109   	195   	348   	594   	982   	1479  	2098  	2842  	3756  	4738  	5712  	6519  	7093  	7647  	7891  	7814  	7509  	6776  	5985  	5035  	4053  	3176  	2299  	1661  	1196  	788   	518   	351   	270   	188   	121   	71    	40    	19    	4     	3     	1     
100000   	1    	4.816500e-03	1     	2     	4     	8     	16    	32    	63    	124   	244   	455   	811   	1338  	2106  	3107  	4241  	5478  	6662  	7801  	8671  	9196  	9111  	8554  	7529  	6411  	5195  	4071  	2996  	2129  	1401  	916   	583   	350   	191   	103   	52    	29    	12    	6     	1     	nan   	nan   	nan   	nan   	nan   
100000   	2    	4.888600e-03	1     	2     	4     	8     	16    	31    	62    	122   	236   	432   	773   	1287  	2015  	3087  	4488  	5995  	7442  	8610  	9372  	9596  	9242  	8433  	7345  	6172  	4775  	3535  	2454  	1705  	1095  	690   	427   	259   	152   	79    	34    	13    	6     	3     	1     	1     	nan   	nan   	nan   	nan   
100000   	3    	4.754400e-03	1     	2     	4     	8     	16    	32    	63    	124   	231   	406   	689   	1131  	1789  	2636  	3729  	4873  	6137  	7292  	8216  	8783  	8757  	8429  	7606  	6617  	5563  	4544  	3623  	2765  	2008  	1462  	1002  	616   	378   	236   	130   	55    	20    	11    	8     	5     	2     	1     	nan   	nan   

