Criação das árvores ordenadas:
n_persons	index	time        
100000   	0    	8.910700e-02
100000   	1    	6.288930e-02
100000   	2    	5.949710e-02
100000   	3    	5.004560e-02

Procura de nós nas árvores:
n_persons	index	time        
100000   	0    	5.505340e-02
100000   	1    	6.638980e-02
100000   	2    	6.786880e-02
100000   	3    	5.596340e-02

Maior profundidade das árvores:
n_persons	index	time        	depth
100000   	0    	4.323000e-03	45   
100000   	1    	4.231300e-03	39   
100000   	2    	5.293000e-03	43   
100000   	3    	5.054700e-03	39   

Número de nós em cada nível:
n_persons	index	time        	lvl0  	lvl1  	lvl2  	lvl3  	lvl4  	lvl5  	lvl6  	lvl7  	lvl8  	lvl9  	lvl10 	lvl11 	lvl12 	lvl13 	lvl14 	lvl15 	lvl16 	lvl17 	lvl18 	lvl19 	lvl20 	lvl21 	lvl22 	lvl23 	lvl24 	lvl25 	lvl26 	lvl27 	lvl28 	lvl29 	lvl30 	lvl31 	lvl32 	lvl33 	lvl34 	lvl35 	lvl36 	lvl37 	lvl38 	lvl39 	lvl40 	lvl41 	lvl42 	lvl43 	lvl44 	lvl45 
100000   	0    	4.043000e-03	1     	2     	4     	8     	16    	32    	63    	122   	230   	399   	669   	1088  	1685  	2492  	3496  	4593  	5693  	6763  	7631  	8259  	8405  	8197  	7743  	6892  	6021  	5040  	4085  	3204  	2363  	1665  	1118  	719   	442   	284   	181   	114   	85    	66    	49    	33    	20    	16    	7     	3     	1     	1     
100000   	1    	4.433600e-03	1     	2     	4     	8     	16    	32    	64    	122   	223   	398   	696   	1118  	1715  	2473  	3454  	4590  	5900  	6887  	7668  	8188  	8421  	8178  	7721  	6987  	6208  	5252  	4212  	3102  	2297  	1585  	1021  	633   	398   	216   	121   	53    	20    	10    	4     	2     	nan   	nan   	nan   	nan   	nan   	nan   
100000   	2    	5.216100e-03	1     	2     	4     	8     	16    	32    	64    	125   	236   	440   	788   	1328  	2069  	3033  	4160  	5300  	6590  	7554  	8113  	8485  	8347  	7655  	6828  	5872  	4909  	4051  	3167  	2547  	2013  	1615  	1222  	959   	763   	563   	407   	306   	190   	106   	61    	29    	20    	11    	8     	3     	nan   	nan   
100000   	3    	4.935100e-03	1     	2     	4     	8     	16    	32    	64    	127   	247   	459   	799   	1351  	2122  	3114  	4285  	5635  	6890  	7881  	8445  	8749  	8585  	8048  	7343  	6438  	5381  	4202  	3263  	2326  	1565  	1038  	679   	398   	240   	131   	71    	32    	13    	12    	3     	1     	nan   	nan   	nan   	nan   	nan   	nan   

