Criação das árvores ordenadas:
n_persons	index	time        
100000   	0    	5.208550e-02
100000   	1    	6.308190e-02
100000   	2    	5.529850e-02
100000   	3    	4.805940e-02

Procura de nós nas árvores:
n_persons	index	time        
100000   	0    	5.460550e-02
100000   	1    	6.566570e-02
100000   	2    	5.741890e-02
100000   	3    	5.387490e-02

Maior profundidade das árvores:
n_persons	index	time        	depth
100000   	0    	4.427700e-03	38   
100000   	1    	4.461500e-03	41   
100000   	2    	4.863400e-03	42   
100000   	3    	5.365300e-03	39   

Número de nós em cada nível:
n_persons	index	time        	lvl0  	lvl1  	lvl2  	lvl3  	lvl4  	lvl5  	lvl6  	lvl7  	lvl8  	lvl9  	lvl10 	lvl11 	lvl12 	lvl13 	lvl14 	lvl15 	lvl16 	lvl17 	lvl18 	lvl19 	lvl20 	lvl21 	lvl22 	lvl23 	lvl24 	lvl25 	lvl26 	lvl27 	lvl28 	lvl29 	lvl30 	lvl31 	lvl32 	lvl33 	lvl34 	lvl35 	lvl36 	lvl37 	lvl38 	lvl39 	lvl40 	lvl41 	lvl42 
100000   	0    	4.366600e-03	1     	2     	4     	8     	16    	32    	62    	123   	235   	435   	742   	1222  	1919  	2825  	3918  	5276  	6734  	7945  	8949  	9455  	9462  	8772  	7826  	6695  	5419  	4087  	2895  	1959  	1287  	770   	447   	247   	132   	62    	23    	6     	3     	4     	1     	nan   	nan   	nan   	nan   
100000   	1    	3.753200e-03	1     	2     	4     	8     	16    	32    	64    	124   	227   	408   	673   	1065  	1565  	2286  	3132  	4111  	5234  	6396  	7333  	7978  	8248  	8057  	7344  	6616  	5739  	4866  	4130  	3469  	2852  	2267  	1792  	1311  	944   	662   	447   	284   	147   	84    	45    	25    	10    	2     	nan   
100000   	2    	4.436000e-03	1     	2     	4     	8     	16    	32    	63    	125   	240   	438   	760   	1260  	1892  	2664  	3469  	4361  	5120  	5736  	6253  	6616  	6897  	7012  	6910  	6661  	6172  	5492  	4836  	4072  	3336  	2612  	2019  	1497  	1101  	809   	545   	370   	260   	154   	95    	52    	25    	9     	4     
100000   	3    	4.497700e-03	1     	2     	4     	8     	16    	32    	64    	125   	238   	443   	813   	1371  	2159  	3187  	4431  	5794  	7165  	8267  	8964  	9087  	8609  	7818  	6888  	5939  	4913  	3916  	2973  	2203  	1585  	1105  	734   	484   	309   	193   	94    	40    	18    	5     	2     	1     	nan   	nan   	nan   

