Criação das árvores ordenadas:
n_persons	index	time        
100000   	0    	6.545590e-02
100000   	1    	1.480372e-01
100000   	2    	9.704130e-02
100000   	3    	6.338050e-02

Procura de nós nas árvores:
n_persons	index	time        
100000   	0    	6.563970e-02
100000   	1    	6.992920e-02
100000   	2    	7.326280e-02
100000   	3    	5.413980e-02

Maior profundidade das árvores:
n_persons	index	time        	depth
100000   	0    	4.405700e-03	42   
100000   	1    	4.843600e-03	37   
100000   	2    	5.489000e-03	39   
100000   	3    	5.013800e-03	39   

Número de nós em cada nível:
n_persons	index	time        	lvl0  	lvl1  	lvl2  	lvl3  	lvl4  	lvl5  	lvl6  	lvl7  	lvl8  	lvl9  	lvl10 	lvl11 	lvl12 	lvl13 	lvl14 	lvl15 	lvl16 	lvl17 	lvl18 	lvl19 	lvl20 	lvl21 	lvl22 	lvl23 	lvl24 	lvl25 	lvl26 	lvl27 	lvl28 	lvl29 	lvl30 	lvl31 	lvl32 	lvl33 	lvl34 	lvl35 	lvl36 	lvl37 	lvl38 	lvl39 	lvl40 	lvl41 	lvl42 
100000   	0    	4.223700e-03	1     	2     	4     	8     	16    	32    	64    	126   	239   	433   	768   	1277  	2042  	3006  	4223  	5595  	6828  	8013  	8816  	9167  	8864  	8289  	7331  	6191  	5117  	4033  	2972  	2080  	1470  	1005  	663   	461   	319   	213   	150   	89    	44    	22    	9     	9     	6     	2     	1     
100000   	1    	3.986100e-03	1     	2     	4     	8     	16    	32    	64    	126   	241   	440   	778   	1282  	2001  	2939  	3993  	5157  	6383  	7567  	8348  	8837  	8820  	8404  	7564  	6509  	5411  	4415  	3459  	2562  	1786  	1197  	741   	423   	229   	134   	68    	35    	16    	8     	nan   	nan   	nan   	nan   	nan   
100000   	2    	4.421800e-03	1     	2     	4     	8     	16    	32    	64    	125   	233   	437   	755   	1212  	1845  	2676  	3623  	4750  	5908  	6955  	7845  	8444  	8744  	8551  	8010  	7095  	6020  	4975  	3753  	2745  	1940  	1301  	841   	497   	290   	167   	80    	27    	16    	7     	4     	2     	nan   	nan   	nan   
100000   	3    	4.541500e-03	1     	2     	4     	8     	16    	32    	63    	121   	223   	380   	641   	1018  	1569  	2308  	3207  	4294  	5423  	6469  	7332  	7962  	8312  	8381  	8122  	7582  	6586  	5543  	4410  	3311  	2438  	1668  	1040  	647   	406   	249   	143   	63    	17    	6     	2     	1     	nan   	nan   	nan   

