Criação das árvores ordenadas:
n_persons	index	time        
100000   	0    	5.333780e-02
100000   	1    	6.617090e-02
100000   	2    	5.590180e-02
100000   	3    	5.047100e-02

Procura de nós nas árvores:
n_persons	index	time        
100000   	0    	5.352200e-02
100000   	1    	6.062030e-02
100000   	2    	6.061110e-02
100000   	3    	5.179770e-02

Maior profundidade das árvores:
n_persons	index	time        	depth
100000   	0    	4.491200e-03	40   
100000   	1    	4.303500e-03	38   
100000   	2    	6.259500e-03	39   
100000   	3    	5.197000e-03	36   

Número de nós em cada nível:
n_persons	index	time        	lvl0  	lvl1  	lvl2  	lvl3  	lvl4  	lvl5  	lvl6  	lvl7  	lvl8  	lvl9  	lvl10 	lvl11 	lvl12 	lvl13 	lvl14 	lvl15 	lvl16 	lvl17 	lvl18 	lvl19 	lvl20 	lvl21 	lvl22 	lvl23 	lvl24 	lvl25 	lvl26 	lvl27 	lvl28 	lvl29 	lvl30 	lvl31 	lvl32 	lvl33 	lvl34 	lvl35 	lvl36 	lvl37 	lvl38 	lvl39 	lvl40 
100000   	0    	4.158500e-03	1     	2     	4     	8     	16    	32    	64    	123   	225   	407   	696   	1120  	1729  	2523  	3583  	4744  	6075  	7217  	8284  	9056  	9200  	8890  	8164  	7144  	5922  	4572  	3418  	2455  	1648  	1126  	708   	410   	216   	106   	54    	28    	13    	11    	4     	1     	1     
100000   	1    	3.687000e-03	1     	2     	4     	8     	16    	32    	64    	127   	248   	462   	808   	1311  	2052  	2983  	4065  	5190  	6276  	7289  	7984  	8352  	8528  	8169  	7511  	6616  	5652  	4631  	3597  	2635  	1869  	1302  	904   	554   	335   	205   	119   	61    	23    	12    	3     	nan   	nan   
100000   	2    	4.876300e-03	1     	2     	4     	8     	16    	28    	56    	96    	156   	266   	460   	751   	1171  	1806  	2645  	3610  	4705  	5935  	7002  	7972  	8613  	8756  	8485  	7905  	7011  	5916  	4755  	3644  	2777  	2015  	1389  	883   	529   	302   	177   	93    	42    	12    	5     	1     	nan   
100000   	3    	4.321800e-03	1     	2     	4     	8     	15    	28    	49    	88    	146   	259   	466   	816   	1377  	2167  	3216  	4463  	5845  	7260  	8399  	9311  	9440  	9309  	8551  	7487  	6236  	4850  	3559  	2515  	1642  	1063  	662   	383   	192   	100   	58    	26    	7     	nan   	nan   	nan   	nan   

