Criação das árvores ordenadas:
n_persons	index	time        
100000   	0    	5.360650e-02
100000   	1    	6.629390e-02
100000   	2    	5.950910e-02
100000   	3    	4.947270e-02

Procura de nós nas árvores:
n_persons	index	time        
100000   	0    	5.855780e-02
100000   	1    	6.963430e-02
100000   	2    	5.924590e-02
100000   	3    	6.371180e-02

Maior profundidade das árvores:
n_persons	index	time        	depth
100000   	0    	4.541700e-03	37   
100000   	1    	4.995400e-03	39   
100000   	2    	5.719000e-03	38   
100000   	3    	5.112700e-03	38   

Número de nós em cada nível:
n_persons	index	time        	lvl0  	lvl1  	lvl2  	lvl3  	lvl4  	lvl5  	lvl6  	lvl7  	lvl8  	lvl9  	lvl10 	lvl11 	lvl12 	lvl13 	lvl14 	lvl15 	lvl16 	lvl17 	lvl18 	lvl19 	lvl20 	lvl21 	lvl22 	lvl23 	lvl24 	lvl25 	lvl26 	lvl27 	lvl28 	lvl29 	lvl30 	lvl31 	lvl32 	lvl33 	lvl34 	lvl35 	lvl36 	lvl37 	lvl38 	lvl39 
100000   	0    	4.032800e-03	1     	2     	4     	8     	16    	32    	62    	120   	232   	415   	728   	1186  	1831  	2685  	3771  	4853  	6047  	7122  	8024  	8758  	8921  	8639  	8023  	6961  	5851  	4733  	3580  	2596  	1859  	1228  	787   	447   	242   	129   	68    	29    	8     	2     	nan   	nan   
100000   	1    	4.122700e-03	1     	2     	4     	8     	16    	32    	64    	128   	244   	458   	800   	1315  	2041  	3006  	4063  	5216  	6238  	7194  	7842  	8184  	8212  	7918  	7379  	6787  	5848  	4873  	3844  	2859  	1976  	1327  	851   	558   	336   	191   	102   	48    	21    	8     	5     	1     
100000   	2    	4.531700e-03	1     	2     	4     	8     	16    	31    	61    	120   	230   	415   	740   	1234  	1927  	2842  	4030  	5278  	6675  	7966  	8995  	9517  	9392  	8793  	7720  	6352  	5052  	3873  	2797  	2039  	1403  	917   	610   	409   	270   	150   	70    	27    	20    	9     	5     	nan   
100000   	3    	4.537200e-03	1     	2     	4     	8     	16    	32    	63    	118   	216   	386   	661   	1025  	1616  	2427  	3450  	4672  	5929  	7226  	8398  	9200  	9247  	9059  	8274  	7254  	5939  	4646  	3485  	2487  	1697  	1063  	630   	345   	201   	119   	66    	30    	5     	2     	1     	nan   

