Criação das árvores ordenadas:
n_persons	index	time        
100000   	0    	5.328730e-02
100000   	1    	6.461000e-02
100000   	2    	5.538410e-02
100000   	3    	4.795200e-02

Procura de nós nas árvores:
n_persons	index	time        
100000   	0    	5.679130e-02
100000   	1    	6.510920e-02
100000   	2    	6.071770e-02
100000   	3    	5.346880e-02

Maior profundidade das árvores:
n_persons	index	time        	depth
100000   	0    	4.707800e-03	41   
100000   	1    	4.373700e-03	39   
100000   	2    	5.037800e-03	39   
100000   	3    	5.424100e-03	38   

Número de nós em cada nível:
n_persons	index	time        	lvl0  	lvl1  	lvl2  	lvl3  	lvl4  	lvl5  	lvl6  	lvl7  	lvl8  	lvl9  	lvl10 	lvl11 	lvl12 	lvl13 	lvl14 	lvl15 	lvl16 	lvl17 	lvl18 	lvl19 	lvl20 	lvl21 	lvl22 	lvl23 	lvl24 	lvl25 	lvl26 	lvl27 	lvl28 	lvl29 	lvl30 	lvl31 	lvl32 	lvl33 	lvl34 	lvl35 	lvl36 	lvl37 	lvl38 	lvl39 	lvl40 	lvl41 
100000   	0    	3.946300e-03	1     	2     	4     	8     	16    	31    	62    	116   	222   	425   	749   	1224  	1871  	2647  	3522  	4390  	5260  	6063  	6771  	7193  	7466  	7542  	7429  	6921  	6179  	5397  	4530  	3735  	3011  	2288  	1712  	1242  	810   	503   	311   	175   	84    	45    	27    	11    	4     	1     
100000   	1    	4.021200e-03	1     	2     	4     	8     	16    	32    	63    	117   	218   	396   	680   	1135  	1698  	2485  	3462  	4509  	5493  	6435  	7242  	7786  	8115  	8149  	7810  	7205  	6287  	5321  	4374  	3464  	2569  	1811  	1259  	815   	492   	286   	133   	69    	31    	20    	7     	1     	nan   	nan   
100000   	2    	4.511100e-03	1     	2     	4     	8     	16    	28    	53    	100   	174   	316   	541   	869   	1350  	1976  	2800  	3751  	4737  	5769  	6644  	7260  	7688  	7833  	7725  	7426  	6803  	5945  	5072  	4216  	3344  	2534  	1812  	1253  	830   	547   	293   	153   	76    	36    	12    	3     	nan   	nan   
100000   	3    	4.818600e-03	1     	2     	4     	8     	16    	31    	58    	106   	193   	327   	532   	855   	1328  	2003  	2858  	3862  	4970  	6217  	7251  	8228  	8668  	8658  	8387  	7623  	6632  	5684  	4632  	3588  	2620  	1832  	1183  	692   	423   	260   	155   	69    	33    	9     	2     	nan   	nan   	nan   

