Criação das árvores ordenadas:
n_persons	index	time        
100000   	0    	5.329630e-02
100000   	1    	6.579270e-02
100000   	2    	5.792250e-02
100000   	3    	4.877130e-02

Procura de nós nas árvores:
n_persons	index	time        
100000   	0    	6.164650e-02
100000   	1    	7.687860e-02
100000   	2    	6.029250e-02
100000   	3    	5.834100e-02

Maior profundidade das árvores:
n_persons	index	time        	depth
100000   	0    	4.755500e-03	40   
100000   	1    	4.886900e-03	40   
100000   	2    	4.984500e-03	41   
100000   	3    	5.343000e-03	39   

Número de nós em cada nível:
n_persons	index	time        	lvl0  	lvl1  	lvl2  	lvl3  	lvl4  	lvl5  	lvl6  	lvl7  	lvl8  	lvl9  	lvl10 	lvl11 	lvl12 	lvl13 	lvl14 	lvl15 	lvl16 	lvl17 	lvl18 	lvl19 	lvl20 	lvl21 	lvl22 	lvl23 	lvl24 	lvl25 	lvl26 	lvl27 	lvl28 	lvl29 	lvl30 	lvl31 	lvl32 	lvl33 	lvl34 	lvl35 	lvl36 	lvl37 	lvl38 	lvl39 	lvl40 	lvl41 
100000   	0    	4.051500e-03	1     	2     	4     	8     	16    	32    	64    	125   	230   	415   	734   	1236  	1932  	2807  	3899  	5115  	6321  	7350  	8026  	8467  	8691  	8573  	8186  	7232  	6033  	4660  	3500  	2396  	1603  	1003  	593   	338   	190   	107   	52    	28    	22    	5     	2     	1     	1     	nan   
100000   	1    	3.799900e-03	1     	2     	4     	8     	16    	32    	64    	118   	219   	396   	700   	1167  	1882  	2896  	4201  	5786  	7378  	8755  	9609  	9857  	9563  	8735  	7503  	6060  	4657  	3418  	2378  	1608  	1026  	698   	445   	299   	182   	120   	82    	50    	34    	24    	16    	8     	3     	nan   
100000   	2    	4.811200e-03	1     	2     	4     	8     	16    	32    	58    	97    	178   	321   	560   	929   	1473  	2229  	3150  	4277  	5466  	6622  	7625  	8358  	8639  	8608  	8040  	7345  	6351  	5198  	4140  	3095  	2268  	1650  	1145  	799   	511   	321   	190   	126   	77    	48    	27    	11    	3     	2     
100000   	3    	4.732800e-03	1     	2     	4     	8     	16    	32    	62    	117   	224   	406   	702   	1116  	1686  	2396  	3192  	4068  	4988  	6068  	6993  	7815  	8317  	8392  	8083  	7540  	6750  	5734  	4599  	3517  	2535  	1762  	1157  	725   	428   	262   	159   	89    	37    	14    	3     	1     	nan   	nan   

