Criação das árvores ordenadas:
n_persons	index	time        
100000   	0    	5.375050e-02
100000   	1    	6.577310e-02
100000   	2    	5.925010e-02
100000   	3    	4.699160e-02

Procura de nós nas árvores:
n_persons	index	time        
100000   	0    	5.742050e-02
100000   	1    	6.816260e-02
100000   	2    	6.072280e-02
100000   	3    	5.126310e-02

Maior profundidade das árvores:
n_persons	index	time        	depth
100000   	0    	5.017700e-03	38   
100000   	1    	5.196500e-03	37   
100000   	2    	5.574200e-03	38   
100000   	3    	5.417100e-03	38   

Número de nós em cada nível:
n_persons	index	time        	lvl0  	lvl1  	lvl2  	lvl3  	lvl4  	lvl5  	lvl6  	lvl7  	lvl8  	lvl9  	lvl10 	lvl11 	lvl12 	lvl13 	lvl14 	lvl15 	lvl16 	lvl17 	lvl18 	lvl19 	lvl20 	lvl21 	lvl22 	lvl23 	lvl24 	lvl25 	lvl26 	lvl27 	lvl28 	lvl29 	lvl30 	lvl31 	lvl32 	lvl33 	lvl34 	lvl35 	lvl36 	lvl37 	lvl38 
100000   	0    	4.403100e-03	1     	2     	4     	8     	16    	32    	62    	115   	209   	366   	620   	1009  	1578  	2338  	3395  	4643  	5935  	7374  	8420  	9202  	9402  	9173  	8418  	7369  	6009  	4563  	3446  	2442  	1656  	1019  	577   	292   	151   	81    	39    	22    	8     	3     	1     
100000   	1    	4.092200e-03	1     	2     	4     	8     	16    	31    	61    	117   	213   	384   	662   	1101  	1701  	2458  	3478  	4610  	5844  	6971  	7774  	8413  	8504  	8523  	8027  	7184  	6216  	5106  	4121  	3061  	2146  	1412  	847   	503   	270   	127   	69    	24    	7     	4     	nan   
100000   	2    	4.672600e-03	1     	2     	4     	8     	16    	32    	64    	124   	231   	416   	690   	1109  	1702  	2603  	3705  	4983  	6301  	7592  	8624  	9343  	9562  	9062  	8057  	6903  	5570  	4284  	3091  	2200  	1419  	903   	545   	346   	227   	142   	79    	34    	15    	9     	2     
100000   	3    	4.877700e-03	1     	2     	4     	8     	16    	32    	63    	116   	207   	367   	645   	1051  	1654  	2496  	3580  	4774  	6073  	7322  	8376  	9009  	9138  	8830  	8225  	7062  	5826  	4587  	3383  	2506  	1756  	1175  	714   	448   	271   	145   	78    	32    	17    	10    	1     

