Criação das árvores ordenadas:
n_persons	index	time        
100000   	0    	5.544790e-02
100000   	1    	7.006830e-02
100000   	2    	8.768840e-02
100000   	3    	5.250040e-02

Procura de nós nas árvores:
n_persons	index	time        
100000   	0    	8.453190e-02
100000   	1    	8.293990e-02
100000   	2    	8.025750e-02
100000   	3    	7.601140e-02

Maior profundidade das árvores:
n_persons	index	time        	depth
100000   	0    	5.364800e-03	41   
100000   	1    	5.045100e-03	38   
100000   	2    	5.915800e-03	46   
100000   	3    	5.823800e-03	39   

Número de nós em cada nível:
n_persons	index	time        	lvl0  	lvl1  	lvl2  	lvl3  	lvl4  	lvl5  	lvl6  	lvl7  	lvl8  	lvl9  	lvl10 	lvl11 	lvl12 	lvl13 	lvl14 	lvl15 	lvl16 	lvl17 	lvl18 	lvl19 	lvl20 	lvl21 	lvl22 	lvl23 	lvl24 	lvl25 	lvl26 	lvl27 	lvl28 	lvl29 	lvl30 	lvl31 	lvl32 	lvl33 	lvl34 	lvl35 	lvl36 	lvl37 	lvl38 	lvl39 	lvl40 	lvl41 	lvl42 	lvl43 	lvl44 	lvl45 	lvl46 
100000   	0    	5.054300e-03	1     	2     	4     	8     	16    	31    	61    	115   	213   	388   	690   	1132  	1755  	2599  	3678  	4989  	6388  	7684  	8657  	9172  	9234  	8884  	8062  	6874  	5479  	4226  	3045  	2198  	1506  	1005  	650   	425   	270   	182   	127   	86    	68    	47    	27    	13    	6     	3     	nan   	nan   	nan   	nan   	nan   
100000   	1    	4.535500e-03	1     	2     	4     	8     	16    	32    	64    	123   	237   	442   	761   	1234  	1925  	2829  	3833  	4910  	6038  	7032  	7879  	8430  	8559  	8291  	7593  	6781  	5832  	4837  	3785  	2801  	2006  	1374  	944   	634   	384   	198   	108   	42    	19    	11    	1     	nan   	nan   	nan   	nan   	nan   	nan   	nan   	nan   
100000   	2    	4.819800e-03	1     	2     	4     	8     	15    	27    	51    	91    	164   	285   	464   	717   	1089  	1634  	2351  	3211  	4143  	5218  	6385  	7294  	8123  	8642  	8610  	8228  	7523  	6425  	5315  	4182  	3141  	2226  	1529  	1032  	669   	414   	268   	177   	118   	82    	52    	36    	19    	15    	10    	3     	3     	3     	1     
100000   	3    	5.502800e-03	1     	2     	4     	8     	16    	32    	61    	120   	221   	404   	698   	1112  	1669  	2386  	3156  	4064  	5062  	6033  	6979  	7579  	7999  	8100  	8005  	7418  	6744  	5753  	4720  	3695  	2783  	1916  	1292  	821   	507   	272   	170   	107   	54    	23    	10    	4     	nan   	nan   	nan   	nan   	nan   	nan   	nan   

