Criação das árvores ordenadas:
n_persons	index	time        
100000   	0    	5.911810e-02
100000   	1    	6.759560e-02
100000   	2    	5.562690e-02
100000   	3    	4.733900e-02

Procura de nós nas árvores:
n_persons	index	time        
100000   	0    	5.172770e-02
100000   	1    	6.797460e-02
100000   	2    	6.429890e-02
100000   	3    	5.895500e-02

Maior profundidade das árvores:
n_persons	index	time        	depth
100000   	0    	4.417500e-03	42   
100000   	1    	4.334300e-03	42   
100000   	2    	5.819200e-03	39   
100000   	3    	5.195900e-03	42   

Número de nós em cada nível:
n_persons	index	time        	lvl0  	lvl1  	lvl2  	lvl3  	lvl4  	lvl5  	lvl6  	lvl7  	lvl8  	lvl9  	lvl10 	lvl11 	lvl12 	lvl13 	lvl14 	lvl15 	lvl16 	lvl17 	lvl18 	lvl19 	lvl20 	lvl21 	lvl22 	lvl23 	lvl24 	lvl25 	lvl26 	lvl27 	lvl28 	lvl29 	lvl30 	lvl31 	lvl32 	lvl33 	lvl34 	lvl35 	lvl36 	lvl37 	lvl38 	lvl39 	lvl40 	lvl41 	lvl42 
100000   	0    	4.116300e-03	1     	2     	4     	8     	16    	32    	64    	127   	243   	438   	782   	1259  	1932  	2799  	3836  	4803  	5892  	6787  	7612  	8200  	8401  	8348  	7822  	6878  	5937  	4888  	3787  	2885  	2041  	1411  	972   	635   	448   	282   	172   	108   	69    	41    	19    	10    	5     	3     	1     
100000   	1    	4.162100e-03	1     	2     	4     	8     	16    	32    	64    	128   	247   	456   	828   	1387  	2201  	3176  	4235  	5342  	6504  	7517  	8246  	8499  	8270  	7820  	7123  	6190  	5208  	4286  	3412  	2617  	1947  	1393  	982   	670   	440   	290   	191   	115   	62    	38    	24    	15    	6     	5     	3     
100000   	2    	4.873900e-03	1     	2     	4     	8     	16    	31    	61    	119   	222   	387   	662   	1061  	1650  	2386  	3350  	4494  	5652  	6848  	7846  	8415  	8552  	8319  	7776  	7040  	6011  	4999  	4104  	3130  	2373  	1713  	1142  	736   	437   	222   	124   	61    	29    	13    	3     	1     	nan   	nan   	nan   
100000   	3    	4.233600e-03	1     	2     	4     	7     	13    	25    	48    	96    	185   	331   	593   	991   	1564  	2311  	3307  	4437  	5594  	6730  	7773  	8345  	8662  	8518  	8124  	7515  	6548  	5410  	4227  	3068  	2165  	1414  	873   	513   	292   	153   	80    	43    	17    	7     	6     	3     	3     	1     	1     

