Criação das árvores ordenadas:
n_persons	index	time        
100000   	0    	6.356860e-02
100000   	1    	6.958840e-02
100000   	2    	5.838620e-02
100000   	3    	5.626730e-02

Procura de nós nas árvores:
n_persons	index	time        
100000   	0    	5.670230e-02
100000   	1    	6.484550e-02
100000   	2    	5.717230e-02
100000   	3    	5.017550e-02

Maior profundidade das árvores:
n_persons	index	time        	depth
100000   	0    	4.343200e-03	39   
100000   	1    	4.691500e-03	39   
100000   	2    	5.403400e-03	40   
100000   	3    	4.932000e-03	41   

Número de nós em cada nível:
n_persons	index	time        	lvl0  	lvl1  	lvl2  	lvl3  	lvl4  	lvl5  	lvl6  	lvl7  	lvl8  	lvl9  	lvl10 	lvl11 	lvl12 	lvl13 	lvl14 	lvl15 	lvl16 	lvl17 	lvl18 	lvl19 	lvl20 	lvl21 	lvl22 	lvl23 	lvl24 	lvl25 	lvl26 	lvl27 	lvl28 	lvl29 	lvl30 	lvl31 	lvl32 	lvl33 	lvl34 	lvl35 	lvl36 	lvl37 	lvl38 	lvl39 	lvl40 	lvl41 
100000   	0    	3.989400e-03	1     	2     	4     	8     	16    	32    	62    	123   	231   	422   	749   	1216  	1871  	2736  	3770  	4996  	6338  	7522  	8563  	9127  	9263  	8863  	8112  	7135  	5642  	4292  	3095  	2103  	1479  	929   	582   	353   	180   	87    	50    	28    	12    	3     	2     	1     	nan   	nan   
100000   	1    	4.153700e-03	1     	2     	4     	8     	16    	32    	62    	117   	222   	398   	648   	1037  	1572  	2274  	3124  	4225  	5320  	6385  	7230  	7844  	8198  	8117  	7705  	7033  	6265  	5314  	4271  	3498  	2711  	2028  	1523  	1099  	740   	468   	264   	135   	67    	26    	14    	3     	nan   	nan   
100000   	2    	4.372400e-03	1     	2     	4     	8     	16    	31    	61    	119   	225   	409   	721   	1173  	1879  	2835  	4019  	5268  	6360  	7423  	8299  	8802  	8811  	8490  	7771  	6894  	5798  	4618  	3450  	2447  	1648  	1014  	619   	345   	186   	98    	69    	41    	15    	15    	7     	7     	2     	nan   
100000   	3    	4.390600e-03	1     	2     	4     	8     	16    	32    	63    	119   	213   	360   	566   	871   	1282  	1861  	2605  	3473  	4501  	5562  	6662  	7487  	8098  	8323  	8214  	7783  	7035  	6102  	5048  	4011  	3069  	2220  	1520  	1047  	723   	473   	285   	170   	91    	49    	27    	17    	4     	3     

