Criação das árvores ordenadas:
n_persons	index	time        
100000   	0    	7.590460e-02
100000   	1    	1.125618e-01
100000   	2    	8.989660e-02
100000   	3    	5.225950e-02

Procura de nós nas árvores:
n_persons	index	time        
100000   	0    	5.249100e-02
100000   	1    	6.175090e-02
100000   	2    	6.340660e-02
100000   	3    	6.136470e-02

Maior profundidade das árvores:
n_persons	index	time        	depth
100000   	0    	4.530600e-03	46   
100000   	1    	4.398800e-03	39   
100000   	2    	4.968300e-03	39   
100000   	3    	5.042000e-03	42   

Número de nós em cada nível:
n_persons	index	time        	lvl0  	lvl1  	lvl2  	lvl3  	lvl4  	lvl5  	lvl6  	lvl7  	lvl8  	lvl9  	lvl10 	lvl11 	lvl12 	lvl13 	lvl14 	lvl15 	lvl16 	lvl17 	lvl18 	lvl19 	lvl20 	lvl21 	lvl22 	lvl23 	lvl24 	lvl25 	lvl26 	lvl27 	lvl28 	lvl29 	lvl30 	lvl31 	lvl32 	lvl33 	lvl34 	lvl35 	lvl36 	lvl37 	lvl38 	lvl39 	lvl40 	lvl41 	lvl42 	lvl43 	lvl44 	lvl45 	lvl46 
100000   	0    	4.194200e-03	1     	2     	4     	8     	16    	31    	62    	118   	223   	418   	743   	1227  	1898  	2801  	3853  	5028  	6114  	7061  	7898  	8413  	8614  	8486  	7855  	6868  	5795  	4643  	3529  	2705  	1960  	1353  	880   	529   	311   	200   	122   	74    	41    	32    	28    	17    	15    	10    	5     	5     	2     	1     	1     
100000   	1    	3.921600e-03	1     	2     	4     	8     	15    	30    	58    	112   	211   	382   	670   	1085  	1659  	2467  	3440  	4515  	5732  	6963  	8061  	8755  	8943  	8677  	8028  	7044  	5848  	4711  	3727  	2725  	2042  	1447  	1038  	660   	415   	242   	138   	70    	43    	20    	8     	4     	nan   	nan   	nan   	nan   	nan   	nan   	nan   
100000   	2    	4.599400e-03	1     	2     	4     	8     	16    	32    	64    	122   	219   	395   	640   	1017  	1479  	2033  	2710  	3434  	4333  	5275  	6162  	6999  	7566  	7919  	8043  	7734  	7123  	6234  	5399  	4385  	3405  	2523  	1800  	1223  	775   	448   	262   	127   	60    	19    	8     	2     	nan   	nan   	nan   	nan   	nan   	nan   	nan   
100000   	3    	4.807700e-03	1     	2     	4     	8     	16    	32    	64    	120   	216   	360   	576   	910   	1378  	2021  	2717  	3511  	4361  	5353  	6188  	6921  	7239  	7391  	7298  	7010  	6627  	6064  	5322  	4508  	3632  	2829  	2265  	1726  	1219  	822   	540   	299   	183   	120   	74    	41    	20    	10    	2     	nan   	nan   	nan   	nan   

