Criação das árvores ordenadas:
n_persons	index	time        
100000   	0    	5.191140e-02
100000   	1    	6.394070e-02
100000   	2    	5.577030e-02
100000   	3    	4.533450e-02

Procura de nós nas árvores:
n_persons	index	time        
100000   	0    	5.200340e-02
100000   	1    	5.815530e-02
100000   	2    	5.573990e-02
100000   	3    	4.826850e-02

Maior profundidade das árvores:
n_persons	index	time        	depth
100000   	0    	4.566500e-03	41   
100000   	1    	4.862700e-03	41   
100000   	2    	5.114900e-03	42   
100000   	3    	4.941100e-03	43   

Número de nós em cada nível:
n_persons	index	time        	lvl0  	lvl1  	lvl2  	lvl3  	lvl4  	lvl5  	lvl6  	lvl7  	lvl8  	lvl9  	lvl10 	lvl11 	lvl12 	lvl13 	lvl14 	lvl15 	lvl16 	lvl17 	lvl18 	lvl19 	lvl20 	lvl21 	lvl22 	lvl23 	lvl24 	lvl25 	lvl26 	lvl27 	lvl28 	lvl29 	lvl30 	lvl31 	lvl32 	lvl33 	lvl34 	lvl35 	lvl36 	lvl37 	lvl38 	lvl39 	lvl40 	lvl41 	lvl42 	lvl43 
100000   	0    	3.982800e-03	1     	2     	4     	8     	16    	31    	62    	118   	210   	371   	616   	950   	1423  	2086  	2924  	3976  	5212  	6382  	7519  	8590  	9247  	9230  	8771  	7914  	6674  	5370  	4125  	3043  	2025  	1324  	793   	462   	261   	139   	64    	26    	14    	6     	6     	3     	1     	1     	nan   	nan   
100000   	1    	4.394300e-03	1     	2     	4     	8     	16    	32    	63    	118   	218   	394   	684   	1118  	1784  	2656  	3717  	4931  	6221  	7427  	8228  	8633  	8691  	8296  	7564  	6559  	5530  	4353  	3459  	2678  	2067  	1577  	1108  	751   	493   	292   	153   	85    	49    	20    	12    	5     	2     	1     	nan   	nan   
100000   	2    	4.326700e-03	1     	2     	4     	8     	16    	32    	64    	125   	234   	423   	758   	1244  	1948  	2870  	4025  	5403  	6744  	7872  	8616  	9094  	8967  	8342  	7504  	6351  	5170  	4122  	3194  	2334  	1643  	1148  	727   	422   	258   	148   	81    	44    	23    	12    	9     	8     	6     	3     	1     	nan   
100000   	3    	4.480300e-03	1     	2     	4     	8     	16    	32    	63    	123   	234   	434   	763   	1264  	1989  	2896  	3987  	5230  	6441  	7506  	8255  	8680  	8782  	8359  	7723  	6578  	5454  	4380  	3361  	2554  	1811  	1263  	802   	468   	261   	128   	70    	28    	18    	10    	6     	3     	3     	4     	4     	2     

