Criação das árvores ordenadas:
n_persons	index	time        
100000   	0    	5.223060e-02
100000   	1    	6.072720e-02
100000   	2    	5.727360e-02
100000   	3    	4.669000e-02

Procura de nós nas árvores:
n_persons	index	time        
100000   	0    	5.342940e-02
100000   	1    	6.769390e-02
100000   	2    	5.720530e-02
100000   	3    	4.881410e-02

Maior profundidade das árvores:
n_persons	index	time        	depth
100000   	0    	5.017900e-03	41   
100000   	1    	4.427700e-03	37   
100000   	2    	4.899700e-03	40   
100000   	3    	5.123800e-03	43   

Número de nós em cada nível:
n_persons	index	time        	lvl0  	lvl1  	lvl2  	lvl3  	lvl4  	lvl5  	lvl6  	lvl7  	lvl8  	lvl9  	lvl10 	lvl11 	lvl12 	lvl13 	lvl14 	lvl15 	lvl16 	lvl17 	lvl18 	lvl19 	lvl20 	lvl21 	lvl22 	lvl23 	lvl24 	lvl25 	lvl26 	lvl27 	lvl28 	lvl29 	lvl30 	lvl31 	lvl32 	lvl33 	lvl34 	lvl35 	lvl36 	lvl37 	lvl38 	lvl39 	lvl40 	lvl41 	lvl42 	lvl43 
100000   	0    	4.056800e-03	1     	2     	4     	8     	16    	32    	61    	119   	223   	401   	668   	1038  	1554  	2193  	3000  	4030  	5148  	6339  	7585  	8493  	8790  	8875  	8386  	7537  	6489  	5263  	4071  	2988  	2136  	1488  	1046  	745   	500   	332   	205   	120   	56    	34    	14    	6     	3     	1     	nan   	nan   
100000   	1    	3.938200e-03	1     	2     	4     	8     	16    	32    	64    	126   	238   	427   	736   	1187  	1881  	2821  	4040  	5407  	6864  	8106  	9009  	9435  	9351  	8753  	7930  	6714  	5280  	3961  	2812  	1886  	1187  	737   	423   	264   	158   	78    	38    	15    	6     	3     	nan   	nan   	nan   	nan   	nan   	nan   
100000   	2    	4.266700e-03	1     	2     	4     	8     	16    	32    	62    	119   	222   	401   	709   	1198  	1866  	2759  	3741  	4832  	5864  	6809  	7517  	8087  	8264  	8093  	7620  	6855  	5916  	4966  	3971  	3075  	2313  	1650  	1124  	783   	455   	283   	176   	114   	50    	27    	12    	3     	1     	nan   	nan   	nan   
100000   	3    	4.300300e-03	1     	2     	4     	8     	16    	28    	54    	97    	179   	320   	549   	898   	1394  	2035  	2900  	3979  	5169  	6340  	7295  	8108  	8517  	8476  	7973  	7136  	6084  	5130  	4219  	3308  	2606  	1947  	1456  	1068  	817   	608   	439   	324   	229   	139   	73    	35    	19    	10    	9     	2     

