Criação das árvores ordenadas:
n_persons	index	time        
100000   	0    	5.630610e-02
100000   	1    	6.600040e-02
100000   	2    	5.961430e-02
100000   	3    	5.141240e-02

Procura de nós nas árvores:
n_persons	index	time        
100000   	0    	5.751750e-02
100000   	1    	6.557550e-02
100000   	2    	6.007340e-02
100000   	3    	1.031342e-01

Maior profundidade das árvores:
n_persons	index	time        	depth
100000   	0    	5.697400e-03	41   
100000   	1    	9.972500e-03	41   
100000   	2    	9.547200e-03	37   
100000   	3    	5.815700e-03	45   

Número de nós em cada nível:
n_persons	index	time        	lvl0  	lvl1  	lvl2  	lvl3  	lvl4  	lvl5  	lvl6  	lvl7  	lvl8  	lvl9  	lvl10 	lvl11 	lvl12 	lvl13 	lvl14 	lvl15 	lvl16 	lvl17 	lvl18 	lvl19 	lvl20 	lvl21 	lvl22 	lvl23 	lvl24 	lvl25 	lvl26 	lvl27 	lvl28 	lvl29 	lvl30 	lvl31 	lvl32 	lvl33 	lvl34 	lvl35 	lvl36 	lvl37 	lvl38 	lvl39 	lvl40 	lvl41 	lvl42 	lvl43 	lvl44 	lvl45 
100000   	0    	5.939000e-03	1     	2     	4     	8     	16    	32    	62    	114   	211   	358   	590   	949   	1475  	2229  	3160  	4236  	5360  	6414  	7226  	7788  	8063  	8081  	7771  	7085  	6263  	5301  	4361  	3515  	2738  	2095  	1525  	1090  	729   	483   	313   	181   	100   	45    	16    	6     	3     	1     	nan   	nan   	nan   	nan   
100000   	1    	4.808700e-03	1     	2     	4     	8     	16    	30    	56    	96    	167   	299   	502   	827   	1273  	2009  	2916  	4016  	5262  	6574  	7941  	8940  	9451  	9347  	8734  	7736  	6555  	5236  	3967  	2962  	1967  	1229  	799   	485   	281   	154   	89    	42    	15    	7     	2     	1     	1     	1     	nan   	nan   	nan   	nan   
100000   	2    	5.099100e-03	1     	2     	4     	8     	16    	32    	64    	128   	252   	457   	799   	1349  	2125  	3122  	4313  	5464  	6688  	7724  	8521  	9059  	9081  	8605  	7690  	6531  	5315  	4043  	2980  	2082  	1425  	881   	574   	328   	181   	95    	45    	13    	2     	1     	nan   	nan   	nan   	nan   	nan   	nan   	nan   	nan   
100000   	3    	5.182300e-03	1     	2     	4     	8     	16    	32    	63    	125   	239   	431   	748   	1196  	1800  	2592  	3488  	4524  	5461  	6333  	7043  	7537  	7982  	8172  	7885  	7430  	6534  	5529  	4393  	3232  	2366  	1624  	1142  	739   	491   	319   	214   	130   	82    	47    	21    	11    	5     	4     	2     	1     	1     	1     

