Criação das árvores ordenadas:
n_persons	index	time        
100000   	0    	5.083170e-02
100000   	1    	6.508560e-02
100000   	2    	5.993170e-02
100000   	3    	4.633910e-02

Procura de nós nas árvores:
n_persons	index	time        
100000   	0    	5.075040e-02
100000   	1    	6.098970e-02
100000   	2    	5.628260e-02
100000   	3    	4.851990e-02

Maior profundidade das árvores:
n_persons	index	time        	depth
100000   	0    	4.772000e-03	41   
100000   	1    	4.678800e-03	42   
100000   	2    	5.350000e-03	41   
100000   	3    	7.656100e-03	39   

Número de nós em cada nível:
n_persons	index	time        	lvl0  	lvl1  	lvl2  	lvl3  	lvl4  	lvl5  	lvl6  	lvl7  	lvl8  	lvl9  	lvl10 	lvl11 	lvl12 	lvl13 	lvl14 	lvl15 	lvl16 	lvl17 	lvl18 	lvl19 	lvl20 	lvl21 	lvl22 	lvl23 	lvl24 	lvl25 	lvl26 	lvl27 	lvl28 	lvl29 	lvl30 	lvl31 	lvl32 	lvl33 	lvl34 	lvl35 	lvl36 	lvl37 	lvl38 	lvl39 	lvl40 	lvl41 	lvl42 
100000   	0    	4.397200e-03	1     	2     	4     	8     	16    	32    	64    	123   	232   	421   	700   	1122  	1732  	2543  	3578  	4800  	6089  	7426  	8469  	9023  	9324  	9052  	8230  	6943  	5774  	4491  	3418  	2343  	1592  	961   	609   	359   	208   	126   	79    	48    	27    	15    	10    	3     	2     	1     	nan   
100000   	1    	4.118400e-03	1     	2     	4     	8     	16    	32    	64    	126   	235   	422   	730   	1167  	1782  	2593  	3529  	4552  	5522  	6411  	7330  	7957  	8140  	7823  	7267  	6436  	5652  	4786  	4029  	3301  	2653  	2131  	1653  	1227  	919   	618   	388   	238   	132   	65    	24    	15    	10    	6     	4     
100000   	2    	4.963600e-03	1     	2     	4     	8     	16    	32    	60    	108   	196   	336   	574   	975   	1534  	2268  	3199  	4209  	5260  	6229  	6984  	7583  	8026  	8030  	7732  	7309  	6577  	5739  	4674  	3752  	2844  	2046  	1400  	943   	591   	366   	182   	102   	64    	29    	9     	4     	2     	1     	nan   
100000   	3    	5.000500e-03	1     	2     	4     	8     	16    	32    	64    	125   	240   	421   	709   	1140  	1756  	2522  	3461  	4466  	5582  	6627  	7501  	7916  	7999  	7777  	7280  	6624  	5886  	5121  	4392  	3606  	2809  	2114  	1479  	961   	610   	364   	194   	101   	54    	27    	8     	1     	nan   	nan   	nan   

