Criação das árvores ordenadas:
n_persons	index	time        
100000   	0    	5.169010e-02
100000   	1    	6.345530e-02
100000   	2    	5.392270e-02
100000   	3    	4.751730e-02

Procura de nós nas árvores:
n_persons	index	time        
100000   	0    	5.470910e-02
100000   	1    	5.977150e-02
100000   	2    	5.500170e-02
100000   	3    	4.859450e-02

Maior profundidade das árvores:
n_persons	index	time        	depth
100000   	0    	4.294100e-03	40   
100000   	1    	4.257800e-03	39   
100000   	2    	5.080300e-03	39   
100000   	3    	4.906600e-03	37   

Número de nós em cada nível:
n_persons	index	time        	lvl0  	lvl1  	lvl2  	lvl3  	lvl4  	lvl5  	lvl6  	lvl7  	lvl8  	lvl9  	lvl10 	lvl11 	lvl12 	lvl13 	lvl14 	lvl15 	lvl16 	lvl17 	lvl18 	lvl19 	lvl20 	lvl21 	lvl22 	lvl23 	lvl24 	lvl25 	lvl26 	lvl27 	lvl28 	lvl29 	lvl30 	lvl31 	lvl32 	lvl33 	lvl34 	lvl35 	lvl36 	lvl37 	lvl38 	lvl39 	lvl40 
100000   	0    	3.904300e-03	1     	2     	4     	8     	16    	31    	61    	119   	230   	420   	730   	1230  	1879  	2731  	3709  	4817  	5953  	6816  	7449  	7895  	7855  	7723  	7200  	6361  	5556  	4654  	3898  	3152  	2513  	1949  	1533  	1169  	831   	555   	408   	264   	152   	76    	34    	15    	1     
100000   	1    	3.792100e-03	1     	2     	4     	8     	16    	31    	61    	112   	203   	363   	633   	1070  	1663  	2422  	3398  	4549  	5695  	6683  	7489  	8023  	8234  	8076  	7699  	7143  	6220  	5227  	4134  	3233  	2384  	1793  	1232  	860   	584   	357   	185   	94    	60    	33    	18    	8     	nan   
100000   	2    	6.869800e-03	1     	2     	4     	8     	16    	32    	62    	117   	206   	352   	606   	971   	1531  	2277  	3273  	4533  	5894  	7147  	8293  	9083  	9293  	8974  	8242  	7127  	5910  	4715  	3568  	2663  	1843  	1263  	829   	525   	322   	171   	82    	40    	16    	5     	3     	1     	nan   
100000   	3    	4.426300e-03	1     	2     	4     	8     	16    	32    	63    	121   	231   	401   	662   	1050  	1566  	2262  	3156  	4156  	5313  	6491  	7708  	8642  	9110  	9163  	8570  	7602  	6388  	5070  	3970  	2917  	2038  	1358  	830   	507   	303   	151   	83    	39    	13    	3     	nan   	nan   	nan   

