Criação das árvores ordenadas:
n_persons	index	time        
100000   	0    	5.314610e-02
100000   	1    	6.320890e-02
100000   	2    	5.423260e-02
100000   	3    	4.666990e-02

Procura de nós nas árvores:
n_persons	index	time        
100000   	0    	5.139960e-02
100000   	1    	5.982770e-02
100000   	2    	5.502770e-02
100000   	3    	5.072510e-02

Maior profundidade das árvores:
n_persons	index	time        	depth
100000   	0    	4.386100e-03	41   
100000   	1    	4.827700e-03	42   
100000   	2    	5.205700e-03	39   
100000   	3    	5.227700e-03	37   

Número de nós em cada nível:
n_persons	index	time        	lvl0  	lvl1  	lvl2  	lvl3  	lvl4  	lvl5  	lvl6  	lvl7  	lvl8  	lvl9  	lvl10 	lvl11 	lvl12 	lvl13 	lvl14 	lvl15 	lvl16 	lvl17 	lvl18 	lvl19 	lvl20 	lvl21 	lvl22 	lvl23 	lvl24 	lvl25 	lvl26 	lvl27 	lvl28 	lvl29 	lvl30 	lvl31 	lvl32 	lvl33 	lvl34 	lvl35 	lvl36 	lvl37 	lvl38 	lvl39 	lvl40 	lvl41 	lvl42 
100000   	0    	3.900600e-03	1     	2     	4     	8     	16    	32    	64    	124   	238   	447   	797   	1321  	2040  	2902  	3989  	5140  	6233  	7134  	7884  	8293  	8387  	8148  	7635  	6789  	5853  	4727  	3658  	2693  	1913  	1328  	859   	538   	326   	205   	131   	63    	34    	22    	11    	8     	2     	1     	nan   
100000   	1    	4.305600e-03	1     	2     	4     	8     	16    	32    	61    	121   	225   	399   	667   	1069  	1617  	2359  	3301  	4386  	5481  	6604  	7487  	8223  	8616  	8690  	8156  	7441  	6434  	5236  	4083  	3032  	2237  	1492  	1025  	636   	369   	223   	129   	67    	34    	18    	8     	6     	2     	2     	1     
100000   	2    	4.452400e-03	1     	2     	4     	8     	15    	28    	51    	96    	187   	335   	578   	989   	1596  	2386  	3394  	4518  	5704  	6794  	7663  	8269  	8527  	8334  	7767  	6917  	6042  	5017  	4033  	3108  	2359  	1724  	1234  	892   	590   	391   	225   	117   	66    	27    	9     	3     	nan   	nan   	nan   
100000   	3    	4.623200e-03	1     	2     	4     	8     	16    	32    	64    	128   	247   	459   	834   	1379  	2226  	3269  	4500  	5852  	6957  	7937  	8601  	8871  	8695  	7950  	7048  	6066  	5040  	3999  	3060  	2347  	1698  	1130  	729   	451   	215   	107   	49    	17    	8     	4     	nan   	nan   	nan   	nan   	nan   

