Criação das árvores ordenadas:
n_persons	index	time        
100000   	0    	5.369540e-02
100000   	1    	6.294320e-02
100000   	2    	5.852290e-02
100000   	3    	5.141650e-02

Procura de nós nas árvores:
n_persons	index	time        
100000   	0    	5.802610e-02
100000   	1    	6.390320e-02
100000   	2    	6.030990e-02
100000   	3    	5.068090e-02

Maior profundidade das árvores:
n_persons	index	time        	depth
100000   	0    	4.534700e-03	38   
100000   	1    	4.929600e-03	37   
100000   	2    	5.532500e-03	39   
100000   	3    	5.105900e-03	40   

Número de nós em cada nível:
n_persons	index	time        	lvl0  	lvl1  	lvl2  	lvl3  	lvl4  	lvl5  	lvl6  	lvl7  	lvl8  	lvl9  	lvl10 	lvl11 	lvl12 	lvl13 	lvl14 	lvl15 	lvl16 	lvl17 	lvl18 	lvl19 	lvl20 	lvl21 	lvl22 	lvl23 	lvl24 	lvl25 	lvl26 	lvl27 	lvl28 	lvl29 	lvl30 	lvl31 	lvl32 	lvl33 	lvl34 	lvl35 	lvl36 	lvl37 	lvl38 	lvl39 	lvl40 
100000   	0    	4.187200e-03	1     	2     	4     	8     	16    	32    	64    	126   	241   	439   	785   	1310  	2092  	3140  	4325  	5686  	7011  	8218  	9205  	9609  	9387  	8692  	7750  	6428  	4945  	3692  	2595  	1739  	1070  	612   	326   	174   	104   	75    	50    	25    	13    	4     	5     	nan   	nan   
100000   	1    	3.963500e-03	1     	2     	4     	8     	16    	31    	62    	119   	219   	395   	679   	1108  	1758  	2665  	3879  	5310  	6870  	8277  	9370  	9824  	9702  	8945  	7807  	6574  	5319  	3917  	2720  	1782  	1149  	665   	386   	212   	121   	72    	24    	5     	2     	1     	nan   	nan   	nan   
100000   	2    	4.489800e-03	1     	2     	4     	8     	16    	32    	63    	124   	228   	384   	617   	922   	1347  	1887  	2534  	3281  	4105  	5029  	6016  	6922  	7708  	8232  	8393  	8054  	7424  	6585  	5450  	4337  	3335  	2406  	1685  	1113  	746   	460   	256   	141   	84    	47    	18    	4     	nan   
100000   	3    	5.480200e-03	1     	2     	4     	8     	16    	32    	64    	122   	230   	424   	736   	1202  	1823  	2715  	3834  	5013  	6155  	7222  	8024  	8540  	8505  	8198  	7581  	6726  	5832  	4759  	3666  	2780  	1984  	1400  	893   	598   	368   	247   	137   	85    	43    	16    	8     	5     	2     

