Criação das árvores ordenadas:
n_persons	index	time        
100000   	0    	6.604890e-02
100000   	1    	6.578390e-02
100000   	2    	6.001610e-02
100000   	3    	4.806650e-02

Procura de nós nas árvores:
n_persons	index	time        
100000   	0    	5.741510e-02
100000   	1    	6.658680e-02
100000   	2    	5.975450e-02
100000   	3    	5.419410e-02

Maior profundidade das árvores:
n_persons	index	time        	depth
100000   	0    	5.352300e-03	40   
100000   	1    	5.001100e-03	37   
100000   	2    	5.116000e-03	42   
100000   	3    	5.132400e-03	39   

Número de nós em cada nível:
n_persons	index	time        	lvl0  	lvl1  	lvl2  	lvl3  	lvl4  	lvl5  	lvl6  	lvl7  	lvl8  	lvl9  	lvl10 	lvl11 	lvl12 	lvl13 	lvl14 	lvl15 	lvl16 	lvl17 	lvl18 	lvl19 	lvl20 	lvl21 	lvl22 	lvl23 	lvl24 	lvl25 	lvl26 	lvl27 	lvl28 	lvl29 	lvl30 	lvl31 	lvl32 	lvl33 	lvl34 	lvl35 	lvl36 	lvl37 	lvl38 	lvl39 	lvl40 	lvl41 	lvl42 
100000   	0    	5.122600e-03	1     	2     	4     	8     	16    	32    	64    	128   	247   	468   	820   	1384  	2099  	3087  	4345  	5778  	7206  	8404  	9290  	9704  	9381  	8554  	7493  	6177  	4866  	3579  	2465  	1633  	1103  	678   	423   	256   	126   	70    	41    	35    	17    	8     	6     	1     	1     	nan   	nan   
100000   	1    	5.660300e-03	1     	2     	4     	8     	16    	32    	63    	125   	242   	436   	769   	1285  	2022  	2982  	4085  	5272  	6508  	7663  	8483  	9057  	8904  	8445  	7654  	6692  	5450  	4309  	3234  	2298  	1556  	932   	604   	342   	241   	138   	82    	43    	16    	5     	nan   	nan   	nan   	nan   	nan   
100000   	2    	4.862800e-03	1     	2     	4     	8     	16    	32    	61    	117   	226   	400   	676   	1108  	1736  	2519  	3509  	4688  	5962  	7112  	8063  	8588  	8787  	8503  	7854  	6842  	5702  	4600  	3636  	2836  	2088  	1475  	1000  	678   	444   	294   	185   	114   	55    	32    	20    	13    	9     	4     	1     
100000   	3    	4.806000e-03	1     	2     	4     	8     	16    	32    	63    	121   	224   	412   	718   	1174  	1874  	2809  	3929  	5150  	6488  	7690  	8746  	9321  	9344  	8963  	8084  	6767  	5335  	4108  	2964  	2061  	1290  	865   	555   	351   	210   	134   	83    	54    	31    	15    	3     	1     	nan   	nan   	nan   

