Criação das árvores ordenadas:
n_persons	index	time        
100000   	0    	5.294580e-02
100000   	1    	6.710180e-02
100000   	2    	5.995900e-02
100000   	3    	4.848200e-02

Procura de nós nas árvores:
n_persons	index	time        
100000   	0    	5.545050e-02
100000   	1    	6.777870e-02
100000   	2    	5.628180e-02
100000   	3    	5.394720e-02

Maior profundidade das árvores:
n_persons	index	time        	depth
100000   	0    	4.483000e-03	43   
100000   	1    	4.410000e-03	38   
100000   	2    	4.953700e-03	40   
100000   	3    	5.360400e-03	41   

Número de nós em cada nível:
n_persons	index	time        	lvl0  	lvl1  	lvl2  	lvl3  	lvl4  	lvl5  	lvl6  	lvl7  	lvl8  	lvl9  	lvl10 	lvl11 	lvl12 	lvl13 	lvl14 	lvl15 	lvl16 	lvl17 	lvl18 	lvl19 	lvl20 	lvl21 	lvl22 	lvl23 	lvl24 	lvl25 	lvl26 	lvl27 	lvl28 	lvl29 	lvl30 	lvl31 	lvl32 	lvl33 	lvl34 	lvl35 	lvl36 	lvl37 	lvl38 	lvl39 	lvl40 	lvl41 	lvl42 	lvl43 
100000   	0    	3.937100e-03	1     	2     	4     	8     	15    	28    	53    	105   	196   	353   	598   	950   	1498  	2214  	3130  	4128  	5210  	6330  	7426  	8209  	8572  	8544  	8215  	7586  	6650  	5423  	4255  	3174  	2289  	1656  	1171  	777   	499   	308   	196   	101   	56    	27    	20    	9     	7     	3     	2     	2     
100000   	1    	3.935300e-03	1     	2     	4     	8     	16    	32    	60    	117   	213   	375   	649   	1070  	1651  	2423  	3335  	4374  	5466  	6608  	7669  	8498  	8707  	8611  	8144  	7375  	6343  	5140  	4128  	3132  	2255  	1511  	934   	535   	288   	169   	82    	40    	22    	9     	4     	nan   	nan   	nan   	nan   	nan   
100000   	2    	4.486500e-03	1     	2     	4     	8     	16    	32    	63    	124   	231   	422   	705   	1131  	1705  	2461  	3341  	4321  	5363  	6404  	7454  	8164  	8487  	8572  	8289  	7453  	6427  	5274  	4048  	3004  	2219  	1488  	1055  	729   	463   	250   	134   	83    	36    	19    	13    	4     	1     	nan   	nan   	nan   
100000   	3    	5.108600e-03	1     	2     	4     	8     	16    	32    	64    	125   	242   	445   	775   	1304  	2043  	2986  	4149  	5453  	6698  	7934  	8836  	9182  	9016  	8380  	7487  	6469  	5241  	3923  	2881  	2075  	1404  	913   	636   	416   	268   	183   	138   	104   	76    	45    	25    	15    	5     	1     	nan   	nan   

