Criação das árvores ordenadas:
n_persons	index	time        
100000   	0    	5.599670e-02
100000   	1    	6.638630e-02
100000   	2    	1.081577e-01
100000   	3    	6.267110e-02

Procura de nós nas árvores:
n_persons	index	time        
100000   	0    	5.409230e-02
100000   	1    	6.431870e-02
100000   	2    	5.675680e-02
100000   	3    	4.918440e-02

Maior profundidade das árvores:
n_persons	index	time        	depth
100000   	0    	4.505200e-03	40   
100000   	1    	4.280800e-03	39   
100000   	2    	4.752900e-03	43   
100000   	3    	4.728000e-03	37   

Número de nós em cada nível:
n_persons	index	time        	lvl0  	lvl1  	lvl2  	lvl3  	lvl4  	lvl5  	lvl6  	lvl7  	lvl8  	lvl9  	lvl10 	lvl11 	lvl12 	lvl13 	lvl14 	lvl15 	lvl16 	lvl17 	lvl18 	lvl19 	lvl20 	lvl21 	lvl22 	lvl23 	lvl24 	lvl25 	lvl26 	lvl27 	lvl28 	lvl29 	lvl30 	lvl31 	lvl32 	lvl33 	lvl34 	lvl35 	lvl36 	lvl37 	lvl38 	lvl39 	lvl40 	lvl41 	lvl42 	lvl43 
100000   	0    	4.257300e-03	1     	2     	4     	8     	16    	32    	61    	115   	206   	371   	610   	967   	1490  	2192  	3077  	4246  	5402  	6568  	7510  	8231  	8673  	8506  	8077  	7357  	6369  	5360  	4267  	3280  	2436  	1683  	1153  	761   	443   	249   	140   	74    	32    	16    	5     	6     	4     	nan   	nan   	nan   
100000   	1    	3.929800e-03	1     	2     	4     	8     	16    	32    	64    	126   	235   	425   	745   	1214  	1813  	2627  	3632  	4873  	6112  	7361  	8475  	9075  	8999  	8655  	7962  	7100  	5762  	4516  	3306  	2428  	1737  	1151  	693   	419   	231   	102   	51    	21    	12    	8     	5     	2     	nan   	nan   	nan   	nan   
100000   	2    	4.427100e-03	1     	2     	4     	8     	16    	31    	62    	121   	230   	425   	750   	1227  	1880  	2677  	3639  	4634  	5624  	6487  	7132  	7746  	7972  	8009  	7670  	7039  	6157  	5218  	4233  	3329  	2504  	1781  	1238  	788   	526   	340   	205   	128   	78    	42    	19    	13    	8     	5     	1     	1     
100000   	3    	4.291200e-03	1     	2     	4     	8     	16    	30    	60    	117   	223   	409   	711   	1206  	1907  	2855  	3994  	5251  	6513  	7649  	8756  	9318  	9274  	8976  	8044  	6836  	5604  	4219  	3073  	2059  	1294  	769   	417   	200   	100   	62    	25    	11    	5     	2     	nan   	nan   	nan   	nan   	nan   	nan   

