Criação das árvores ordenadas:
n_persons	index	time        
100000   	0    	5.961510e-02
100000   	1    	7.098280e-02
100000   	2    	6.232140e-02
100000   	3    	5.168370e-02

Procura de nós nas árvores:
n_persons	index	time        
100000   	0    	6.029760e-02
100000   	1    	6.733530e-02
100000   	2    	6.373610e-02
100000   	3    	5.898560e-02

Maior profundidade das árvores:
n_persons	index	time        	depth
100000   	0    	4.651000e-03	40   
100000   	1    	4.970200e-03	45   
100000   	2    	7.044800e-03	43   
100000   	3    	7.007000e-03	39   

Número de nós em cada nível:
n_persons	index	time        	lvl0  	lvl1  	lvl2  	lvl3  	lvl4  	lvl5  	lvl6  	lvl7  	lvl8  	lvl9  	lvl10 	lvl11 	lvl12 	lvl13 	lvl14 	lvl15 	lvl16 	lvl17 	lvl18 	lvl19 	lvl20 	lvl21 	lvl22 	lvl23 	lvl24 	lvl25 	lvl26 	lvl27 	lvl28 	lvl29 	lvl30 	lvl31 	lvl32 	lvl33 	lvl34 	lvl35 	lvl36 	lvl37 	lvl38 	lvl39 	lvl40 	lvl41 	lvl42 	lvl43 	lvl44 	lvl45 
100000   	0    	4.720000e-03	1     	2     	4     	8     	16    	32    	64    	127   	243   	447   	770   	1234  	1892  	2738  	3760  	4759  	5865  	6795  	7692  	8210  	8420  	8250  	7807  	6963  	5909  	4871  	3835  	2907  	2152  	1476  	1013  	694   	431   	279   	166   	91    	46    	18    	10    	2     	1     	nan   	nan   	nan   	nan   	nan   
100000   	1    	4.346700e-03	1     	2     	4     	8     	16    	31    	58    	106   	191   	325   	521   	816   	1238  	1807  	2503  	3494  	4524  	5664  	6681  	7654  	8163  	8415  	8169  	7599  	6816  	5997  	5012  	4052  	3131  	2360  	1615  	1093  	728   	463   	267   	169   	125   	77    	50    	29    	12    	8     	3     	1     	1     	1     
100000   	2    	4.617700e-03	1     	2     	4     	8     	16    	32    	64    	127   	231   	410   	686   	1102  	1682  	2456  	3460  	4520  	5626  	6622  	7448  	7964  	8232  	8190  	7686  	7068  	6229  	5223  	4251  	3268  	2445  	1755  	1160  	788   	509   	285   	185   	105   	60    	42    	30    	14    	7     	5     	1     	1     	nan   	nan   
100000   	3    	4.807000e-03	1     	2     	4     	8     	16    	32    	63    	123   	233   	419   	744   	1216  	1895  	2766  	3889  	5124  	6470  	7713  	8576  	9083  	9111  	8768  	7978  	6785  	5408  	4192  	3062  	2128  	1466  	951   	652   	452   	285   	174   	102   	54    	30    	14    	7     	4     	nan   	nan   	nan   	nan   	nan   	nan   

