Criação das árvores ordenadas:
n_persons	index	time        
100000   	0    	5.421980e-02
100000   	1    	6.859530e-02
100000   	2    	5.655410e-02
100000   	3    	4.822580e-02

Procura de nós nas árvores:
n_persons	index	time        
100000   	0    	5.449570e-02
100000   	1    	6.433480e-02
100000   	2    	5.763100e-02
100000   	3    	5.124440e-02

Maior profundidade das árvores:
n_persons	index	time        	depth
100000   	0    	4.284100e-03	35   
100000   	1    	4.419000e-03	41   
100000   	2    	5.260300e-03	38   
100000   	3    	4.702700e-03	41   

Número de nós em cada nível:
n_persons	index	time        	lvl0  	lvl1  	lvl2  	lvl3  	lvl4  	lvl5  	lvl6  	lvl7  	lvl8  	lvl9  	lvl10 	lvl11 	lvl12 	lvl13 	lvl14 	lvl15 	lvl16 	lvl17 	lvl18 	lvl19 	lvl20 	lvl21 	lvl22 	lvl23 	lvl24 	lvl25 	lvl26 	lvl27 	lvl28 	lvl29 	lvl30 	lvl31 	lvl32 	lvl33 	lvl34 	lvl35 	lvl36 	lvl37 	lvl38 	lvl39 	lvl40 	lvl41 
100000   	0    	4.039000e-03	1     	2     	4     	8     	15    	30    	60    	120   	224   	423   	723   	1184  	1867  	2776  	3873  	5129  	6431  	7678  	8636  	9194  	9340  	8915  	8147  	6915  	5590  	4327  	3071  	2142  	1384  	862   	468   	241   	124   	61    	27    	8     	nan   	nan   	nan   	nan   	nan   	nan   
100000   	1    	3.866100e-03	1     	2     	4     	8     	15    	30    	60    	113   	218   	398   	687   	1107  	1714  	2512  	3499  	4659  	5931  	7059  	7971  	8662  	8869  	8578  	7866  	6904  	5880  	4841  	3816  	2746  	2004  	1439  	979   	612   	360   	206   	113   	56    	38    	19    	9     	7     	7     	1     
100000   	2    	4.663500e-03	1     	2     	4     	8     	16    	32    	62    	117   	215   	388   	667   	1107  	1747  	2602  	3722  	5054  	6472  	7716  	8706  	9113  	9154  	8816  	7936  	6774  	5552  	4206  	3179  	2363  	1646  	1035  	632   	388   	255   	144   	74    	46    	29    	13    	7     	nan   	nan   	nan   
100000   	3    	4.242300e-03	1     	2     	4     	8     	16    	30    	60    	113   	207   	375   	644   	1037  	1633  	2391  	3319  	4423  	5589  	6609  	7452  	7992  	8154  	8003  	7547  	6832  	5979  	5171  	4326  	3410  	2626  	1944  	1419  	1049  	717   	417   	243   	126   	64    	34    	17    	12    	3     	2     

