Criação das árvores ordenadas:
n_persons	index	time        
100000   	0    	5.384740e-02
100000   	1    	6.784590e-02
100000   	2    	5.817510e-02
100000   	3    	5.055070e-02

Procura de nós nas árvores:
n_persons	index	time        
100000   	0    	5.326860e-02
100000   	1    	6.181380e-02
100000   	2    	5.803040e-02
100000   	3    	5.092620e-02

Maior profundidade das árvores:
n_persons	index	time        	depth
100000   	0    	5.001300e-03	41   
100000   	1    	5.071900e-03	41   
100000   	2    	5.450000e-03	40   
100000   	3    	5.389700e-03	42   

Número de nós em cada nível:
n_persons	index	time        	lvl0  	lvl1  	lvl2  	lvl3  	lvl4  	lvl5  	lvl6  	lvl7  	lvl8  	lvl9  	lvl10 	lvl11 	lvl12 	lvl13 	lvl14 	lvl15 	lvl16 	lvl17 	lvl18 	lvl19 	lvl20 	lvl21 	lvl22 	lvl23 	lvl24 	lvl25 	lvl26 	lvl27 	lvl28 	lvl29 	lvl30 	lvl31 	lvl32 	lvl33 	lvl34 	lvl35 	lvl36 	lvl37 	lvl38 	lvl39 	lvl40 	lvl41 	lvl42 
100000   	0    	4.200900e-03	1     	2     	4     	8     	16    	32    	63    	125   	234   	439   	759   	1251  	1939  	2878  	3949  	5105  	6299  	7359  	8216  	8878  	8986  	8666  	7773  	6608  	5406  	4265  	3329  	2484  	1693  	1117  	724   	511   	363   	216   	135   	85    	46    	22    	11    	1     	1     	1     	nan   
100000   	1    	4.084600e-03	1     	2     	4     	8     	16    	30    	56    	95    	150   	247   	392   	607   	937   	1447  	2160  	3096  	4264  	5630  	6978  	8212  	9037  	9457  	9263  	8500  	7325  	6081  	4835  	3711  	2670  	1824  	1211  	736   	455   	280   	144   	74    	41    	13    	5     	3     	2     	1     	nan   
100000   	2    	4.766900e-03	1     	2     	4     	8     	16    	32    	64    	124   	231   	422   	735   	1213  	1847  	2714  	3647  	4592  	5530  	6090  	6503  	6747  	6828  	6708  	6455  	6266  	5862  	5478  	5037  	4246  	3544  	2846  	2160  	1567  	1055  	659   	369   	211   	100   	59    	19    	7     	2     	nan   	nan   
100000   	3    	4.784700e-03	1     	2     	4     	8     	16    	32    	62    	115   	207   	367   	615   	1028  	1602  	2364  	3328  	4415  	5554  	6677  	7580  	8192  	8457  	8219  	7736  	7068  	6136  	5083  	4098  	3231  	2556  	1912  	1348  	845   	504   	308   	166   	87    	44    	18    	6     	3     	2     	3     	1     

