Criação das árvores ordenadas:
n_persons	index	time        
100000   	0    	5.195780e-02
100000   	1    	6.916240e-02
100000   	2    	5.365860e-02
100000   	3    	5.451470e-02

Procura de nós nas árvores:
n_persons	index	time        
100000   	0    	5.420570e-02
100000   	1    	6.368310e-02
100000   	2    	5.500740e-02
100000   	3    	5.172160e-02

Maior profundidade das árvores:
n_persons	index	time        	depth
100000   	0    	5.359600e-03	45   
100000   	1    	5.380600e-03	41   
100000   	2    	5.572400e-03	38   
100000   	3    	5.517900e-03	43   

Número de nós em cada nível:
n_persons	index	time        	lvl0  	lvl1  	lvl2  	lvl3  	lvl4  	lvl5  	lvl6  	lvl7  	lvl8  	lvl9  	lvl10 	lvl11 	lvl12 	lvl13 	lvl14 	lvl15 	lvl16 	lvl17 	lvl18 	lvl19 	lvl20 	lvl21 	lvl22 	lvl23 	lvl24 	lvl25 	lvl26 	lvl27 	lvl28 	lvl29 	lvl30 	lvl31 	lvl32 	lvl33 	lvl34 	lvl35 	lvl36 	lvl37 	lvl38 	lvl39 	lvl40 	lvl41 	lvl42 	lvl43 	lvl44 	lvl45 
100000   	0    	4.348600e-03	1     	2     	4     	8     	16    	30    	55    	101   	184   	317   	545   	896   	1409  	2021  	2804  	3632  	4647  	5652  	6478  	7258  	7805  	7952  	8007  	7583  	6909  	6142  	5189  	4254  	3233  	2381  	1658  	1107  	711   	425   	252   	142   	84    	47    	25    	16    	9     	3     	3     	1     	1     	1     
100000   	1    	4.080500e-03	1     	2     	4     	8     	16    	32    	60    	114   	217   	392   	682   	1106  	1720  	2491  	3330  	4313  	5134  	5945  	6652  	7180  	7529  	7627  	7566  	7114  	6509  	5634  	4792  	3849  	2989  	2207  	1532  	1110  	756   	533   	381   	233   	134   	63    	30    	11    	1     	1     	nan   	nan   	nan   	nan   
100000   	2    	4.291400e-03	1     	2     	4     	8     	16    	32    	64    	127   	232   	418   	700   	1115  	1732  	2523  	3572  	4782  	6118  	7443  	8453  	9211  	9512  	9242  	8346  	7102  	5742  	4374  	3181  	2273  	1498  	928   	566   	309   	169   	106   	50    	20    	15    	10    	4     	nan   	nan   	nan   	nan   	nan   	nan   	nan   
100000   	3    	4.597500e-03	1     	2     	4     	8     	15    	28    	52    	98    	172   	278   	447   	729   	1181  	1870  	2817  	3989  	5263  	6599  	7695  	8510  	8799  	8730  	8176  	7443  	6430  	5252  	4343  	3247  	2407  	1755  	1250  	824   	580   	378   	235   	148   	96    	63    	39    	21    	13    	8     	4     	1     	nan   	nan   

