Criação das árvores ordenadas:
n_persons	index	time        
100000   	0    	5.130000e-02
100000   	1    	6.273530e-02
100000   	2    	5.845220e-02
100000   	3    	4.785710e-02

Procura de nós nas árvores:
n_persons	index	time        
100000   	0    	5.639760e-02
100000   	1    	6.082450e-02
100000   	2    	1.075269e-01
100000   	3    	8.195220e-02

Maior profundidade das árvores:
n_persons	index	time        	depth
100000   	0    	5.491900e-03	38   
100000   	1    	5.215300e-03	40   
100000   	2    	5.620600e-03	39   
100000   	3    	5.114000e-03	39   

Número de nós em cada nível:
n_persons	index	time        	lvl0  	lvl1  	lvl2  	lvl3  	lvl4  	lvl5  	lvl6  	lvl7  	lvl8  	lvl9  	lvl10 	lvl11 	lvl12 	lvl13 	lvl14 	lvl15 	lvl16 	lvl17 	lvl18 	lvl19 	lvl20 	lvl21 	lvl22 	lvl23 	lvl24 	lvl25 	lvl26 	lvl27 	lvl28 	lvl29 	lvl30 	lvl31 	lvl32 	lvl33 	lvl34 	lvl35 	lvl36 	lvl37 	lvl38 	lvl39 	lvl40 
100000   	0    	3.931200e-03	1     	2     	4     	8     	16    	32    	63    	122   	232   	406   	668   	1012  	1494  	2189  	3057  	4047  	5226  	6449  	7602  	8358  	8767  	8703  	8131  	7391  	6427  	5288  	4221  	3157  	2336  	1734  	1167  	736   	424   	245   	148   	81    	37    	14    	5     	nan   	nan   
100000   	1    	4.612500e-03	1     	2     	4     	8     	16    	31    	62    	121   	235   	443   	786   	1314  	2079  	3108  	4397  	5767  	7053  	8138  	8903  	9137  	8978  	8365  	7419  	6329  	5058  	3878  	2831  	2076  	1394  	857   	517   	303   	168   	102   	55    	29    	19    	8     	5     	3     	1     
100000   	2    	5.021300e-03	1     	2     	4     	8     	16    	31    	59    	115   	224   	409   	726   	1226  	1941  	2860  	3974  	5178  	6438  	7473  	8442  	9004  	8958  	8515  	7654  	6607  	5488  	4378  	3349  	2439  	1672  	1122  	705   	407   	258   	151   	88    	37    	23    	13    	4     	1     	nan   
100000   	3    	5.313600e-03	1     	2     	4     	8     	16    	32    	64    	127   	250   	472   	860   	1455  	2343  	3548  	4945  	6456  	7866  	9014  	9732  	9963  	9526  	8525  	7000  	5545  	4145  	2895  	2047  	1334  	807   	477   	271   	142   	67    	30    	16    	7     	3     	3     	1     	1     	nan   

