Criação das árvores ordenadas:
n_persons	index	time        
100000   	0    	6.312690e-02
100000   	1    	7.070150e-02
100000   	2    	6.307460e-02
100000   	3    	5.128180e-02

Procura de nós nas árvores:
n_persons	index	time        
100000   	0    	5.714520e-02
100000   	1    	7.002290e-02
100000   	2    	6.019000e-02
100000   	3    	5.033680e-02

Maior profundidade das árvores:
n_persons	index	time        	depth
100000   	0    	4.676700e-03	35   
100000   	1    	4.569000e-03	40   
100000   	2    	5.783400e-03	39   
100000   	3    	4.998700e-03	39   

Número de nós em cada nível:
n_persons	index	time        	lvl0  	lvl1  	lvl2  	lvl3  	lvl4  	lvl5  	lvl6  	lvl7  	lvl8  	lvl9  	lvl10 	lvl11 	lvl12 	lvl13 	lvl14 	lvl15 	lvl16 	lvl17 	lvl18 	lvl19 	lvl20 	lvl21 	lvl22 	lvl23 	lvl24 	lvl25 	lvl26 	lvl27 	lvl28 	lvl29 	lvl30 	lvl31 	lvl32 	lvl33 	lvl34 	lvl35 	lvl36 	lvl37 	lvl38 	lvl39 	lvl40 
100000   	0    	3.918200e-03	1     	2     	4     	8     	16    	32    	64    	122   	233   	432   	762   	1304  	2073  	3120  	4474  	6034  	7564  	8834  	9691  	9902  	9486  	8614  	7380  	5990  	4646  	3338  	2288  	1467  	934   	585   	306   	168   	72    	36    	14    	4     	nan   	nan   	nan   	nan   	nan   
100000   	1    	3.881700e-03	1     	2     	4     	8     	16    	32    	63    	123   	231   	426   	767   	1268  	1973  	2867  	3974  	5157  	6438  	7549  	8417  	8798  	8951  	8630  	7802  	6863  	5586  	4419  	3358  	2409  	1588  	1016  	570   	302   	170   	103   	58    	28    	12    	8     	6     	4     	3     
100000   	2    	5.300900e-03	1     	2     	4     	8     	16    	32    	64    	123   	221   	406   	696   	1174  	1860  	2754  	3877  	5115  	6362  	7459  	8295  	8817  	8859  	8472  	7692  	6708  	5590  	4388  	3375  	2496  	1803  	1219  	820   	522   	336   	198   	115   	61    	36    	19    	4     	1     	nan   
100000   	3    	4.653900e-03	1     	2     	4     	8     	16    	31    	62    	123   	234   	415   	725   	1212  	1927  	2837  	3971  	5324  	6681  	7734  	8701  	9191  	9308  	8843  	7946  	6744  	5400  	3988  	3011  	2161  	1422  	882   	497   	294   	147   	74    	37    	26    	12    	4     	2     	3     	nan   

