Criação das árvores ordenadas:
n_persons	index	time        
100000   	0    	5.146650e-02
100000   	1    	1.074350e-01
100000   	2    	7.952530e-02
100000   	3    	4.939000e-02

Procura de nós nas árvores:
n_persons	index	time        
100000   	0    	5.497820e-02
100000   	1    	6.650380e-02
100000   	2    	5.926240e-02
100000   	3    	4.913750e-02

Maior profundidade das árvores:
n_persons	index	time        	depth
100000   	0    	4.301500e-03	39   
100000   	1    	4.387300e-03	38   
100000   	2    	5.203900e-03	43   
100000   	3    	4.838600e-03	38   

Número de nós em cada nível:
n_persons	index	time        	lvl0  	lvl1  	lvl2  	lvl3  	lvl4  	lvl5  	lvl6  	lvl7  	lvl8  	lvl9  	lvl10 	lvl11 	lvl12 	lvl13 	lvl14 	lvl15 	lvl16 	lvl17 	lvl18 	lvl19 	lvl20 	lvl21 	lvl22 	lvl23 	lvl24 	lvl25 	lvl26 	lvl27 	lvl28 	lvl29 	lvl30 	lvl31 	lvl32 	lvl33 	lvl34 	lvl35 	lvl36 	lvl37 	lvl38 	lvl39 	lvl40 	lvl41 	lvl42 	lvl43 
100000   	0    	3.934800e-03	1     	2     	4     	8     	16    	32    	64    	122   	228   	416   	724   	1220  	1886  	2787  	3911  	5257  	6619  	7766  	8689  	9159  	9137  	8585  	7672  	6610  	5391  	4210  	3111  	2237  	1495  	1024  	660   	427   	248   	138   	74    	35    	21    	7     	6     	1     	nan   	nan   	nan   	nan   
100000   	1    	3.905900e-03	1     	2     	4     	8     	16    	32    	61    	118   	218   	385   	629   	1030  	1599  	2417  	3424  	4546  	5700  	6856  	7770  	8262  	8465  	8388  	7913  	7233  	6252  	5152  	4049  	3133  	2302  	1551  	1040  	672   	350   	214   	99    	61    	31    	14    	3     	nan   	nan   	nan   	nan   	nan   
100000   	2    	4.383300e-03	1     	2     	4     	8     	16    	32    	62    	119   	220   	388   	664   	1053  	1569  	2145  	2797  	3455  	3996  	4529  	4941  	5303  	5595  	5762  	5947  	6018  	6046  	5949  	5693  	5249  	4794  	4186  	3435  	2756  	2112  	1645  	1232  	871   	596   	370   	221   	136   	54    	21    	5     	3     
100000   	3    	4.249700e-03	1     	2     	4     	8     	16    	32    	63    	124   	229   	401   	654   	1040  	1615  	2393  	3365  	4485  	5732  	6995  	8085  	8908  	9310  	9218  	8578  	7484  	6098  	4736  	3563  	2523  	1708  	1086  	657   	377   	235   	142   	75    	31    	17    	7     	3     	nan   	nan   	nan   	nan   	nan   

