Criação das árvores ordenadas:
n_persons	index	time        
100000   	0    	5.258260e-02
100000   	1    	6.628220e-02
100000   	2    	5.716500e-02
100000   	3    	4.943880e-02

Procura de nós nas árvores:
n_persons	index	time        
100000   	0    	5.775530e-02
100000   	1    	7.101210e-02
100000   	2    	6.108020e-02
100000   	3    	5.361810e-02

Maior profundidade das árvores:
n_persons	index	time        	depth
100000   	0    	4.489700e-03	39   
100000   	1    	4.232000e-03	39   
100000   	2    	4.956100e-03	38   
100000   	3    	4.988700e-03	39   

Número de nós em cada nível:
n_persons	index	time        	lvl0  	lvl1  	lvl2  	lvl3  	lvl4  	lvl5  	lvl6  	lvl7  	lvl8  	lvl9  	lvl10 	lvl11 	lvl12 	lvl13 	lvl14 	lvl15 	lvl16 	lvl17 	lvl18 	lvl19 	lvl20 	lvl21 	lvl22 	lvl23 	lvl24 	lvl25 	lvl26 	lvl27 	lvl28 	lvl29 	lvl30 	lvl31 	lvl32 	lvl33 	lvl34 	lvl35 	lvl36 	lvl37 	lvl38 	lvl39 
100000   	0    	3.956000e-03	1     	2     	4     	8     	16    	31    	61    	118   	216   	372   	629   	1037  	1614  	2313  	3240  	4284  	5391  	6556  	7691  	8475  	8843  	8697  	8249  	7489  	6510  	5261  	4060  	3066  	2087  	1376  	922   	580   	361   	215   	112   	61    	32    	12    	5     	3     
100000   	1    	4.483800e-03	1     	2     	4     	8     	16    	32    	64    	121   	233   	429   	732   	1188  	1821  	2632  	3618  	4763  	5905  	6945  	7713  	8273  	8423  	8295  	7742  	6893  	5807  	4803  	3898  	2986  	2162  	1539  	1094  	777   	478   	273   	163   	91    	42    	19    	11    	4     
100000   	2    	4.463800e-03	1     	2     	4     	8     	16    	32    	64    	120   	221   	407   	713   	1194  	1876  	2764  	3895  	5131  	6331  	7481  	8271  	8724  	8698  	8321  	7651  	6649  	5575  	4447  	3405  	2614  	1879  	1280  	896   	568   	348   	205   	110   	61    	26    	9     	3     	nan   
100000   	3    	4.730100e-03	1     	2     	4     	8     	16    	32    	62    	118   	213   	377   	647   	1033  	1511  	2139  	2917  	3691  	4617  	5616  	6617  	7519  	8233  	8605  	8487  	8068  	7235  	6175  	5007  	3718  	2715  	1763  	1163  	744   	426   	225   	141   	74    	46    	23    	9     	3     

