Criação das árvores ordenadas:
n_persons	index	time        
100000   	0    	5.019870e-02
100000   	1    	6.327710e-02
100000   	2    	5.476870e-02
100000   	3    	4.811640e-02

Procura de nós nas árvores:
n_persons	index	time        
100000   	0    	5.514590e-02
100000   	1    	7.038650e-02
100000   	2    	5.818440e-02
100000   	3    	5.219380e-02

Maior profundidade das árvores:
n_persons	index	time        	depth
100000   	0    	4.952400e-03	39   
100000   	1    	5.813800e-03	41   
100000   	2    	4.969700e-03	37   
100000   	3    	5.058200e-03	46   

Número de nós em cada nível:
n_persons	index	time        	lvl0  	lvl1  	lvl2  	lvl3  	lvl4  	lvl5  	lvl6  	lvl7  	lvl8  	lvl9  	lvl10 	lvl11 	lvl12 	lvl13 	lvl14 	lvl15 	lvl16 	lvl17 	lvl18 	lvl19 	lvl20 	lvl21 	lvl22 	lvl23 	lvl24 	lvl25 	lvl26 	lvl27 	lvl28 	lvl29 	lvl30 	lvl31 	lvl32 	lvl33 	lvl34 	lvl35 	lvl36 	lvl37 	lvl38 	lvl39 	lvl40 	lvl41 	lvl42 	lvl43 	lvl44 	lvl45 	lvl46 
100000   	0    	3.894900e-03	1     	2     	4     	8     	16    	32    	64    	124   	232   	444   	784   	1321  	2073  	3074  	4226  	5400  	6598  	7581  	8405  	8924  	8942  	8645  	8026  	6914  	5699  	4275  	3042  	2050  	1319  	839   	459   	227   	118   	61    	31    	13    	10    	9     	6     	2     	nan   	nan   	nan   	nan   	nan   	nan   	nan   
100000   	1    	3.872200e-03	1     	2     	4     	8     	16    	24    	44    	72    	125   	214   	368   	602   	975   	1526  	2253  	3124  	4121  	5084  	6087  	6968  	7512  	7793  	7678  	7435  	6969  	6304  	5598  	4870  	3916  	3057  	2352  	1758  	1258  	791   	497   	291   	163   	83    	33    	13    	10    	1     	nan   	nan   	nan   	nan   	nan   
100000   	2    	4.429100e-03	1     	2     	4     	8     	16    	32    	63    	125   	237   	433   	775   	1288  	2040  	3060  	4233  	5647  	7091  	8219  	9094  	9436  	9161  	8433  	7440  	6167  	4764  	3680  	2757  	2026  	1396  	929   	628   	377   	230   	109   	60    	26    	11    	2     	nan   	nan   	nan   	nan   	nan   	nan   	nan   	nan   	nan   
100000   	3    	4.426000e-03	1     	2     	4     	8     	16    	32    	64    	121   	226   	386   	630   	1019  	1568  	2312  	3195  	4169  	5236  	6371  	7332  	7882  	8267  	8160  	7849  	7175  	6294  	5271  	4357  	3447  	2621  	2058  	1435  	908   	598   	378   	215   	147   	98    	61    	41    	23    	11    	4     	3     	2     	1     	1     	1     

