Criação das árvores ordenadas:
n_persons	index	time        
100000   	0    	5.383050e-02
100000   	1    	6.170250e-02
100000   	2    	5.700990e-02
100000   	3    	5.046430e-02

Procura de nós nas árvores:
n_persons	index	time        
100000   	0    	6.076600e-02
100000   	1    	7.255990e-02
100000   	2    	5.675960e-02
100000   	3    	5.282890e-02

Maior profundidade das árvores:
n_persons	index	time        	depth
100000   	0    	4.322200e-03	39   
100000   	1    	4.833400e-03	38   
100000   	2    	4.875500e-03	39   
100000   	3    	4.942600e-03	41   

Número de nós em cada nível:
n_persons	index	time        	lvl0  	lvl1  	lvl2  	lvl3  	lvl4  	lvl5  	lvl6  	lvl7  	lvl8  	lvl9  	lvl10 	lvl11 	lvl12 	lvl13 	lvl14 	lvl15 	lvl16 	lvl17 	lvl18 	lvl19 	lvl20 	lvl21 	lvl22 	lvl23 	lvl24 	lvl25 	lvl26 	lvl27 	lvl28 	lvl29 	lvl30 	lvl31 	lvl32 	lvl33 	lvl34 	lvl35 	lvl36 	lvl37 	lvl38 	lvl39 	lvl40 	lvl41 
100000   	0    	4.173300e-03	1     	2     	4     	8     	16    	32    	57    	108   	207   	353   	591   	941   	1422  	2039  	2844  	3648  	4596  	5541  	6432  	7116  	7545  	7732  	7634  	7330  	6803  	6173  	5416  	4483  	3419  	2494  	1811  	1245  	838   	497   	297   	154   	86    	46    	28    	11    	nan   	nan   
100000   	1    	4.285400e-03	1     	2     	4     	8     	16    	32    	64    	125   	242   	458   	837   	1451  	2334  	3480  	4847  	6302  	7622  	8665  	9255  	9326  	8906  	8151  	7046  	5819  	4610  	3469  	2479  	1646  	1123  	756   	435   	249   	117   	61    	31    	17    	10    	3     	1     	nan   	nan   	nan   
100000   	2    	4.613100e-03	1     	2     	4     	8     	16    	32    	60    	108   	194   	353   	612   	1001  	1565  	2337  	3273  	4327  	5581  	6764  	7837  	8638  	9035  	9038  	8547  	7554  	6384  	5118  	3851  	2738  	1874  	1210  	781   	482   	288   	158   	95    	61    	39    	22    	11    	1     	nan   	nan   
100000   	3    	4.409000e-03	1     	2     	4     	8     	16    	32    	62    	121   	226   	395   	670   	1098  	1686  	2428  	3402  	4481  	5642  	6698  	7526  	8100  	8253  	8136  	7544  	6789  	5905  	4949  	4028  	3217  	2456  	1853  	1404  	1000  	709   	488   	302   	188   	100   	41    	22    	9     	6     	3     

