Criação das árvores ordenadas:
n_persons	index	time        
100000   	0    	5.214560e-02
100000   	1    	6.447060e-02
100000   	2    	5.365240e-02
100000   	3    	4.566900e-02

Procura de nós nas árvores:
n_persons	index	time        
100000   	0    	5.333340e-02
100000   	1    	6.360910e-02
100000   	2    	6.104860e-02
100000   	3    	4.795440e-02

Maior profundidade das árvores:
n_persons	index	time        	depth
100000   	0    	4.766100e-03	39   
100000   	1    	4.596900e-03	41   
100000   	2    	5.236300e-03	39   
100000   	3    	5.533100e-03	44   

Número de nós em cada nível:
n_persons	index	time        	lvl0  	lvl1  	lvl2  	lvl3  	lvl4  	lvl5  	lvl6  	lvl7  	lvl8  	lvl9  	lvl10 	lvl11 	lvl12 	lvl13 	lvl14 	lvl15 	lvl16 	lvl17 	lvl18 	lvl19 	lvl20 	lvl21 	lvl22 	lvl23 	lvl24 	lvl25 	lvl26 	lvl27 	lvl28 	lvl29 	lvl30 	lvl31 	lvl32 	lvl33 	lvl34 	lvl35 	lvl36 	lvl37 	lvl38 	lvl39 	lvl40 	lvl41 	lvl42 	lvl43 	lvl44 
100000   	0    	4.256500e-03	1     	2     	4     	8     	15    	28    	53    	96    	182   	318   	553   	907   	1467  	2249  	3153  	4245  	5474  	6647  	7847  	8628  	9072  	9056  	8497  	7610  	6495  	5253  	4066  	2963  	2054  	1365  	815   	451   	225   	106   	52    	22    	8     	7     	4     	2     	nan   	nan   	nan   	nan   	nan   
100000   	1    	3.912300e-03	1     	2     	4     	8     	16    	32    	62    	114   	216   	380   	650   	1034  	1604  	2426  	3478  	4664  	6016  	7320  	8413  	9053  	9299  	8948  	8130  	7107  	5836  	4590  	3471  	2556  	1766  	1132  	744   	460   	246   	117   	66    	24    	6     	4     	2     	1     	1     	1     	nan   	nan   	nan   
100000   	2    	4.809100e-03	1     	2     	4     	8     	16    	31    	60    	115   	203   	350   	604   	972   	1531  	2337  	3282  	4479  	5789  	7097  	8226  	9162  	9339  	9085  	8314  	7176  	5975  	4807  	3540  	2577  	1827  	1219  	750   	449   	278   	177   	94    	66    	32    	17    	7     	2     	nan   	nan   	nan   	nan   	nan   
100000   	3    	4.871100e-03	1     	2     	4     	8     	16    	32    	62    	118   	225   	415   	713   	1177  	1834  	2719  	3736  	4870  	6083  	7170  	8111  	8724  	8740  	8468  	7880  	6939  	5865  	4663  	3561  	2671  	1868  	1206  	794   	536   	301   	194   	108   	67    	43    	35    	20    	12    	4     	2     	1     	1     	1     

