Criação das árvores ordenadas:
n_persons	index	time        
100000   	0    	5.166720e-02
100000   	1    	7.210530e-02
100000   	2    	6.788390e-02
100000   	3    	5.723720e-02

Procura de nós nas árvores:
n_persons	index	time        
100000   	0    	7.726270e-02
100000   	1    	9.157560e-02
100000   	2    	7.206050e-02
100000   	3    	6.667050e-02

Maior profundidade das árvores:
n_persons	index	time        	depth
100000   	0    	5.402900e-03	42   
100000   	1    	5.571100e-03	40   
100000   	2    	5.309200e-03	43   
100000   	3    	5.516300e-03	40   

Número de nós em cada nível:
n_persons	index	time        	lvl0  	lvl1  	lvl2  	lvl3  	lvl4  	lvl5  	lvl6  	lvl7  	lvl8  	lvl9  	lvl10 	lvl11 	lvl12 	lvl13 	lvl14 	lvl15 	lvl16 	lvl17 	lvl18 	lvl19 	lvl20 	lvl21 	lvl22 	lvl23 	lvl24 	lvl25 	lvl26 	lvl27 	lvl28 	lvl29 	lvl30 	lvl31 	lvl32 	lvl33 	lvl34 	lvl35 	lvl36 	lvl37 	lvl38 	lvl39 	lvl40 	lvl41 	lvl42 	lvl43 
100000   	0    	4.321800e-03	1     	2     	4     	8     	16    	32    	63    	123   	234   	416   	701   	1138  	1745  	2525  	3529  	4639  	5782  	6924  	7749  	8210  	8422  	8285  	7781  	6942  	5893  	4819  	3764  	2990  	2326  	1626  	1103  	771   	506   	348   	244   	150   	95    	49    	24    	13    	5     	2     	1     	nan   
100000   	1    	4.127000e-03	1     	2     	4     	8     	16    	31    	59    	109   	200   	363   	600   	986   	1525  	2256  	3169  	4246  	5406  	6480  	7367  	8119  	8547  	8515  	8054  	7364  	6435  	5294  	4295  	3352  	2474  	1718  	1186  	748   	475   	259   	168   	93    	45    	17    	8     	4     	2     	nan   	nan   	nan   
100000   	2    	5.140300e-03	1     	2     	4     	8     	16    	32    	61    	116   	207   	358   	618   	1007  	1577  	2282  	3181  	4201  	5233  	6219  	7047  	7673  	7906  	7835  	7513  	6922  	6211  	5362  	4525  	3738  	2932  	2209  	1571  	1124  	804   	544   	345   	246   	174   	92    	53    	27    	12    	7     	4     	1     
100000   	3    	4.897700e-03	1     	2     	4     	8     	16    	32    	60    	111   	198   	357   	604   	1001  	1586  	2349  	3328  	4425  	5500  	6467  	7456  	8176  	8473  	8506  	8218  	7430  	6334  	5231  	4115  	3144  	2317  	1621  	1125  	751   	469   	269   	135   	82    	51    	29    	10    	6     	3     	nan   	nan   	nan   

