Criação das árvores ordenadas:
n_persons	index	time        
100000   	0    	5.260130e-02
100000   	1    	6.659960e-02
100000   	2    	5.687240e-02
100000   	3    	4.870110e-02

Procura de nós nas árvores:
n_persons	index	time        
100000   	0    	5.411570e-02
100000   	1    	6.551460e-02
100000   	2    	5.926960e-02
100000   	3    	5.032210e-02

Maior profundidade das árvores:
n_persons	index	time        	depth
100000   	0    	4.412500e-03	39   
100000   	1    	4.302200e-03	40   
100000   	2    	5.271600e-03	42   
100000   	3    	4.925500e-03	41   

Número de nós em cada nível:
n_persons	index	time        	lvl0  	lvl1  	lvl2  	lvl3  	lvl4  	lvl5  	lvl6  	lvl7  	lvl8  	lvl9  	lvl10 	lvl11 	lvl12 	lvl13 	lvl14 	lvl15 	lvl16 	lvl17 	lvl18 	lvl19 	lvl20 	lvl21 	lvl22 	lvl23 	lvl24 	lvl25 	lvl26 	lvl27 	lvl28 	lvl29 	lvl30 	lvl31 	lvl32 	lvl33 	lvl34 	lvl35 	lvl36 	lvl37 	lvl38 	lvl39 	lvl40 	lvl41 	lvl42 
100000   	0    	3.986400e-03	1     	2     	4     	8     	16    	32    	64    	121   	231   	424   	740   	1228  	1908  	2806  	4000  	5227  	6543  	7801  	8593  	8903  	8848  	8467  	7802  	6821  	5593  	4398  	3240  	2287  	1531  	980   	580   	356   	212   	125   	67    	27    	9     	2     	2     	1     	nan   	nan   	nan   
100000   	1    	4.123700e-03	1     	2     	4     	8     	16    	32    	63    	115   	215   	388   	676   	1101  	1743  	2640  	3726  	4967  	6267  	7417  	8210  	8675  	8810  	8430  	7583  	6544  	5291  	4276  	3403  	2668  	1991  	1501  	1090  	762   	510   	352   	241   	144   	78    	35    	18    	6     	1     	nan   	nan   
100000   	2    	4.975100e-03	1     	2     	4     	8     	16    	32    	64    	124   	237   	430   	756   	1230  	1907  	2740  	3846  	5022  	6130  	7086  	7901  	8367  	8525  	8227  	7569  	6771  	5762  	4687  	3662  	2754  	2032  	1438  	1017  	678   	409   	241   	120   	76    	48    	31    	22    	12    	7     	6     	3     
100000   	3    	4.872400e-03	1     	2     	4     	8     	16    	32    	61    	119   	222   	406   	701   	1153  	1798  	2665  	3671  	4821  	6142  	7445  	8360  	8997  	9192  	8815  	7933  	6837  	5537  	4399  	3341  	2534  	1824  	1207  	788   	477   	224   	123   	61    	36    	24    	11    	6     	4     	2     	1     	nan   

