Criação das árvores ordenadas:
n_persons	index	time        
100000   	0    	5.240200e-02
100000   	1    	6.481160e-02
100000   	2    	5.534900e-02
100000   	3    	4.750670e-02

Procura de nós nas árvores:
n_persons	index	time        
100000   	0    	5.452650e-02
100000   	1    	6.590040e-02
100000   	2    	5.938540e-02
100000   	3    	4.980860e-02

Maior profundidade das árvores:
n_persons	index	time        	depth
100000   	0    	4.691500e-03	40   
100000   	1    	4.456300e-03	41   
100000   	2    	5.061000e-03	38   
100000   	3    	5.356900e-03	39   

Número de nós em cada nível:
n_persons	index	time        	lvl0  	lvl1  	lvl2  	lvl3  	lvl4  	lvl5  	lvl6  	lvl7  	lvl8  	lvl9  	lvl10 	lvl11 	lvl12 	lvl13 	lvl14 	lvl15 	lvl16 	lvl17 	lvl18 	lvl19 	lvl20 	lvl21 	lvl22 	lvl23 	lvl24 	lvl25 	lvl26 	lvl27 	lvl28 	lvl29 	lvl30 	lvl31 	lvl32 	lvl33 	lvl34 	lvl35 	lvl36 	lvl37 	lvl38 	lvl39 	lvl40 	lvl41 
100000   	0    	3.919500e-03	1     	2     	4     	8     	16    	32    	64    	124   	226   	395   	668   	1060  	1643  	2463  	3531  	4785  	6153  	7463  	8548  	9099  	9354  	8968  	8192  	7109  	5839  	4517  	3309  	2320  	1504  	999   	636   	397   	257   	146   	82    	37    	23    	12    	8     	5     	1     	nan   
100000   	1    	3.820200e-03	1     	2     	4     	8     	16    	31    	56    	103   	187   	338   	572   	942   	1447  	2169  	3082  	4194  	5477  	6685  	7889  	8399  	8691  	8425  	7826  	6832  	5793  	4711  	3825  	3079  	2370  	1863  	1529  	1183  	861   	577   	396   	229   	113   	57    	22    	10    	4     	2     
100000   	2    	4.425700e-03	1     	2     	4     	8     	16    	32    	64    	124   	238   	423   	724   	1177  	1871  	2787  	3976  	5370  	6854  	8272  	9276  	9762  	9745  	9093  	7939  	6608  	5031  	3674  	2638  	1734  	1112  	648   	381   	194   	102   	55    	35    	17    	9     	3     	1     	nan   	nan   	nan   
100000   	3    	4.859800e-03	1     	2     	4     	8     	16    	32    	64    	126   	242   	454   	780   	1288  	1995  	2889  	3916  	5019  	5983  	6798  	7449  	7800  	7986  	7631  	7273  	6620  	5766  	4995  	4043  	3178  	2417  	1845  	1324  	883   	562   	299   	169   	72    	41    	21    	8     	1     	nan   	nan   

