Criação das árvores ordenadas:
n_persons	index	time        
100000   	0    	5.192830e-02
100000   	1    	6.208000e-02
100000   	2    	5.533520e-02
100000   	3    	5.000070e-02

Procura de nós nas árvores:
n_persons	index	time        
100000   	0    	5.241690e-02
100000   	1    	5.870420e-02
100000   	2    	5.690090e-02
100000   	3    	4.860220e-02

Maior profundidade das árvores:
n_persons	index	time        	depth
100000   	0    	4.599100e-03	40   
100000   	1    	4.369700e-03	42   
100000   	2    	4.853100e-03	38   
100000   	3    	4.890500e-03	40   

Número de nós em cada nível:
n_persons	index	time        	lvl0  	lvl1  	lvl2  	lvl3  	lvl4  	lvl5  	lvl6  	lvl7  	lvl8  	lvl9  	lvl10 	lvl11 	lvl12 	lvl13 	lvl14 	lvl15 	lvl16 	lvl17 	lvl18 	lvl19 	lvl20 	lvl21 	lvl22 	lvl23 	lvl24 	lvl25 	lvl26 	lvl27 	lvl28 	lvl29 	lvl30 	lvl31 	lvl32 	lvl33 	lvl34 	lvl35 	lvl36 	lvl37 	lvl38 	lvl39 	lvl40 	lvl41 	lvl42 
100000   	0    	4.223600e-03	1     	2     	4     	8     	16    	32    	64    	123   	239   	441   	801   	1344  	2146  	3214  	4436  	5849  	7095  	8206  	8903  	9026  	8648  	8011  	6961  	5959  	4841  	3804  	2950  	2171  	1654  	1131  	754   	485   	287   	171   	103   	55    	31    	22    	7     	4     	1     	nan   	nan   
100000   	1    	4.136000e-03	1     	2     	4     	8     	16    	32    	63    	122   	229   	407   	704   	1183  	1820  	2700  	3827  	5012  	6251  	7169  	7937  	8337  	8609  	8464  	7883  	6937  	5797  	4597  	3496  	2611  	1879  	1350  	924   	612   	420   	235   	142   	86    	52    	34    	25    	14    	5     	3     	1     
100000   	2    	4.840400e-03	1     	2     	4     	8     	16    	32    	63    	121   	228   	420   	731   	1217  	1872  	2766  	3896  	5136  	6389  	7421  	8109  	8450  	8480  	8143  	7503  	6641  	5702  	4770  	3719  	2784  	1933  	1312  	868   	545   	304   	190   	120   	59    	27    	14    	4     	nan   	nan   	nan   	nan   
100000   	3    	4.682100e-03	1     	2     	4     	8     	16    	32    	63    	121   	217   	380   	654   	1088  	1684  	2469  	3472  	4644  	5819  	7072  	7965  	8399  	8708  	8756  	8260  	7549  	6344  	5217  	3941  	2758  	1892  	1147  	652   	336   	176   	98    	28    	17    	6     	2     	1     	1     	1     	nan   	nan   

