Criação das árvores ordenadas:
n_persons	index	time        
100000   	0    	5.234190e-02
100000   	1    	6.181160e-02
100000   	2    	5.660120e-02
100000   	3    	5.074650e-02

Procura de nós nas árvores:
n_persons	index	time        
100000   	0    	5.778290e-02
100000   	1    	6.066020e-02
100000   	2    	5.647240e-02
100000   	3    	4.795140e-02

Maior profundidade das árvores:
n_persons	index	time        	depth
100000   	0    	4.724300e-03	41   
100000   	1    	4.524800e-03	40   
100000   	2    	4.817000e-03	40   
100000   	3    	5.147300e-03	39   

Número de nós em cada nível:
n_persons	index	time        	lvl0  	lvl1  	lvl2  	lvl3  	lvl4  	lvl5  	lvl6  	lvl7  	lvl8  	lvl9  	lvl10 	lvl11 	lvl12 	lvl13 	lvl14 	lvl15 	lvl16 	lvl17 	lvl18 	lvl19 	lvl20 	lvl21 	lvl22 	lvl23 	lvl24 	lvl25 	lvl26 	lvl27 	lvl28 	lvl29 	lvl30 	lvl31 	lvl32 	lvl33 	lvl34 	lvl35 	lvl36 	lvl37 	lvl38 	lvl39 	lvl40 	lvl41 
100000   	0    	4.214800e-03	1     	2     	4     	8     	16    	32    	61    	107   	177   	282   	446   	693   	1048  	1559  	2229  	3060  	4119  	5352  	6500  	7417  	8251  	8685  	8620  	8040  	7265  	6075  	4998  	4015  	3165  	2420  	1787  	1292  	884   	578   	348   	206   	119   	66    	33    	25    	13    	2     
100000   	1    	4.076900e-03	1     	2     	4     	8     	16    	32    	64    	118   	216   	398   	712   	1158  	1803  	2688  	3760  	4893  	6151  	7215  	8103  	8593  	8795  	8362  	7635  	6667  	5639  	4546  	3604  	2844  	2053  	1504  	1017  	625   	366   	219   	102   	49    	21    	10    	4     	2     	1     	nan   
100000   	2    	4.607100e-03	1     	2     	4     	8     	16    	32    	64    	122   	231   	422   	738   	1241  	1920  	2848  	3895  	4992  	6028  	6999  	7698  	8060  	8088  	7942  	7373  	6619  	5697  	4844  	3983  	3113  	2347  	1692  	1140  	753   	488   	257   	147   	85    	55    	33    	14    	6     	3     	nan   
100000   	3    	4.423100e-03	1     	2     	4     	8     	16    	32    	62    	117   	190   	309   	483   	758   	1154  	1697  	2471  	3400  	4513  	5674  	6808  	7766  	8345  	8691  	8574  	8028  	7252  	6229  	5070  	3899  	2953  	2064  	1384  	865   	534   	312   	177   	87    	41    	20    	8     	2     	nan   	nan   

