Criação das árvores ordenadas:
n_persons	index	time        
100000   	0    	5.016890e-02
100000   	1    	6.625200e-02
100000   	2    	6.148440e-02
100000   	3    	5.131970e-02

Procura de nós nas árvores:
n_persons	index	time        
100000   	0    	5.055940e-02
100000   	1    	6.451740e-02
100000   	2    	5.515270e-02
100000   	3    	4.867580e-02

Maior profundidade das árvores:
n_persons	index	time        	depth
100000   	0    	4.299900e-03	39   
100000   	1    	4.655100e-03	40   
100000   	2    	4.882700e-03	39   
100000   	3    	4.899000e-03	42   

Número de nós em cada nível:
n_persons	index	time        	lvl0  	lvl1  	lvl2  	lvl3  	lvl4  	lvl5  	lvl6  	lvl7  	lvl8  	lvl9  	lvl10 	lvl11 	lvl12 	lvl13 	lvl14 	lvl15 	lvl16 	lvl17 	lvl18 	lvl19 	lvl20 	lvl21 	lvl22 	lvl23 	lvl24 	lvl25 	lvl26 	lvl27 	lvl28 	lvl29 	lvl30 	lvl31 	lvl32 	lvl33 	lvl34 	lvl35 	lvl36 	lvl37 	lvl38 	lvl39 	lvl40 	lvl41 	lvl42 
100000   	0    	3.872100e-03	1     	2     	4     	8     	16    	32    	63    	120   	225   	413   	720   	1195  	1835  	2719  	3799  	5019  	6273  	7269  	7992  	8521  	8742  	8642  	7958  	6949  	5795  	4655  	3528  	2555  	1801  	1258  	802   	507   	287   	145   	72    	40    	17    	13    	7     	1     	nan   	nan   	nan   
100000   	1    	4.165600e-03	1     	2     	4     	8     	16    	32    	64    	121   	223   	389   	641   	1038  	1614  	2312  	3155  	4164  	5177  	6256  	7189  	8017  	8448  	8672  	8448  	7804  	6751  	5618  	4360  	3219  	2273  	1535  	996   	631   	402   	211   	97    	53    	29    	15    	11    	3     	1     	nan   	nan   
100000   	2    	4.401200e-03	1     	2     	4     	8     	16    	32    	64    	123   	238   	449   	804   	1354  	2135  	3116  	4266  	5429  	6599  	7509  	8274  	8787  	8814  	8493  	7675  	6608  	5312  	4101  	3123  	2266  	1556  	1093  	682   	432   	267   	161   	95    	59    	31    	12    	6     	4     	nan   	nan   	nan   
100000   	3    	4.301900e-03	1     	2     	4     	8     	16    	32    	62    	113   	205   	361   	600   	933   	1416  	2063  	2875  	3882  	4958  	6144  	7184  	8087  	8775  	9065  	8743  	7964  	7017  	5702  	4537  	3299  	2247  	1502  	959   	563   	319   	173   	86    	44    	22    	16    	7     	5     	4     	3     	2     

