Criação das árvores ordenadas:
n_persons	index	time        
100000   	0    	9.614280e-02
100000   	1    	8.171720e-02
100000   	2    	5.751100e-02
100000   	3    	5.037460e-02

Procura de nós nas árvores:
n_persons	index	time        
100000   	0    	5.268580e-02
100000   	1    	6.167950e-02
100000   	2    	5.556400e-02
100000   	3    	5.216940e-02

Maior profundidade das árvores:
n_persons	index	time        	depth
100000   	0    	4.547900e-03	40   
100000   	1    	4.379200e-03	39   
100000   	2    	5.349200e-03	44   
100000   	3    	4.994900e-03	42   

Número de nós em cada nível:
n_persons	index	time        	lvl0  	lvl1  	lvl2  	lvl3  	lvl4  	lvl5  	lvl6  	lvl7  	lvl8  	lvl9  	lvl10 	lvl11 	lvl12 	lvl13 	lvl14 	lvl15 	lvl16 	lvl17 	lvl18 	lvl19 	lvl20 	lvl21 	lvl22 	lvl23 	lvl24 	lvl25 	lvl26 	lvl27 	lvl28 	lvl29 	lvl30 	lvl31 	lvl32 	lvl33 	lvl34 	lvl35 	lvl36 	lvl37 	lvl38 	lvl39 	lvl40 	lvl41 	lvl42 	lvl43 	lvl44 
100000   	0    	4.328300e-03	1     	2     	4     	8     	16    	32    	64    	126   	246   	462   	832   	1421  	2275  	3357  	4686  	6147  	7496  	8556  	9310  	9574  	9283  	8416  	7215  	5918  	4583  	3330  	2376  	1609  	1065  	669   	386   	228   	117   	68    	46    	30    	28    	12    	4     	1     	1     	nan   	nan   	nan   	nan   
100000   	1    	4.007700e-03	1     	2     	4     	8     	16    	32    	64    	124   	237   	444   	782   	1241  	1939  	2831  	3878  	5004  	6238  	7254  	8011  	8403  	8337  	7865  	7124  	6229  	5313  	4487  	3675  	3050  	2342  	1742  	1216  	821   	508   	321   	200   	115   	65    	48    	22    	7     	nan   	nan   	nan   	nan   	nan   
100000   	2    	4.633300e-03	1     	2     	4     	8     	15    	30    	57    	104   	192   	330   	535   	836   	1280  	1851  	2620  	3615  	4839  	6078  	7369  	8493  	9247  	9390  	8881  	8047  	6938  	5623  	4372  	3218  	2274  	1570  	944   	542   	318   	178   	94    	44    	29    	15    	7     	4     	2     	1     	1     	1     	1     
100000   	3    	4.576000e-03	1     	2     	4     	8     	16    	32    	64    	118   	208   	359   	599   	958   	1415  	2009  	2709  	3587  	4432  	5446  	6347  	7164  	7866  	8060  	8141  	7890  	7207  	6390  	5399  	4281  	3203  	2244  	1533  	931   	570   	338   	193   	107   	70    	41    	24    	14    	10    	7     	3     	nan   	nan   

