Criação das árvores ordenadas:
n_persons	index	time        
100000   	0    	6.640890e-02
100000   	1    	6.411980e-02
100000   	2    	5.527090e-02
100000   	3    	4.985310e-02

Procura de nós nas árvores:
n_persons	index	time        
100000   	0    	5.333060e-02
100000   	1    	6.241760e-02
100000   	2    	5.938890e-02
100000   	3    	6.226200e-02

Maior profundidade das árvores:
n_persons	index	time        	depth
100000   	0    	6.598600e-03	39   
100000   	1    	4.742900e-03	39   
100000   	2    	5.495300e-03	41   
100000   	3    	5.432800e-03	39   

Número de nós em cada nível:
n_persons	index	time        	lvl0  	lvl1  	lvl2  	lvl3  	lvl4  	lvl5  	lvl6  	lvl7  	lvl8  	lvl9  	lvl10 	lvl11 	lvl12 	lvl13 	lvl14 	lvl15 	lvl16 	lvl17 	lvl18 	lvl19 	lvl20 	lvl21 	lvl22 	lvl23 	lvl24 	lvl25 	lvl26 	lvl27 	lvl28 	lvl29 	lvl30 	lvl31 	lvl32 	lvl33 	lvl34 	lvl35 	lvl36 	lvl37 	lvl38 	lvl39 	lvl40 	lvl41 
100000   	0    	4.418000e-03	1     	2     	4     	8     	16    	32    	63    	123   	227   	416   	705   	1135  	1708  	2480  	3445  	4505  	5636  	6769  	7754  	8461  	8675  	8630  	8055  	7345  	6311  	5122  	4008  	2943  	2033  	1357  	861   	509   	303   	164   	95    	59    	24    	11    	4     	1     	nan   	nan   
100000   	1    	4.384800e-03	1     	2     	4     	8     	16    	32    	62    	120   	220   	375   	627   	976   	1513  	2216  	3047  	4066  	5099  	6064  	7063  	7846  	8387  	8464  	8077  	7437  	6611  	5774  	4715  	3613  	2629  	1861  	1274  	792   	490   	270   	148   	58    	27    	11    	4     	1     	nan   	nan   
100000   	2    	4.833500e-03	1     	2     	4     	8     	16    	30    	58    	107   	202   	345   	573   	916   	1434  	2100  	2991  	4137  	5470  	6808  	7945  	8787  	9176  	9083  	8514  	7699  	6477  	5218  	4029  	2876  	1921  	1271  	770   	461   	263   	138   	72    	44    	25    	15    	9     	3     	1     	1     
100000   	3    	4.568300e-03	1     	2     	4     	8     	16    	32    	63    	121   	232   	428   	743   	1212  	1857  	2677  	3612  	4640  	5603  	6490  	7046  	7423  	7447  	7421  	7194  	6718  	6024  	5281  	4458  	3674  	2990  	2233  	1647  	1132  	736   	405   	233   	122   	50    	17    	6     	2     	nan   	nan   

