Criação das árvores ordenadas:
n_persons	index	time        
100000   	0    	5.150240e-02
100000   	1    	1.279392e-01
100000   	2    	7.132540e-02
100000   	3    	5.507990e-02

Procura de nós nas árvores:
n_persons	index	time        
100000   	0    	5.830640e-02
100000   	1    	6.519290e-02
100000   	2    	6.030750e-02
100000   	3    	4.903230e-02

Maior profundidade das árvores:
n_persons	index	time        	depth
100000   	0    	4.231700e-03	39   
100000   	1    	4.534300e-03	36   
100000   	2    	5.014100e-03	44   
100000   	3    	4.986800e-03	39   

Número de nós em cada nível:
n_persons	index	time        	lvl0  	lvl1  	lvl2  	lvl3  	lvl4  	lvl5  	lvl6  	lvl7  	lvl8  	lvl9  	lvl10 	lvl11 	lvl12 	lvl13 	lvl14 	lvl15 	lvl16 	lvl17 	lvl18 	lvl19 	lvl20 	lvl21 	lvl22 	lvl23 	lvl24 	lvl25 	lvl26 	lvl27 	lvl28 	lvl29 	lvl30 	lvl31 	lvl32 	lvl33 	lvl34 	lvl35 	lvl36 	lvl37 	lvl38 	lvl39 	lvl40 	lvl41 	lvl42 	lvl43 	lvl44 
100000   	0    	3.913100e-03	1     	2     	4     	8     	16    	32    	64    	128   	246   	457   	812   	1334  	2079  	3034  	4230  	5447  	6732  	7850  	8566  	8705  	8627  	8133  	7377  	6474  	5260  	4087  	3139  	2342  	1667  	1166  	821   	520   	332   	152   	82    	37    	21    	9     	6     	1     	nan   	nan   	nan   	nan   	nan   
100000   	1    	4.047000e-03	1     	2     	4     	8     	16    	32    	64    	123   	232   	435   	757   	1236  	1933  	2872  	4058  	5327  	6583  	7634  	8461  	8879  	8705  	8279  	7565  	6687  	5562  	4469  	3501  	2537  	1692  	1071  	628   	344   	194   	66    	32    	8     	3     	nan   	nan   	nan   	nan   	nan   	nan   	nan   	nan   
100000   	2    	4.668500e-03	1     	2     	4     	8     	15    	28    	52    	90    	160   	283   	482   	802   	1255  	1861  	2650  	3570  	4607  	5570  	6550  	7187  	7667  	7749  	7483  	7002  	6441  	5727  	4873  	4153  	3461  	2740  	2106  	1642  	1193  	881   	563   	393   	262   	200   	132   	70    	39    	28    	12    	3     	3     
100000   	3    	4.379800e-03	1     	2     	4     	8     	16    	32    	63    	126   	241   	453   	805   	1334  	2063  	3003  	4110  	5327  	6604  	7736  	8571  	8906  	8901  	8321  	7475  	6394  	5333  	4152  	3182  	2352  	1651  	1136  	730   	447   	252   	130   	68    	43    	16    	7     	3     	2     	nan   	nan   	nan   	nan   	nan   

