Criação das árvores ordenadas:
n_persons	index	time        
100000   	0    	6.311630e-02
100000   	1    	7.910960e-02
100000   	2    	7.042610e-02
100000   	3    	6.270950e-02

Procura de nós nas árvores:
n_persons	index	time        
100000   	0    	6.823370e-02
100000   	1    	7.605560e-02
100000   	2    	7.069600e-02
100000   	3    	6.334550e-02

Maior profundidade das árvores:
n_persons	index	time        	depth
100000   	0    	5.158800e-03	37   
100000   	1    	4.872700e-03	38   
100000   	2    	5.333300e-03	37   
100000   	3    	5.395000e-03	40   

Número de nós em cada nível:
n_persons	index	time        	lvl0  	lvl1  	lvl2  	lvl3  	lvl4  	lvl5  	lvl6  	lvl7  	lvl8  	lvl9  	lvl10 	lvl11 	lvl12 	lvl13 	lvl14 	lvl15 	lvl16 	lvl17 	lvl18 	lvl19 	lvl20 	lvl21 	lvl22 	lvl23 	lvl24 	lvl25 	lvl26 	lvl27 	lvl28 	lvl29 	lvl30 	lvl31 	lvl32 	lvl33 	lvl34 	lvl35 	lvl36 	lvl37 	lvl38 	lvl39 	lvl40 
100000   	0    	4.385700e-03	1     	2     	4     	8     	16    	32    	63    	122   	229   	402   	671   	1030  	1521  	2165  	2914  	3869  	5005  	6038  	7039  	7836  	8291  	8489  	8217  	7532  	6705  	5783  	4744  	3622  	2659  	1877  	1277  	793   	515   	285   	135   	64    	29    	16    	nan   	nan   	nan   
100000   	1    	4.379500e-03	1     	2     	4     	8     	16    	31    	61    	114   	207   	376   	691   	1171  	1867  	2834  	4086  	5512  	6997  	8245  	9236  	9661  	9565  	8852  	7921  	6523  	5056  	3670  	2604  	1809  	1216  	737   	446   	251   	129   	58    	28    	9     	4     	1     	1     	nan   	nan   
100000   	2    	4.831500e-03	1     	2     	4     	8     	16    	32    	64    	126   	236   	429   	721   	1208  	1830  	2647  	3632  	4779  	5838  	6888  	7750  	8345  	8613  	8461  	7789  	6932  	5889  	4961  	3942  	2982  	2198  	1442  	951   	596   	348   	190   	85    	43    	18    	4     	nan   	nan   	nan   
100000   	3    	5.159100e-03	1     	2     	4     	8     	16    	32    	63    	121   	226   	389   	623   	1034  	1626  	2417  	3405  	4468  	5602  	6598  	7459  	8108  	8349  	8175  	7769  	7098  	6204  	5239  	4139  	3276  	2479  	1734  	1211  	833   	496   	320   	208   	136   	72    	32    	19    	7     	2     

