Criação das árvores ordenadas:
n_persons	index	time        
100000   	0    	5.762760e-02
100000   	1    	6.916150e-02
100000   	2    	5.848740e-02
100000   	3    	5.195130e-02

Procura de nós nas árvores:
n_persons	index	time        
100000   	0    	9.546380e-02
100000   	1    	1.048904e-01
100000   	2    	6.591850e-02
100000   	3    	5.849820e-02

Maior profundidade das árvores:
n_persons	index	time        	depth
100000   	0    	5.155500e-03	46   
100000   	1    	5.085900e-03	43   
100000   	2    	5.383000e-03	39   
100000   	3    	5.245900e-03	41   

Número de nós em cada nível:
n_persons	index	time        	lvl0  	lvl1  	lvl2  	lvl3  	lvl4  	lvl5  	lvl6  	lvl7  	lvl8  	lvl9  	lvl10 	lvl11 	lvl12 	lvl13 	lvl14 	lvl15 	lvl16 	lvl17 	lvl18 	lvl19 	lvl20 	lvl21 	lvl22 	lvl23 	lvl24 	lvl25 	lvl26 	lvl27 	lvl28 	lvl29 	lvl30 	lvl31 	lvl32 	lvl33 	lvl34 	lvl35 	lvl36 	lvl37 	lvl38 	lvl39 	lvl40 	lvl41 	lvl42 	lvl43 	lvl44 	lvl45 	lvl46 
100000   	0    	4.069600e-03	1     	2     	4     	8     	16    	31    	62    	120   	232   	408   	688   	1106  	1711  	2510  	3431  	4319  	5259  	6158  	6970  	7361  	7531  	7496  	7109  	6377  	5649  	4846  	4069  	3434  	2832  	2302  	1925  	1566  	1194  	953   	729   	556   	388   	256   	157   	112   	55    	34    	19    	6     	4     	3     	1     
100000   	1    	4.327800e-03	1     	2     	4     	8     	16    	32    	64    	122   	225   	415   	723   	1197  	1867  	2746  	3698  	4904  	6040  	7039  	7718  	8158  	8147  	7787  	7280  	6469  	5498  	4703  	3924  	3186  	2499  	1873  	1354  	932   	560   	369   	223   	114   	51    	29    	10    	4     	3     	3     	2     	1     	nan   	nan   	nan   
100000   	2    	5.108400e-03	1     	2     	4     	8     	16    	32    	62    	116   	208   	364   	621   	1027  	1569  	2295  	3263  	4431  	5613  	6801  	7851  	8798  	9261  	9051  	8350  	7227  	6112  	4969  	3796  	2786  	1940  	1263  	814   	533   	351   	211   	120   	66    	40    	20    	7     	1     	nan   	nan   	nan   	nan   	nan   	nan   	nan   
100000   	3    	4.477300e-03	1     	2     	4     	8     	16    	32    	64    	125   	232   	409   	671   	1035  	1522  	2212  	3142  	4245  	5563  	6779  	7902  	8739  	9066  	8825  	8229  	7179  	6029  	4724  	3655  	2743  	2040  	1546  	1088  	772   	548   	332   	204   	132   	81    	53    	29    	14    	7     	1     	nan   	nan   	nan   	nan   	nan   

