Criação das árvores ordenadas:
n_persons	index	time        
100000   	0    	5.163470e-02
100000   	1    	6.303900e-02
100000   	2    	5.511820e-02
100000   	3    	4.688200e-02

Procura de nós nas árvores:
n_persons	index	time        
100000   	0    	5.156520e-02
100000   	1    	5.925650e-02
100000   	2    	5.631760e-02
100000   	3    	4.825770e-02

Maior profundidade das árvores:
n_persons	index	time        	depth
100000   	0    	4.759600e-03	43   
100000   	1    	4.597400e-03	38   
100000   	2    	4.989200e-03	40   
100000   	3    	5.088300e-03	40   

Número de nós em cada nível:
n_persons	index	time        	lvl0  	lvl1  	lvl2  	lvl3  	lvl4  	lvl5  	lvl6  	lvl7  	lvl8  	lvl9  	lvl10 	lvl11 	lvl12 	lvl13 	lvl14 	lvl15 	lvl16 	lvl17 	lvl18 	lvl19 	lvl20 	lvl21 	lvl22 	lvl23 	lvl24 	lvl25 	lvl26 	lvl27 	lvl28 	lvl29 	lvl30 	lvl31 	lvl32 	lvl33 	lvl34 	lvl35 	lvl36 	lvl37 	lvl38 	lvl39 	lvl40 	lvl41 	lvl42 	lvl43 
100000   	0    	5.268700e-03	1     	2     	4     	8     	16    	32    	59    	111   	203   	355   	605   	963   	1499  	2179  	3155  	4340  	5524  	6622  	7492  	8070  	8333  	8163  	7724  	7000  	6148  	5099  	4183  	3303  	2494  	1905  	1421  	1006  	701   	480   	317   	197   	122   	73    	45    	25    	11    	8     	1     	1     
100000   	1    	4.727400e-03	1     	2     	4     	8     	16    	32    	64    	121   	225   	401   	664   	1050  	1577  	2319  	3279  	4357  	5489  	6612  	7715  	8366  	8732  	8628  	8235  	7404  	6446  	5328  	4130  	3077  	2179  	1436  	875   	577   	332   	168   	78    	34    	26    	12    	1     	nan   	nan   	nan   	nan   	nan   
100000   	2    	4.466100e-03	1     	2     	4     	8     	16    	32    	63    	122   	224   	409   	703   	1181  	1790  	2619  	3542  	4696  	5742  	6635  	7538  	8249  	8626  	8458  	7994  	7328  	6271  	5160  	4139  	2957  	2051  	1347  	900   	550   	296   	153   	72    	55    	33    	15    	9     	8     	2     	nan   	nan   	nan   
100000   	3    	4.588300e-03	1     	2     	4     	8     	16    	32    	64    	127   	235   	435   	761   	1245  	1959  	2853  	3892  	5072  	6174  	7314  	8250  	8726  	8860  	8492  	7814  	6756  	5636  	4470  	3388  	2441  	1712  	1184  	800   	524   	297   	185   	93    	61    	38    	36    	27    	15    	1     	nan   	nan   	nan   

