Criação das árvores ordenadas:
n_persons	index	time        
100000   	0    	5.380310e-02
100000   	1    	6.442010e-02
100000   	2    	5.388690e-02
100000   	3    	4.617850e-02

Procura de nós nas árvores:
n_persons	index	time        
100000   	0    	5.240910e-02
100000   	1    	6.753170e-02
100000   	2    	5.717490e-02
100000   	3    	5.229900e-02

Maior profundidade das árvores:
n_persons	index	time        	depth
100000   	0    	4.347800e-03	38   
100000   	1    	4.456200e-03	40   
100000   	2    	4.970100e-03	38   
100000   	3    	4.951600e-03	37   

Número de nós em cada nível:
n_persons	index	time        	lvl0  	lvl1  	lvl2  	lvl3  	lvl4  	lvl5  	lvl6  	lvl7  	lvl8  	lvl9  	lvl10 	lvl11 	lvl12 	lvl13 	lvl14 	lvl15 	lvl16 	lvl17 	lvl18 	lvl19 	lvl20 	lvl21 	lvl22 	lvl23 	lvl24 	lvl25 	lvl26 	lvl27 	lvl28 	lvl29 	lvl30 	lvl31 	lvl32 	lvl33 	lvl34 	lvl35 	lvl36 	lvl37 	lvl38 	lvl39 	lvl40 
100000   	0    	3.889500e-03	1     	2     	4     	8     	16    	31    	60    	115   	217   	386   	633   	990   	1521  	2265  	3195  	4188  	5370  	6562  	7563  	8277  	8615  	8607  	8255  	7444  	6525  	5468  	4367  	3272  	2326  	1501  	922   	586   	338   	182   	98    	46    	27    	11    	6     	nan   	nan   
100000   	1    	4.035400e-03	1     	2     	4     	8     	16    	32    	61    	113   	205   	358   	595   	953   	1475  	2077  	2895  	3778  	4799  	5891  	6873  	7608  	8108  	8277  	8047  	7537  	6824  	5859  	4865  	3850  	2951  	2134  	1431  	921   	601   	361   	223   	127   	69    	37    	22    	8     	4     
100000   	2    	4.557900e-03	1     	2     	4     	8     	16    	32    	60    	116   	227   	432   	795   	1348  	2136  	3212  	4469  	5929  	7474  	8674  	9460  	9718  	9387  	8674  	7446  	6071  	4662  	3481  	2438  	1578  	933   	535   	309   	184   	83    	44    	27    	17    	7     	6     	5     	nan   	nan   
100000   	3    	4.233500e-03	1     	2     	4     	8     	16    	32    	64    	123   	232   	419   	713   	1191  	1843  	2685  	3806  	5095  	6366  	7525  	8389  	8942  	9039  	8642  	8067  	7030  	5790  	4515  	3337  	2347  	1555  	951   	583   	346   	198   	92    	31    	12    	8     	1     	nan   	nan   	nan   

