Criação das árvores ordenadas:
n_persons	index	time        
100000   	0    	6.136920e-02
100000   	1    	6.927990e-02
100000   	2    	5.996420e-02
100000   	3    	4.933310e-02

Procura de nós nas árvores:
n_persons	index	time        
100000   	0    	5.744430e-02
100000   	1    	6.904870e-02
100000   	2    	6.066080e-02
100000   	3    	5.551840e-02

Maior profundidade das árvores:
n_persons	index	time        	depth
100000   	0    	4.777400e-03	38   
100000   	1    	4.641200e-03	40   
100000   	2    	4.896500e-03	42   
100000   	3    	5.137100e-03	40   

Número de nós em cada nível:
n_persons	index	time        	lvl0  	lvl1  	lvl2  	lvl3  	lvl4  	lvl5  	lvl6  	lvl7  	lvl8  	lvl9  	lvl10 	lvl11 	lvl12 	lvl13 	lvl14 	lvl15 	lvl16 	lvl17 	lvl18 	lvl19 	lvl20 	lvl21 	lvl22 	lvl23 	lvl24 	lvl25 	lvl26 	lvl27 	lvl28 	lvl29 	lvl30 	lvl31 	lvl32 	lvl33 	lvl34 	lvl35 	lvl36 	lvl37 	lvl38 	lvl39 	lvl40 	lvl41 	lvl42 
100000   	0    	4.301000e-03	1     	2     	4     	8     	16    	32    	63    	121   	227   	414   	730   	1212  	1896  	2746  	3810  	4930  	6210  	7431  	8363  	8981  	9147  	8813  	8080  	7053  	5836  	4475  	3304  	2330  	1524  	951   	564   	357   	201   	92    	45    	17    	7     	4     	3     	nan   	nan   	nan   	nan   
100000   	1    	4.301100e-03	1     	2     	4     	8     	16    	32    	63    	120   	227   	398   	715   	1212  	1899  	2860  	4107  	5489  	6920  	8174  	9070  	9623  	9474  	8824  	7759  	6417  	4950  	3699  	2783  	1886  	1272  	790   	507   	280   	193   	102   	67    	35    	10    	5     	3     	3     	1     	nan   	nan   
100000   	2    	4.507100e-03	1     	2     	4     	8     	16    	32    	64    	126   	236   	423   	728   	1199  	1865  	2674  	3615  	4619  	5542  	6346  	7061  	7539  	7700  	7676  	7306  	6833  	6133  	5321  	4491  	3529  	2722  	2002  	1400  	970   	659   	415   	274   	181   	110   	79    	43    	27    	16    	11    	2     
100000   	3    	4.800400e-03	1     	2     	4     	8     	16    	32    	64    	124   	224   	409   	729   	1258  	2004  	2975  	4129  	5399  	6586  	7613  	8261  	8582  	8429  	7939  	7125  	6232  	5247  	4364  	3458  	2665  	1974  	1435  	1023  	670   	460   	261   	155   	79    	37    	17    	5     	4     	1     	nan   	nan   

