Criação das árvores ordenadas:
n_persons	index	time        
100000   	0    	5.073700e-02
100000   	1    	6.161560e-02
100000   	2    	5.799870e-02
100000   	3    	4.882100e-02

Procura de nós nas árvores:
n_persons	index	time        
100000   	0    	5.618150e-02
100000   	1    	6.910330e-02
100000   	2    	5.414600e-02
100000   	3    	5.029710e-02

Maior profundidade das árvores:
n_persons	index	time        	depth
100000   	0    	4.512800e-03	40   
100000   	1    	4.319500e-03	39   
100000   	2    	4.920700e-03	38   
100000   	3    	4.842600e-03	43   

Número de nós em cada nível:
n_persons	index	time        	lvl0  	lvl1  	lvl2  	lvl3  	lvl4  	lvl5  	lvl6  	lvl7  	lvl8  	lvl9  	lvl10 	lvl11 	lvl12 	lvl13 	lvl14 	lvl15 	lvl16 	lvl17 	lvl18 	lvl19 	lvl20 	lvl21 	lvl22 	lvl23 	lvl24 	lvl25 	lvl26 	lvl27 	lvl28 	lvl29 	lvl30 	lvl31 	lvl32 	lvl33 	lvl34 	lvl35 	lvl36 	lvl37 	lvl38 	lvl39 	lvl40 	lvl41 	lvl42 	lvl43 
100000   	0    	4.403500e-03	1     	2     	4     	8     	16    	32    	63    	123   	227   	397   	669   	1075  	1624  	2320  	3306  	4500  	5842  	7240  	8372  	9065  	9401  	9038  	8327  	7192  	5793  	4460  	3249  	2364  	1672  	1162  	832   	605   	424   	232   	144   	78    	60    	39    	22    	15    	5     	nan   	nan   	nan   
100000   	1    	3.884500e-03	1     	2     	4     	8     	16    	32    	62    	120   	218   	390   	666   	1084  	1703  	2502  	3494  	4678  	5838  	7036  	7969  	8557  	8821  	8743  	8238  	7437  	6217  	4948  	3682  	2551  	1777  	1160  	759   	525   	333   	198   	117   	61    	33    	15    	4     	1     	nan   	nan   	nan   	nan   
100000   	2    	4.503000e-03	1     	2     	4     	8     	16    	32    	63    	124   	239   	437   	753   	1255  	1951  	2824  	3988  	5278  	6500  	7621  	8374  	8752  	8651  	8153  	7445  	6472  	5425  	4437  	3504  	2514  	1851  	1243  	827   	499   	301   	192   	122   	71    	45    	21    	5     	nan   	nan   	nan   	nan   	nan   
100000   	3    	4.535000e-03	1     	2     	4     	8     	16    	32    	63    	122   	226   	420   	738   	1220  	1903  	2826  	4079  	5339  	6585  	7594  	8188  	8433  	8380  	7847  	7026  	6101  	5025  	4063  	3194  	2477  	1819  	1461  	1148  	936   	824   	656   	469   	310   	197   	127   	61    	40    	20    	14    	5     	1     

