Criação das árvores ordenadas:
n_persons	index	time        
100000   	0    	6.467080e-02
100000   	1    	6.690630e-02
100000   	2    	5.661960e-02
100000   	3    	5.298410e-02

Procura de nós nas árvores:
n_persons	index	time        
100000   	0    	5.745190e-02
100000   	1    	6.263680e-02
100000   	2    	6.104320e-02
100000   	3    	5.453780e-02

Maior profundidade das árvores:
n_persons	index	time        	depth
100000   	0    	7.367500e-03	39   
100000   	1    	7.071500e-03	43   
100000   	2    	5.260300e-03	38   
100000   	3    	4.922100e-03	39   

Número de nós em cada nível:
n_persons	index	time        	lvl0  	lvl1  	lvl2  	lvl3  	lvl4  	lvl5  	lvl6  	lvl7  	lvl8  	lvl9  	lvl10 	lvl11 	lvl12 	lvl13 	lvl14 	lvl15 	lvl16 	lvl17 	lvl18 	lvl19 	lvl20 	lvl21 	lvl22 	lvl23 	lvl24 	lvl25 	lvl26 	lvl27 	lvl28 	lvl29 	lvl30 	lvl31 	lvl32 	lvl33 	lvl34 	lvl35 	lvl36 	lvl37 	lvl38 	lvl39 	lvl40 	lvl41 	lvl42 	lvl43 
100000   	0    	3.788100e-03	1     	2     	4     	8     	16    	31    	59    	115   	221   	415   	750   	1236  	1917  	2769  	3817  	4885  	5894  	6900  	7651  	8236  	8463  	8429  	7907  	6986  	5924  	4783  	3750  	2861  	2058  	1438  	996   	659   	386   	222   	113   	62    	22    	8     	5     	1     	nan   	nan   	nan   	nan   
100000   	1    	3.876400e-03	1     	2     	4     	8     	16    	32    	62    	113   	193   	336   	563   	924   	1419  	2116  	2993  	4094  	5161  	6110  	7005  	7691  	8132  	8171  	7876  	7159  	6431  	5545  	4715  	3777  	2978  	2196  	1524  	982   	618   	360   	246   	163   	99    	75    	47    	32    	18    	7     	4     	2     
100000   	2    	4.520400e-03	1     	2     	4     	8     	16    	32    	63    	123   	233   	421   	691   	1093  	1642  	2397  	3369  	4442  	5530  	6602  	7572  	8275  	8562  	8576  	8135  	7332  	6299  	5162  	4133  	3091  	2300  	1603  	1023  	594   	326   	187   	93    	45    	15    	7     	1     	nan   	nan   	nan   	nan   	nan   
100000   	3    	4.749400e-03	1     	2     	4     	8     	16    	32    	64    	124   	229   	427   	743   	1236  	1917  	2799  	3871  	4905  	5982  	6966  	7692  	8137  	8127  	7859  	7448  	6637  	5850  	5007  	3977  	3105  	2318  	1647  	1136  	707   	453   	268   	156   	76    	39    	19    	12    	4     	nan   	nan   	nan   	nan   

