Criação das árvores ordenadas:
n_persons	index	time        
100000   	0    	5.126750e-02
100000   	1    	6.352210e-02
100000   	2    	5.431740e-02
100000   	3    	5.094240e-02

Procura de nós nas árvores:
n_persons	index	time        
100000   	0    	5.606490e-02
100000   	1    	7.322930e-02
100000   	2    	5.655700e-02
100000   	3    	4.968540e-02

Maior profundidade das árvores:
n_persons	index	time        	depth
100000   	0    	4.898000e-03	38   
100000   	1    	4.972000e-03	43   
100000   	2    	5.250400e-03	39   
100000   	3    	5.160500e-03	41   

Número de nós em cada nível:
n_persons	index	time        	lvl0  	lvl1  	lvl2  	lvl3  	lvl4  	lvl5  	lvl6  	lvl7  	lvl8  	lvl9  	lvl10 	lvl11 	lvl12 	lvl13 	lvl14 	lvl15 	lvl16 	lvl17 	lvl18 	lvl19 	lvl20 	lvl21 	lvl22 	lvl23 	lvl24 	lvl25 	lvl26 	lvl27 	lvl28 	lvl29 	lvl30 	lvl31 	lvl32 	lvl33 	lvl34 	lvl35 	lvl36 	lvl37 	lvl38 	lvl39 	lvl40 	lvl41 	lvl42 	lvl43 
100000   	0    	4.242900e-03	1     	2     	4     	8     	16    	30    	58    	113   	204   	357   	597   	956   	1488  	2207  	3104  	4223  	5430  	6641  	7693  	8405  	8793  	8716  	8346  	7459  	6417  	5377  	4238  	3145  	2283  	1532  	951   	564   	312   	189   	85    	36    	15    	3     	2     	nan   	nan   	nan   	nan   	nan   
100000   	1    	4.297900e-03	1     	2     	4     	8     	16    	32    	62    	115   	216   	381   	638   	1035  	1564  	2294  	3250  	4325  	5449  	6470  	7518  	8173  	8451  	8488  	8197  	7498  	6629  	5456  	4222  	3190  	2266  	1580  	1006  	624   	378   	219   	127   	62    	30    	15    	2     	2     	1     	1     	2     	1     
100000   	2    	4.676600e-03	1     	2     	4     	8     	16    	32    	63    	117   	219   	394   	681   	1085  	1707  	2482  	3389  	4335  	5356  	6394  	7364  	8123  	8516  	8451  	8084  	7364  	6416  	5318  	4195  	3120  	2302  	1599  	1122  	731   	427   	263   	155   	92    	51    	16    	5     	1     	nan   	nan   	nan   	nan   
100000   	3    	4.713300e-03	1     	2     	4     	8     	16    	32    	62    	121   	226   	394   	658   	1082  	1685  	2562  	3681  	4924  	6246  	7450  	8468  	8957  	9019  	8517  	7760  	6618  	5540  	4322  	3234  	2497  	1830  	1326  	952   	659   	441   	297   	175   	108   	61    	38    	16    	7     	3     	1     	nan   	nan   

