Criação das árvores ordenadas:
n_persons	index	time        
100000   	0    	5.176560e-02
100000   	1    	6.450300e-02
100000   	2    	5.495450e-02
100000   	3    	4.698030e-02

Procura de nós nas árvores:
n_persons	index	time        
100000   	0    	5.409470e-02
100000   	1    	6.929550e-02
100000   	2    	5.663290e-02
100000   	3    	8.410950e-02

Maior profundidade das árvores:
n_persons	index	time        	depth
100000   	0    	5.422100e-03	38   
100000   	1    	1.072650e-02	41   
100000   	2    	6.900400e-03	38   
100000   	3    	1.065240e-02	40   

Número de nós em cada nível:
n_persons	index	time        	lvl0  	lvl1  	lvl2  	lvl3  	lvl4  	lvl5  	lvl6  	lvl7  	lvl8  	lvl9  	lvl10 	lvl11 	lvl12 	lvl13 	lvl14 	lvl15 	lvl16 	lvl17 	lvl18 	lvl19 	lvl20 	lvl21 	lvl22 	lvl23 	lvl24 	lvl25 	lvl26 	lvl27 	lvl28 	lvl29 	lvl30 	lvl31 	lvl32 	lvl33 	lvl34 	lvl35 	lvl36 	lvl37 	lvl38 	lvl39 	lvl40 	lvl41 
100000   	0    	5.186900e-03	1     	2     	4     	8     	16    	32    	64    	125   	235   	414   	722   	1192  	1903  	2877  	4044  	5357  	6670  	7819  	8580  	8852  	8701  	8256  	7468  	6507  	5381  	4357  	3394  	2463  	1719  	1174  	735   	421   	232   	136   	70    	40    	21    	6     	2     	nan   	nan   	nan   
100000   	1    	5.074700e-03	1     	2     	4     	8     	16    	30    	54    	102   	193   	352   	614   	995   	1543  	2255  	3094  	4066  	5005  	6062  	7061  	7797  	8286  	8389  	8083  	7381  	6445  	5495  	4495  	3588  	2745  	2005  	1421  	934   	629   	385   	229   	134   	61    	28    	8     	3     	1     	1     
100000   	2    	5.853900e-03	1     	2     	4     	8     	16    	32    	63    	124   	228   	428   	759   	1288  	2056  	3039  	4253  	5558  	6789  	7856  	8711  	8933  	8792  	8308  	7376  	6425  	5211  	4190  	3061  	2243  	1567  	1059  	645   	391   	263   	151   	89    	44    	23    	9     	5     	nan   	nan   	nan   
100000   	3    	5.239800e-03	1     	2     	4     	8     	16    	32    	64    	127   	243   	446   	758   	1308  	2076  	3166  	4434  	5945  	7355  	8634  	9490  	9720  	9468  	8652  	7414  	5993  	4570  	3396  	2396  	1597  	1045  	669   	414   	250   	147   	83    	45    	21    	5     	2     	2     	1     	1     	nan   

