Criação das árvores ordenadas:
n_persons	index	time        
100000   	0    	1.156104e-01
100000   	1    	7.358230e-02
100000   	2    	5.493270e-02
100000   	3    	5.276810e-02

Procura de nós nas árvores:
n_persons	index	time        
100000   	0    	5.558430e-02
100000   	1    	6.178340e-02
100000   	2    	5.627800e-02
100000   	3    	4.939720e-02

Maior profundidade das árvores:
n_persons	index	time        	depth
100000   	0    	5.797500e-03	42   
100000   	1    	4.538800e-03	39   
100000   	2    	4.961400e-03	39   
100000   	3    	5.303700e-03	43   

Número de nós em cada nível:
n_persons	index	time        	lvl0  	lvl1  	lvl2  	lvl3  	lvl4  	lvl5  	lvl6  	lvl7  	lvl8  	lvl9  	lvl10 	lvl11 	lvl12 	lvl13 	lvl14 	lvl15 	lvl16 	lvl17 	lvl18 	lvl19 	lvl20 	lvl21 	lvl22 	lvl23 	lvl24 	lvl25 	lvl26 	lvl27 	lvl28 	lvl29 	lvl30 	lvl31 	lvl32 	lvl33 	lvl34 	lvl35 	lvl36 	lvl37 	lvl38 	lvl39 	lvl40 	lvl41 	lvl42 	lvl43 
100000   	0    	3.930700e-03	1     	2     	4     	8     	16    	32    	61    	114   	202   	359   	614   	975   	1488  	2117  	2910  	3799  	4679  	5529  	6356  	6990  	7583  	7686  	7524  	7071  	6552  	5772  	5042  	4246  	3423  	2662  	1978  	1449  	1024  	703   	443   	269   	150   	73    	46    	26    	12    	6     	4     	nan   
100000   	1    	3.805500e-03	1     	2     	4     	8     	16    	32    	64    	122   	227   	401   	686   	1121  	1788  	2716  	3880  	5332  	6856  	8260  	9304  	9867  	9818  	9067  	7860  	6586  	5199  	3865  	2691  	1737  	1086  	624   	355   	214   	110   	55    	25    	11    	5     	3     	1     	1     	nan   	nan   	nan   	nan   
100000   	2    	4.481800e-03	1     	2     	4     	8     	16    	32    	63    	125   	239   	428   	696   	1068  	1531  	2118  	2873  	3709  	4719  	5791  	6781  	7687  	8338  	8570  	8478  	8031  	7228  	5982  	4779  	3592  	2582  	1792  	1157  	714   	428   	222   	106   	57    	27    	13    	10    	3     	nan   	nan   	nan   	nan   
100000   	3    	4.502700e-03	1     	2     	4     	8     	16    	32    	64    	128   	239   	431   	746   	1198  	1818  	2617  	3612  	4649  	5597  	6368  	6844  	7082  	7104  	6878  	6544  	6141  	5607  	5015  	4383  	3700  	3139  	2637  	2112  	1615  	1210  	887   	608   	420   	260   	146   	72    	37    	19    	7     	2     	1     

