Criação das árvores ordenadas:
n_persons	index	time        
100000   	0    	5.364380e-02
100000   	1    	6.347890e-02
100000   	2    	5.694440e-02
100000   	3    	4.723510e-02

Procura de nós nas árvores:
n_persons	index	time        
100000   	0    	5.288430e-02
100000   	1    	6.311390e-02
100000   	2    	5.689050e-02
100000   	3    	5.276430e-02

Maior profundidade das árvores:
n_persons	index	time        	depth
100000   	0    	4.584400e-03	47   
100000   	1    	4.424200e-03	40   
100000   	2    	5.024900e-03	39   
100000   	3    	5.088800e-03	46   

Número de nós em cada nível:
n_persons	index	time        	lvl0  	lvl1  	lvl2  	lvl3  	lvl4  	lvl5  	lvl6  	lvl7  	lvl8  	lvl9  	lvl10 	lvl11 	lvl12 	lvl13 	lvl14 	lvl15 	lvl16 	lvl17 	lvl18 	lvl19 	lvl20 	lvl21 	lvl22 	lvl23 	lvl24 	lvl25 	lvl26 	lvl27 	lvl28 	lvl29 	lvl30 	lvl31 	lvl32 	lvl33 	lvl34 	lvl35 	lvl36 	lvl37 	lvl38 	lvl39 	lvl40 	lvl41 	lvl42 	lvl43 	lvl44 	lvl45 	lvl46 	lvl47 
100000   	0    	4.007800e-03	1     	2     	4     	8     	16    	32    	63    	121   	234   	433   	780   	1288  	2007  	2871  	3984  	5065  	6052  	6865  	7440  	7698  	7785  	7436  	7057  	6344  	5615  	4790  	3936  	3156  	2526  	1917  	1417  	1027  	738   	505   	317   	216   	118   	61    	32    	17    	6     	5     	4     	4     	3     	2     	1     	1     
100000   	1    	3.996800e-03	1     	2     	4     	8     	16    	32    	64    	124   	237   	430   	735   	1182  	1807  	2609  	3610  	4704  	5912  	6864  	7672  	8109  	8296  	8037  	7550  	6655  	5781  	4871  	4017  	3157  	2402  	1739  	1260  	826   	545   	335   	192   	101   	52    	29    	21    	9     	3     	nan   	nan   	nan   	nan   	nan   	nan   	nan   
100000   	2    	4.677800e-03	1     	2     	4     	8     	16    	32    	62    	118   	230   	427   	765   	1271  	2020  	2995  	4210  	5440  	6568  	7539  	8271  	8759  	8713  	8301  	7466  	6446  	5416  	4363  	3327  	2366  	1704  	1148  	754   	500   	323   	198   	120   	64    	33    	12    	5     	3     	nan   	nan   	nan   	nan   	nan   	nan   	nan   	nan   
100000   	3    	4.462600e-03	1     	2     	4     	8     	16    	32    	64    	124   	230   	425   	756   	1257  	1940  	2829  	3740  	4816  	5825  	6857  	7625  	8258  	8447  	8219  	7718  	6799  	5853  	4776  	3799  	2868  	2114  	1557  	1087  	728   	490   	310   	178   	97    	48    	26    	20    	18    	14    	9     	5     	5     	3     	2     	1     	nan   

