Criação das árvores ordenadas:
n_persons	index	time        
100000   	0    	5.114440e-02
100000   	1    	6.150420e-02
100000   	2    	5.427760e-02
100000   	3    	4.740700e-02

Procura de nós nas árvores:
n_persons	index	time        
100000   	0    	5.743520e-02
100000   	1    	6.640020e-02
100000   	2    	5.794640e-02
100000   	3    	5.658420e-02

Maior profundidade das árvores:
n_persons	index	time        	depth
100000   	0    	4.467300e-03	42   
100000   	1    	4.904300e-03	43   
100000   	2    	5.074700e-03	42   
100000   	3    	4.843100e-03	40   

Número de nós em cada nível:
n_persons	index	time        	lvl0  	lvl1  	lvl2  	lvl3  	lvl4  	lvl5  	lvl6  	lvl7  	lvl8  	lvl9  	lvl10 	lvl11 	lvl12 	lvl13 	lvl14 	lvl15 	lvl16 	lvl17 	lvl18 	lvl19 	lvl20 	lvl21 	lvl22 	lvl23 	lvl24 	lvl25 	lvl26 	lvl27 	lvl28 	lvl29 	lvl30 	lvl31 	lvl32 	lvl33 	lvl34 	lvl35 	lvl36 	lvl37 	lvl38 	lvl39 	lvl40 	lvl41 	lvl42 	lvl43 
100000   	0    	3.901400e-03	1     	2     	4     	8     	16    	32    	64    	128   	238   	429   	727   	1184  	1808  	2616  	3645  	4722  	5932  	6992  	7882  	8227  	8292  	7981  	7431  	6697  	5845  	4925  	4065  	3071  	2248  	1558  	1075  	752   	523   	354   	237   	132   	72    	40    	18    	13    	10    	3     	1     	nan   
100000   	1    	4.174500e-03	1     	2     	4     	8     	16    	32    	63    	124   	238   	441   	762   	1264  	1973  	2856  	3995  	5267  	6574  	7814  	8789  	9325  	9316  	8789  	7821  	6708  	5267  	4080  	2985  	2046  	1296  	833   	549   	337   	186   	98    	52    	35    	23    	11    	6     	5     	5     	2     	1     	1     
100000   	2    	4.896600e-03	1     	2     	4     	8     	16    	32    	64    	121   	211   	385   	642   	1044  	1574  	2351  	3371  	4562  	5893  	7204  	8264  	8963  	9175  	8904  	8168  	7182  	5849  	4561  	3431  	2499  	1736  	1187  	877   	586   	396   	263   	201   	113   	73    	38    	27    	15    	4     	2     	1     	nan   
100000   	3    	4.581600e-03	1     	2     	4     	8     	16    	32    	64    	123   	230   	410   	714   	1176  	1817  	2723  	3827  	5037  	6377  	7492  	8336  	8702  	8731  	8449  	7756  	6789  	5731  	4606  	3453  	2512  	1709  	1165  	777   	499   	332   	191   	102   	51    	28    	16    	8     	3     	1     	nan   	nan   	nan   

