Criação das árvores ordenadas:
n_persons	index	time        
100000   	0    	5.317520e-02
100000   	1    	6.192490e-02
100000   	2    	5.910730e-02
100000   	3    	4.650700e-02

Procura de nós nas árvores:
n_persons	index	time        
100000   	0    	5.940170e-02
100000   	1    	5.978270e-02
100000   	2    	6.507120e-02
100000   	3    	4.949690e-02

Maior profundidade das árvores:
n_persons	index	time        	depth
100000   	0    	4.478100e-03	38   
100000   	1    	4.347500e-03	40   
100000   	2    	4.784700e-03	37   
100000   	3    	5.260300e-03	42   

Número de nós em cada nível:
n_persons	index	time        	lvl0  	lvl1  	lvl2  	lvl3  	lvl4  	lvl5  	lvl6  	lvl7  	lvl8  	lvl9  	lvl10 	lvl11 	lvl12 	lvl13 	lvl14 	lvl15 	lvl16 	lvl17 	lvl18 	lvl19 	lvl20 	lvl21 	lvl22 	lvl23 	lvl24 	lvl25 	lvl26 	lvl27 	lvl28 	lvl29 	lvl30 	lvl31 	lvl32 	lvl33 	lvl34 	lvl35 	lvl36 	lvl37 	lvl38 	lvl39 	lvl40 	lvl41 	lvl42 
100000   	0    	4.193000e-03	1     	2     	4     	8     	16    	32    	63    	125   	240   	437   	770   	1275  	2039  	3017  	4179  	5361  	6729  	7819  	8668  	9078  	9026  	8510  	7763  	6498  	5261  	4045  	2969  	2159  	1516  	992   	611   	362   	234   	108   	49    	19    	10    	3     	2     	nan   	nan   	nan   	nan   
100000   	1    	3.951600e-03	1     	2     	4     	8     	16    	32    	64    	122   	221   	382   	651   	1073  	1666  	2423  	3239  	4239  	5211  	6269  	7258  	8029  	8555  	8716  	8356  	7644  	6572  	5501  	4324  	3223  	2249  	1548  	984   	614   	374   	217   	117   	60    	22    	7     	4     	2     	1     	nan   	nan   
100000   	2    	4.342800e-03	1     	2     	4     	8     	16    	32    	64    	126   	237   	432   	760   	1307  	2090  	3160  	4560  	6042  	7387  	8582  	9196  	9527  	9286  	8561  	7419  	6152  	4815  	3600  	2570  	1716  	1087  	669   	327   	151   	65    	31    	9     	5     	3     	1     	nan   	nan   	nan   	nan   	nan   
100000   	3    	4.772200e-03	1     	2     	4     	8     	16    	32    	63    	121   	224   	415   	713   	1185  	1800  	2662  	3710  	4902  	6229  	7211  	7923  	8194  	8199  	7885  	7407  	6708  	5830  	4976  	3976  	3043  	2206  	1590  	1039  	675   	424   	266   	164   	90    	57    	27    	9     	7     	3     	3     	1     

