Criação das árvores ordenadas:
n_persons	index	time        
100000   	0    	5.286070e-02
100000   	1    	6.303010e-02
100000   	2    	5.409450e-02
100000   	3    	4.695370e-02

Procura de nós nas árvores:
n_persons	index	time        
100000   	0    	5.182890e-02
100000   	1    	6.590080e-02
100000   	2    	6.119720e-02
100000   	3    	1.053295e-01

Maior profundidade das árvores:
n_persons	index	time        	depth
100000   	0    	5.636600e-03	39   
100000   	1    	5.598400e-03	37   
100000   	2    	5.802300e-03	39   
100000   	3    	6.694500e-03	42   

Número de nós em cada nível:
n_persons	index	time        	lvl0  	lvl1  	lvl2  	lvl3  	lvl4  	lvl5  	lvl6  	lvl7  	lvl8  	lvl9  	lvl10 	lvl11 	lvl12 	lvl13 	lvl14 	lvl15 	lvl16 	lvl17 	lvl18 	lvl19 	lvl20 	lvl21 	lvl22 	lvl23 	lvl24 	lvl25 	lvl26 	lvl27 	lvl28 	lvl29 	lvl30 	lvl31 	lvl32 	lvl33 	lvl34 	lvl35 	lvl36 	lvl37 	lvl38 	lvl39 	lvl40 	lvl41 	lvl42 
100000   	0    	4.626200e-03	1     	2     	4     	8     	16    	32    	64    	125   	245   	458   	807   	1319  	2086  	3087  	4322  	5627  	7029  	8292  	9218  	9618  	9331  	8473  	7384  	6170  	4935  	3721  	2701  	1818  	1180  	789   	478   	292   	186   	103   	50    	18    	6     	1     	2     	2     	nan   	nan   	nan   
100000   	1    	4.654700e-03	1     	2     	4     	8     	16    	32    	63    	122   	227   	394   	690   	1112  	1716  	2498  	3468  	4569  	5669  	6760  	7747  	8405  	8882  	8852  	8302  	7573  	6438  	5118  	3859  	2790  	1871  	1175  	724   	410   	252   	131   	80    	28    	8     	4     	nan   	nan   	nan   	nan   	nan   
100000   	2    	5.647100e-03	1     	2     	4     	8     	16    	32    	63    	120   	230   	422   	712   	1178  	1825  	2669  	3727  	4811  	5945  	6999  	7790  	8283  	8371  	8133  	7553  	6939  	6081  	5031  	3952  	3051  	2195  	1511  	997   	627   	354   	179   	107   	55    	15    	7     	3     	2     	nan   	nan   	nan   
100000   	3    	5.685100e-03	1     	2     	4     	8     	16    	32    	64    	125   	234   	410   	702   	1127  	1735  	2553  	3565  	4695  	5737  	6878  	7755  	8233  	8275  	8166  	7540  	6699  	5857  	4868  	3896  	3046  	2324  	1761  	1308  	920   	597   	386   	243   	139   	63    	21    	9     	3     	1     	1     	1     

