Criação das árvores ordenadas:
n_persons	index	time        
100000   	0    	5.136060e-02
100000   	1    	6.269780e-02
100000   	2    	5.328240e-02
100000   	3    	4.656140e-02

Procura de nós nas árvores:
n_persons	index	time        
100000   	0    	5.098790e-02
100000   	1    	5.815180e-02
100000   	2    	5.415460e-02
100000   	3    	5.276530e-02

Maior profundidade das árvores:
n_persons	index	time        	depth
100000   	0    	1.177720e-02	41   
100000   	1    	7.228900e-03	40   
100000   	2    	1.146080e-02	41   
100000   	3    	6.294800e-03	38   

Número de nós em cada nível:
n_persons	index	time        	lvl0  	lvl1  	lvl2  	lvl3  	lvl4  	lvl5  	lvl6  	lvl7  	lvl8  	lvl9  	lvl10 	lvl11 	lvl12 	lvl13 	lvl14 	lvl15 	lvl16 	lvl17 	lvl18 	lvl19 	lvl20 	lvl21 	lvl22 	lvl23 	lvl24 	lvl25 	lvl26 	lvl27 	lvl28 	lvl29 	lvl30 	lvl31 	lvl32 	lvl33 	lvl34 	lvl35 	lvl36 	lvl37 	lvl38 	lvl39 	lvl40 	lvl41 
100000   	0    	8.520800e-03	1     	2     	4     	8     	16    	30    	58    	112   	216   	390   	699   	1184  	1829  	2727  	3828  	5036  	6121  	7099  	8024  	8518  	8615  	8199  	7606  	6711  	5733  	4668  	3715  	2812  	2051  	1464  	971   	648   	418   	242   	127   	63    	28    	9     	8     	6     	3     	1     
100000   	1    	6.602000e-03	1     	2     	4     	8     	16    	32    	59    	109   	202   	368   	635   	1035  	1565  	2277  	3103  	4064  	5128  	6191  	7205  	7840  	8123  	8086  	7743  	7088  	6382  	5455  	4506  	3634  	2844  	2154  	1515  	1063  	691   	423   	232   	119   	60    	24    	9     	4     	1     	nan   
100000   	2    	5.726500e-03	1     	2     	4     	8     	16    	30    	60    	118   	220   	415   	741   	1207  	1872  	2717  	3868  	5117  	6361  	7600  	8535  	9036  	9076  	8670  	7763  	6774  	5528  	4296  	3230  	2390  	1717  	1114  	719   	382   	220   	100   	43    	22    	12    	5     	5     	3     	2     	1     
100000   	3    	8.026600e-03	1     	2     	4     	8     	16    	32    	63    	121   	228   	423   	752   	1304  	2095  	3167  	4397  	5845  	7201  	8386  	9219  	9612  	9478  	8744  	7666  	6287  	4854  	3536  	2478  	1679  	1051  	612   	337   	195   	104   	62    	28    	6     	4     	2     	1     	nan   	nan   	nan   

