Criação das árvores ordenadas:
n_persons	index	time        
100000   	0    	5.108590e-02
100000   	1    	1.002881e-01
100000   	2    	8.542600e-02
100000   	3    	5.098820e-02

Procura de nós nas árvores:
n_persons	index	time        
100000   	0    	5.545830e-02
100000   	1    	6.469950e-02
100000   	2    	5.472490e-02
100000   	3    	4.881600e-02

Maior profundidade das árvores:
n_persons	index	time        	depth
100000   	0    	4.281500e-03	40   
100000   	1    	4.666900e-03	42   
100000   	2    	4.831400e-03	38   
100000   	3    	4.865800e-03	39   

Número de nós em cada nível:
n_persons	index	time        	lvl0  	lvl1  	lvl2  	lvl3  	lvl4  	lvl5  	lvl6  	lvl7  	lvl8  	lvl9  	lvl10 	lvl11 	lvl12 	lvl13 	lvl14 	lvl15 	lvl16 	lvl17 	lvl18 	lvl19 	lvl20 	lvl21 	lvl22 	lvl23 	lvl24 	lvl25 	lvl26 	lvl27 	lvl28 	lvl29 	lvl30 	lvl31 	lvl32 	lvl33 	lvl34 	lvl35 	lvl36 	lvl37 	lvl38 	lvl39 	lvl40 	lvl41 	lvl42 
100000   	0    	4.002600e-03	1     	2     	4     	8     	16    	30    	58    	114   	219   	384   	658   	1056  	1621  	2349  	3329  	4493  	5735  	6836  	7830  	8439  	8665  	8480  	8048  	7125  	6143  	4989  	3963  	3003  	2209  	1552  	1049  	640   	389   	225   	148   	90    	57    	26    	13    	3     	1     	nan   	nan   
100000   	1    	4.231000e-03	1     	2     	4     	8     	16    	32    	64    	124   	232   	426   	726   	1148  	1737  	2474  	3270  	4130  	4875  	5689  	6440  	7201  	7683  	7888  	7634  	7165  	6544  	5754  	4866  	3926  	2937  	2240  	1611  	1144  	780   	536   	331   	186   	90    	43    	18    	10    	9     	5     	1     
100000   	2    	4.564700e-03	1     	2     	4     	8     	16    	32    	64    	123   	222   	397   	665   	1074  	1613  	2357  	3266  	4331  	5554  	6819  	7918  	8724  	9037  	8836  	8301  	7323  	6301  	5043  	3951  	2953  	2003  	1317  	788   	456   	257   	136   	60    	30    	12    	4     	2     	nan   	nan   	nan   	nan   
100000   	3    	4.403500e-03	1     	2     	4     	8     	16    	32    	64    	122   	237   	425   	725   	1189  	1838  	2679  	3714  	4833  	6099  	7369  	8355  	8908  	9149  	8748  	7979  	6961  	5794  	4584  	3456  	2498  	1685  	1158  	655   	356   	194   	90    	45    	18    	5     	3     	1     	1     	nan   	nan   	nan   

