Criação das árvores ordenadas:
n_persons	index	time        
100000   	0    	5.115670e-02
100000   	1    	6.660450e-02
100000   	2    	5.551720e-02
100000   	3    	4.627860e-02

Procura de nós nas árvores:
n_persons	index	time        
100000   	0    	5.466910e-02
100000   	1    	6.293390e-02
100000   	2    	5.525970e-02
100000   	3    	4.839810e-02

Maior profundidade das árvores:
n_persons	index	time        	depth
100000   	0    	4.461600e-03	40   
100000   	1    	4.297100e-03	39   
100000   	2    	4.935900e-03	41   
100000   	3    	4.732800e-03	38   

Número de nós em cada nível:
n_persons	index	time        	lvl0  	lvl1  	lvl2  	lvl3  	lvl4  	lvl5  	lvl6  	lvl7  	lvl8  	lvl9  	lvl10 	lvl11 	lvl12 	lvl13 	lvl14 	lvl15 	lvl16 	lvl17 	lvl18 	lvl19 	lvl20 	lvl21 	lvl22 	lvl23 	lvl24 	lvl25 	lvl26 	lvl27 	lvl28 	lvl29 	lvl30 	lvl31 	lvl32 	lvl33 	lvl34 	lvl35 	lvl36 	lvl37 	lvl38 	lvl39 	lvl40 	lvl41 
100000   	0    	4.218700e-03	1     	2     	4     	8     	16    	31    	61    	119   	223   	407   	704   	1160  	1842  	2712  	3685  	4761  	5847  	6858  	7651  	8075  	8344  	8395  	7888  	7149  	6152  	5049  	3947  	2981  	2118  	1484  	952   	568   	357   	194   	117   	67    	44    	16    	8     	2     	1     	nan   
100000   	1    	3.731800e-03	1     	2     	4     	8     	16    	32    	64    	120   	225   	385   	654   	1045  	1571  	2235  	3054  	4063  	5273  	6535  	7594  	8633  	9060  	9236  	8628  	7759  	6557  	5211  	4001  	2863  	1945  	1307  	849   	510   	273   	148   	84    	33    	15    	4     	2     	1     	nan   	nan   
100000   	2    	4.283700e-03	1     	2     	4     	8     	16    	32    	64    	127   	250   	464   	815   	1370  	2150  	3154  	4466  	5890  	7218  	8461  	9324  	9513  	9267  	8428  	7196  	5962  	4789  	3652  	2655  	1792  	1167  	734   	471   	271   	150   	79    	28    	12    	5     	4     	5     	2     	1     	1     
100000   	3    	4.419200e-03	1     	2     	4     	8     	16    	32    	64    	124   	240   	439   	772   	1294  	2035  	3019  	4180  	5553  	6801  	7910  	8657  	9062  	8849  	8224  	7261  	6310  	5225  	4088  	3090  	2314  	1613  	1080  	726   	460   	271   	156   	70    	31    	12    	4     	3     	nan   	nan   	nan   

