Criação das árvores ordenadas:
n_persons	index	time        
100000   	0    	5.777000e-02
100000   	1    	6.866980e-02
100000   	2    	5.743860e-02
100000   	3    	5.259210e-02

Procura de nós nas árvores:
n_persons	index	time        
100000   	0    	5.759460e-02
100000   	1    	7.536800e-02
100000   	2    	5.946120e-02
100000   	3    	5.013820e-02

Maior profundidade das árvores:
n_persons	index	time        	depth
100000   	0    	5.326500e-03	40   
100000   	1    	5.068700e-03	44   
100000   	2    	5.469200e-03	38   
100000   	3    	5.434300e-03	40   

Número de nós em cada nível:
n_persons	index	time        	lvl0  	lvl1  	lvl2  	lvl3  	lvl4  	lvl5  	lvl6  	lvl7  	lvl8  	lvl9  	lvl10 	lvl11 	lvl12 	lvl13 	lvl14 	lvl15 	lvl16 	lvl17 	lvl18 	lvl19 	lvl20 	lvl21 	lvl22 	lvl23 	lvl24 	lvl25 	lvl26 	lvl27 	lvl28 	lvl29 	lvl30 	lvl31 	lvl32 	lvl33 	lvl34 	lvl35 	lvl36 	lvl37 	lvl38 	lvl39 	lvl40 	lvl41 	lvl42 	lvl43 	lvl44 
100000   	0    	4.148400e-03	1     	2     	4     	8     	16    	30    	58    	100   	179   	307   	497   	795   	1208  	1752  	2486  	3427  	4517  	5635  	6689  	7566  	8120  	8363  	8128  	7653  	6906  	5910  	4990  	3961  	3066  	2276  	1673  	1179  	852   	644   	384   	269   	171   	99    	51    	21    	7     	nan   	nan   	nan   	nan   
100000   	1    	3.986700e-03	1     	2     	4     	8     	16    	32    	63    	120   	215   	374   	604   	897   	1238  	1703  	2235  	2771  	3402  	3987  	4617  	5285  	5831  	6320  	6710  	7020  	6899  	6642  	6122  	5503  	4772  	4019  	3293  	2535  	2016  	1558  	1140  	794   	516   	317   	176   	111   	62    	40    	19    	10    	1     
100000   	2    	4.600400e-03	1     	2     	4     	8     	16    	32    	64    	125   	233   	430   	760   	1251  	1964  	2918  	4013  	5325  	6693  	7817  	8692  	8912  	8808  	8330  	7566  	6440  	5314  	4204  	3271  	2365  	1637  	1060  	707   	431   	262   	157   	88    	58    	30    	9     	3     	nan   	nan   	nan   	nan   	nan   	nan   
100000   	3    	5.012100e-03	1     	2     	4     	8     	16    	32    	64    	123   	227   	414   	713   	1167  	1868  	2695  	3729  	4982  	6279  	7489  	8413  	9044  	9010  	8595  	7692  	6527  	5380  	4336  	3312  	2555  	1886  	1315  	887   	551   	314   	181   	93    	55    	22    	8     	6     	4     	1     	nan   	nan   	nan   	nan   

