Criação das árvores ordenadas:
n_persons	index	time        
100000   	0    	5.178970e-02
100000   	1    	6.211640e-02
100000   	2    	5.760060e-02
100000   	3    	4.743740e-02

Procura de nós nas árvores:
n_persons	index	time        
100000   	0    	5.337590e-02
100000   	1    	6.050760e-02
100000   	2    	5.688050e-02
100000   	3    	5.034170e-02

Maior profundidade das árvores:
n_persons	index	time        	depth
100000   	0    	4.554200e-03	38   
100000   	1    	4.602700e-03	38   
100000   	2    	5.097100e-03	40   
100000   	3    	5.249600e-03	40   

Número de nós em cada nível:
n_persons	index	time        	lvl0  	lvl1  	lvl2  	lvl3  	lvl4  	lvl5  	lvl6  	lvl7  	lvl8  	lvl9  	lvl10 	lvl11 	lvl12 	lvl13 	lvl14 	lvl15 	lvl16 	lvl17 	lvl18 	lvl19 	lvl20 	lvl21 	lvl22 	lvl23 	lvl24 	lvl25 	lvl26 	lvl27 	lvl28 	lvl29 	lvl30 	lvl31 	lvl32 	lvl33 	lvl34 	lvl35 	lvl36 	lvl37 	lvl38 	lvl39 	lvl40 
100000   	0    	3.857300e-03	1     	2     	4     	8     	15    	30    	58    	109   	207   	392   	704   	1197  	1926  	2897  	4098  	5302  	6500  	7638  	8466  	8891  	8986  	8680  	7845  	6797  	5556  	4337  	3210  	2292  	1504  	971   	597   	371   	195   	111   	52    	29    	17    	4     	1     	nan   	nan   
100000   	1    	3.904100e-03	1     	2     	4     	8     	16    	32    	63    	113   	206   	368   	622   	995   	1564  	2253  	3177  	4274  	5439  	6527  	7473  	8203  	8690  	8788  	8473  	7811  	6702  	5515  	4241  	2993  	2065  	1377  	867   	518   	307   	152   	95    	42    	17    	6     	1     	nan   	nan   
100000   	2    	4.233700e-03	1     	2     	4     	8     	16    	32    	64    	120   	223   	395   	649   	1025  	1543  	2188  	2935  	3819  	4797  	5681  	6445  	6983  	7344  	7436  	7243  	6754  	6302  	5757  	5040  	4386  	3689  	2907  	2177  	1492  	995   	660   	409   	256   	129   	62    	23    	8     	1     
100000   	3    	4.533400e-03	1     	2     	4     	8     	16    	31    	58    	113   	213   	382   	633   	1000  	1536  	2255  	3195  	4271  	5243  	6394  	7371  	8199  	8508  	8529  	8097  	7316  	6379  	5208  	4237  	3335  	2462  	1845  	1231  	815   	502   	300   	162   	89    	36    	17    	5     	1     	1     

