Criação das árvores ordenadas:
n_persons	index	time        
100000   	0    	6.276750e-02
100000   	1    	8.413830e-02
100000   	2    	7.611790e-02
100000   	3    	6.909910e-02

Procura de nós nas árvores:
n_persons	index	time        
100000   	0    	7.925830e-02
100000   	1    	8.804490e-02
100000   	2    	1.052716e-01
100000   	3    	1.390238e-01

Maior profundidade das árvores:
n_persons	index	time        	depth
100000   	0    	5.975400e-03	45   
100000   	1    	8.617500e-03	40   
100000   	2    	6.471200e-03	38   
100000   	3    	6.625100e-03	41   

Número de nós em cada nível:
n_persons	index	time        	lvl0  	lvl1  	lvl2  	lvl3  	lvl4  	lvl5  	lvl6  	lvl7  	lvl8  	lvl9  	lvl10 	lvl11 	lvl12 	lvl13 	lvl14 	lvl15 	lvl16 	lvl17 	lvl18 	lvl19 	lvl20 	lvl21 	lvl22 	lvl23 	lvl24 	lvl25 	lvl26 	lvl27 	lvl28 	lvl29 	lvl30 	lvl31 	lvl32 	lvl33 	lvl34 	lvl35 	lvl36 	lvl37 	lvl38 	lvl39 	lvl40 	lvl41 	lvl42 	lvl43 	lvl44 	lvl45 
100000   	0    	5.230500e-03	1     	2     	4     	8     	16    	32    	63    	122   	235   	428   	765   	1267  	1998  	3007  	4172  	5299  	6472  	7528  	8108  	8313  	8054  	7568  	6739  	5850  	4858  	4056  	3331  	2697  	2200  	1756  	1424  	1069  	829   	610   	417   	282   	178   	100   	62    	40    	19    	8     	6     	4     	2     	1     
100000   	1    	5.269900e-03	1     	2     	4     	8     	16    	32    	63    	121   	219   	392   	644   	1018  	1571  	2343  	3371  	4675  	6151  	7592  	8694  	9336  	9434  	9041  	8140  	7000  	5656  	4406  	3273  	2377  	1650  	1121  	692   	409   	247   	138   	83    	39    	20    	10    	5     	5     	1     	nan   	nan   	nan   	nan   	nan   
100000   	2    	5.649600e-03	1     	2     	4     	8     	15    	28    	56    	110   	212   	392   	684   	1133  	1760  	2605  	3590  	4750  	5907  	7017  	7928  	8450  	8469  	8153  	7656  	6889  	5983  	5104  	4042  	3101  	2212  	1535  	960   	565   	324   	198   	104   	39    	11    	2     	1     	nan   	nan   	nan   	nan   	nan   	nan   	nan   
100000   	3    	6.000900e-03	1     	2     	4     	8     	16    	32    	64    	123   	237   	434   	763   	1264  	1988  	2945  	4059  	5262  	6500  	7604  	8334  	8669  	8536  	7998  	7313  	6291  	5284  	4254  	3420  	2645  	1922  	1367  	985   	654   	440   	267   	161   	83    	42    	20    	5     	2     	1     	1     	nan   	nan   	nan   	nan   

