Criação das árvores ordenadas:
n_persons	index	time        
100000   	0    	5.547920e-02
100000   	1    	6.680620e-02
100000   	2    	6.021160e-02
100000   	3    	5.884110e-02

Procura de nós nas árvores:
n_persons	index	time        
100000   	0    	6.474550e-02
100000   	1    	8.762580e-02
100000   	2    	8.140730e-02
100000   	3    	6.298730e-02

Maior profundidade das árvores:
n_persons	index	time        	depth
100000   	0    	5.213800e-03	45   
100000   	1    	5.436500e-03	41   
100000   	2    	5.773800e-03	38   
100000   	3    	6.475000e-03	39   

Número de nós em cada nível:
n_persons	index	time        	lvl0  	lvl1  	lvl2  	lvl3  	lvl4  	lvl5  	lvl6  	lvl7  	lvl8  	lvl9  	lvl10 	lvl11 	lvl12 	lvl13 	lvl14 	lvl15 	lvl16 	lvl17 	lvl18 	lvl19 	lvl20 	lvl21 	lvl22 	lvl23 	lvl24 	lvl25 	lvl26 	lvl27 	lvl28 	lvl29 	lvl30 	lvl31 	lvl32 	lvl33 	lvl34 	lvl35 	lvl36 	lvl37 	lvl38 	lvl39 	lvl40 	lvl41 	lvl42 	lvl43 	lvl44 	lvl45 
100000   	0    	4.995600e-03	1     	2     	4     	8     	16    	32    	64    	125   	241   	438   	755   	1244  	1916  	2736  	3768  	4916  	5979  	7095  	7942  	8425  	8407  	8184  	7545  	6709  	5760  	4763  	3738  	2786  	1938  	1381  	899   	596   	420   	312   	237   	179   	136   	114   	85    	55    	28    	11    	6     	2     	1     	1     
100000   	1    	5.001100e-03	1     	2     	4     	8     	16    	31    	59    	116   	218   	394   	671   	1094  	1653  	2361  	3183  	4234  	5444  	6642  	7659  	8326  	8660  	8638  	8151  	7431  	6411  	5326  	4193  	3184  	2251  	1484  	914   	581   	322   	172   	83    	41    	23    	11    	3     	2     	2     	1     	nan   	nan   	nan   	nan   
100000   	2    	5.424500e-03	1     	2     	4     	8     	16    	32    	64    	123   	220   	395   	670   	1102  	1764  	2656  	3708  	5012  	6308  	7550  	8376  	8876  	8905  	8535  	7868  	6983  	5850  	4661  	3499  	2497  	1601  	1069  	715   	430   	253   	140   	62    	28    	6     	8     	3     	nan   	nan   	nan   	nan   	nan   	nan   	nan   
100000   	3    	5.369400e-03	1     	2     	4     	8     	14    	27    	50    	90    	166   	299   	545   	940   	1502  	2327  	3324  	4561  	5738  	6855  	7807  	8503  	8715  	8702  	8036  	7225  	6174  	5128  	3941  	2867  	2122  	1431  	1022  	709   	477   	323   	186   	99    	45    	28    	6     	1     	nan   	nan   	nan   	nan   	nan   	nan   

