Criação das árvores ordenadas:
n_persons	index	time        
100000   	0    	6.134560e-02
100000   	1    	6.836130e-02
100000   	2    	6.346160e-02
100000   	3    	5.856010e-02

Procura de nós nas árvores:
n_persons	index	time        
100000   	0    	6.245310e-02
100000   	1    	7.198130e-02
100000   	2    	6.742350e-02
100000   	3    	5.849450e-02

Maior profundidade das árvores:
n_persons	index	time        	depth
100000   	0    	5.155500e-03	38   
100000   	1    	5.283300e-03	41   
100000   	2    	5.919500e-03	43   
100000   	3    	5.731500e-03	39   

Número de nós em cada nível:
n_persons	index	time        	lvl0  	lvl1  	lvl2  	lvl3  	lvl4  	lvl5  	lvl6  	lvl7  	lvl8  	lvl9  	lvl10 	lvl11 	lvl12 	lvl13 	lvl14 	lvl15 	lvl16 	lvl17 	lvl18 	lvl19 	lvl20 	lvl21 	lvl22 	lvl23 	lvl24 	lvl25 	lvl26 	lvl27 	lvl28 	lvl29 	lvl30 	lvl31 	lvl32 	lvl33 	lvl34 	lvl35 	lvl36 	lvl37 	lvl38 	lvl39 	lvl40 	lvl41 	lvl42 	lvl43 
100000   	0    	4.963400e-03	1     	2     	4     	8     	16    	32    	64    	124   	232   	420   	720   	1201  	1918  	2929  	4182  	5598  	7018  	8255  	9212  	9629  	9302  	8575  	7529  	6344  	5044  	3810  	2771  	1901  	1271  	791   	457   	266   	165   	92    	60    	31    	18    	5     	3     	nan   	nan   	nan   	nan   	nan   
100000   	1    	5.013800e-03	1     	2     	4     	8     	16    	32    	63    	114   	200   	349   	603   	997   	1565  	2339  	3379  	4569  	5930  	7259  	8485  	9301  	9596  	9137  	8256  	7162  	5834  	4564  	3444  	2482  	1663  	1097  	696   	417   	221   	125   	47    	22    	6     	3     	2     	4     	3     	3     	nan   	nan   
100000   	2    	5.313600e-03	1     	2     	4     	8     	16    	32    	64    	125   	245   	455   	817   	1373  	2200  	3195  	4390  	5722  	6940  	7901  	8631  	8884  	8741  	8113  	7316  	6152  	4920  	3851  	2978  	2177  	1603  	1147  	788   	490   	281   	158   	104   	55    	43    	36    	20    	13    	3     	2     	2     	2     
100000   	3    	6.777500e-03	1     	2     	4     	8     	16    	32    	58    	110   	205   	384   	660   	1117  	1799  	2712  	3833  	5102  	6297  	7304  	8062  	8567  	8416  	7991  	7416  	6689  	5786  	4791  	3835  	2862  	2081  	1523  	1029  	625   	323   	191   	100   	43    	15    	8     	2     	1     	nan   	nan   	nan   	nan   

