Criação das árvores ordenadas:
n_persons	index	time        
100000   	0    	5.562440e-02
100000   	1    	1.106310e-01
100000   	2    	7.494030e-02
100000   	3    	4.838420e-02

Procura de nós nas árvores:
n_persons	index	time        
100000   	0    	5.311280e-02
100000   	1    	6.099810e-02
100000   	2    	5.823210e-02
100000   	3    	4.868280e-02

Maior profundidade das árvores:
n_persons	index	time        	depth
100000   	0    	4.281800e-03	37   
100000   	1    	4.673400e-03	37   
100000   	2    	5.135400e-03	42   
100000   	3    	4.908100e-03	40   

Número de nós em cada nível:
n_persons	index	time        	lvl0  	lvl1  	lvl2  	lvl3  	lvl4  	lvl5  	lvl6  	lvl7  	lvl8  	lvl9  	lvl10 	lvl11 	lvl12 	lvl13 	lvl14 	lvl15 	lvl16 	lvl17 	lvl18 	lvl19 	lvl20 	lvl21 	lvl22 	lvl23 	lvl24 	lvl25 	lvl26 	lvl27 	lvl28 	lvl29 	lvl30 	lvl31 	lvl32 	lvl33 	lvl34 	lvl35 	lvl36 	lvl37 	lvl38 	lvl39 	lvl40 	lvl41 	lvl42 
100000   	0    	4.659900e-03	1     	2     	4     	8     	16    	32    	64    	122   	230   	412   	716   	1144  	1711  	2410  	3382  	4470  	5705  	6867  	7868  	8621  	8860  	8626  	8059  	7314  	6235  	5125  	3883  	2796  	2048  	1338  	839   	502   	295   	160   	79    	33    	16    	7     	nan   	nan   	nan   	nan   	nan   
100000   	1    	4.183100e-03	1     	2     	4     	8     	16    	32    	64    	121   	229   	397   	692   	1128  	1781  	2693  	3811  	4998  	6244  	7523  	8429  	8913  	9036  	8675  	8054  	7055  	5855  	4540  	3405  	2430  	1615  	996   	610   	324   	172   	82    	40    	16    	6     	3     	nan   	nan   	nan   	nan   	nan   
100000   	2    	4.663500e-03	1     	2     	4     	8     	16    	32    	64    	121   	231   	411   	704   	1130  	1691  	2369  	3103  	4013  	4955  	5955  	6894  	7704  	8191  	8318  	8210  	7579  	6772  	5784  	4652  	3553  	2547  	1811  	1271  	815   	487   	272   	135   	97    	50    	25    	9     	6     	5     	2     	1     
100000   	3    	4.434100e-03	1     	2     	4     	8     	16    	32    	64    	123   	231   	427   	765   	1293  	2066  	3062  	4168  	5342  	6560  	7512  	8210  	8591  	8552  	8154  	7415  	6521  	5399  	4299  	3289  	2532  	1832  	1293  	870   	541   	346   	203   	119   	70    	38    	22    	16    	9     	3     	nan   	nan   

