Criação das árvores ordenadas:
n_persons	index	time        
100000   	0    	5.005310e-02
100000   	1    	6.182120e-02
100000   	2    	5.307520e-02
100000   	3    	4.671310e-02

Procura de nós nas árvores:
n_persons	index	time        
100000   	0    	5.754690e-02
100000   	1    	7.062840e-02
100000   	2    	5.790050e-02
100000   	3    	5.123400e-02

Maior profundidade das árvores:
n_persons	index	time        	depth
100000   	0    	4.448900e-03	39   
100000   	1    	4.692600e-03	37   
100000   	2    	4.926100e-03	39   
100000   	3    	4.901800e-03	38   

Número de nós em cada nível:
n_persons	index	time        	lvl0  	lvl1  	lvl2  	lvl3  	lvl4  	lvl5  	lvl6  	lvl7  	lvl8  	lvl9  	lvl10 	lvl11 	lvl12 	lvl13 	lvl14 	lvl15 	lvl16 	lvl17 	lvl18 	lvl19 	lvl20 	lvl21 	lvl22 	lvl23 	lvl24 	lvl25 	lvl26 	lvl27 	lvl28 	lvl29 	lvl30 	lvl31 	lvl32 	lvl33 	lvl34 	lvl35 	lvl36 	lvl37 	lvl38 	lvl39 
100000   	0    	3.961800e-03	1     	2     	4     	8     	16    	31    	62    	120   	224   	402   	702   	1122  	1738  	2585  	3637  	4862  	6069  	7102  	8060  	8599  	8699  	8472  	7890  	7039  	6016  	4898  	3755  	2735  	1905  	1276  	785   	485   	309   	187   	108   	54    	24    	10    	5     	2     
100000   	1    	3.940600e-03	1     	2     	4     	8     	15    	30    	60    	115   	221   	389   	655   	1106  	1733  	2599  	3647  	4790  	5969  	7174  	8067  	8689  	9003  	8742  	8021  	7073  	5874  	4689  	3577  	2704  	1870  	1271  	807   	501   	322   	173   	67    	17    	9     	6     	nan   	nan   
100000   	2    	6.093200e-03	1     	2     	4     	8     	15    	28    	56    	109   	212   	390   	711   	1214  	1909  	2885  	4065  	5417  	6755  	7962  	8827  	9153  	8917  	8357  	7395  	6248  	5172  	4155  	3167  	2347  	1661  	1096  	672   	417   	283   	164   	101   	53    	34    	22    	12    	4     
100000   	3    	4.392300e-03	1     	2     	4     	8     	16    	32    	64    	127   	241   	439   	769   	1232  	1901  	2790  	3839  	5014  	6148  	7283  	8100  	8542  	8628  	8264  	7616  	6716  	5742  	4689  	3755  	2754  	1946  	1379  	850   	507   	297   	174   	82    	29    	14    	5     	1     	nan   

