Criação das árvores ordenadas:
n_persons	index	time        
100000   	0    	5.552370e-02
100000   	1    	7.068630e-02
100000   	2    	5.465490e-02
100000   	3    	5.219300e-02

Procura de nós nas árvores:
n_persons	index	time        
100000   	0    	5.597180e-02
100000   	1    	6.515570e-02
100000   	2    	6.264310e-02
100000   	3    	5.219240e-02

Maior profundidade das árvores:
n_persons	index	time        	depth
100000   	0    	4.374800e-03	38   
100000   	1    	4.596000e-03	40   
100000   	2    	5.064300e-03	39   
100000   	3    	4.944900e-03	40   

Número de nós em cada nível:
n_persons	index	time        	lvl0  	lvl1  	lvl2  	lvl3  	lvl4  	lvl5  	lvl6  	lvl7  	lvl8  	lvl9  	lvl10 	lvl11 	lvl12 	lvl13 	lvl14 	lvl15 	lvl16 	lvl17 	lvl18 	lvl19 	lvl20 	lvl21 	lvl22 	lvl23 	lvl24 	lvl25 	lvl26 	lvl27 	lvl28 	lvl29 	lvl30 	lvl31 	lvl32 	lvl33 	lvl34 	lvl35 	lvl36 	lvl37 	lvl38 	lvl39 	lvl40 
100000   	0    	3.964700e-03	1     	2     	4     	8     	16    	32    	64    	125   	229   	412   	725   	1170  	1793  	2628  	3680  	4902  	6219  	7547  	8519  	9030  	9056  	8583  	7831  	6782  	5577  	4447  	3303  	2476  	1713  	1147  	770   	472   	314   	197   	118   	70    	28    	9     	1     	nan   	nan   
100000   	1    	4.284500e-03	1     	2     	4     	8     	16    	32    	63    	121   	232   	423   	743   	1207  	1853  	2716  	3666  	4689  	5719  	6708  	7535  	8192  	8498  	8335  	7828  	6944  	5903  	4909  	3976  	3017  	2278  	1601  	1064  	687   	450   	270   	144   	78    	39    	25    	16    	6     	2     
100000   	2    	4.778500e-03	1     	2     	4     	8     	16    	32    	64    	125   	231   	416   	702   	1130  	1774  	2615  	3629  	4802  	5965  	6991  	7806  	8243  	8338  	8012  	7450  	6669  	5801  	4892  	4021  	3224  	2500  	1743  	1171  	747   	415   	224   	135   	63    	26    	10    	2     	1     	nan   
100000   	3    	4.506800e-03	1     	2     	4     	8     	16    	32    	61    	117   	221   	398   	670   	1069  	1648  	2382  	3300  	4343  	5466  	6584  	7566  	8226  	8679  	8645  	8348  	7551  	6562  	5323  	4028  	2950  	2106  	1424  	957   	571   	332   	191   	104   	58    	24    	16    	9     	7     	1     

