Criação das árvores ordenadas:
n_persons	index	time        
100000   	0    	5.037980e-02
100000   	1    	6.273560e-02
100000   	2    	6.006630e-02
100000   	3    	4.777480e-02

Procura de nós nas árvores:
n_persons	index	time        
100000   	0    	5.403640e-02
100000   	1    	6.226890e-02
100000   	2    	5.600890e-02
100000   	3    	4.883360e-02

Maior profundidade das árvores:
n_persons	index	time        	depth
100000   	0    	4.699800e-03	39   
100000   	1    	4.507000e-03	38   
100000   	2    	4.869600e-03	35   
100000   	3    	4.950800e-03	37   

Número de nós em cada nível:
n_persons	index	time        	lvl0  	lvl1  	lvl2  	lvl3  	lvl4  	lvl5  	lvl6  	lvl7  	lvl8  	lvl9  	lvl10 	lvl11 	lvl12 	lvl13 	lvl14 	lvl15 	lvl16 	lvl17 	lvl18 	lvl19 	lvl20 	lvl21 	lvl22 	lvl23 	lvl24 	lvl25 	lvl26 	lvl27 	lvl28 	lvl29 	lvl30 	lvl31 	lvl32 	lvl33 	lvl34 	lvl35 	lvl36 	lvl37 	lvl38 	lvl39 
100000   	0    	5.206200e-03	1     	2     	4     	8     	16    	32    	64    	126   	239   	432   	730   	1174  	1819  	2606  	3586  	4712  	5930  	7000  	8005  	8838  	8999  	8815  	8302  	7214  	6022  	4814  	3650  	2532  	1709  	1111  	673   	389   	220   	109   	60    	30    	13    	8     	4     	2     
100000   	1    	4.039300e-03	1     	2     	4     	8     	16    	32    	62    	116   	219   	408   	715   	1175  	1840  	2628  	3573  	4537  	5615  	6573  	7466  	8152  	8503  	8484  	8077  	7295  	6351  	5163  	4074  	2992  	2140  	1442  	968   	599   	363   	210   	99    	55    	27    	11    	5     	nan   
100000   	2    	4.472200e-03	1     	2     	4     	8     	16    	32    	64    	125   	242   	463   	819   	1374  	2179  	3255  	4523  	5882  	7184  	8285  	9049  	9335  	9049  	8357  	7319  	6210  	4847  	3671  	2765  	1923  	1297  	797   	454   	241   	121   	70    	31    	6     	nan   	nan   	nan   	nan   
100000   	3    	4.671200e-03	1     	2     	4     	8     	16    	32    	64    	120   	221   	391   	687   	1122  	1737  	2554  	3577  	4776  	5996  	7126  	8106  	8834  	9063  	8782  	8067  	6970  	5872  	4739  	3666  	2669  	1857  	1241  	772   	481   	263   	116   	47    	13    	4     	4     	nan   	nan   

