Criação das árvores ordenadas:
n_persons	index	time        
100000   	0    	5.160280e-02
100000   	1    	6.335640e-02
100000   	2    	5.406050e-02
100000   	3    	4.739820e-02

Procura de nós nas árvores:
n_persons	index	time        
100000   	0    	5.603490e-02
100000   	1    	6.053220e-02
100000   	2    	5.548700e-02
100000   	3    	5.043830e-02

Maior profundidade das árvores:
n_persons	index	time        	depth
100000   	0    	4.579000e-03	38   
100000   	1    	4.492800e-03	38   
100000   	2    	5.268300e-03	42   
100000   	3    	4.835400e-03	39   

Número de nós em cada nível:
n_persons	index	time        	lvl0  	lvl1  	lvl2  	lvl3  	lvl4  	lvl5  	lvl6  	lvl7  	lvl8  	lvl9  	lvl10 	lvl11 	lvl12 	lvl13 	lvl14 	lvl15 	lvl16 	lvl17 	lvl18 	lvl19 	lvl20 	lvl21 	lvl22 	lvl23 	lvl24 	lvl25 	lvl26 	lvl27 	lvl28 	lvl29 	lvl30 	lvl31 	lvl32 	lvl33 	lvl34 	lvl35 	lvl36 	lvl37 	lvl38 	lvl39 	lvl40 	lvl41 	lvl42 
100000   	0    	4.055800e-03	1     	2     	4     	8     	16    	32    	64    	125   	230   	401   	684   	1121  	1744  	2586  	3682  	4918  	6111  	7233  	8044  	8724  	8871  	8778  	8179  	7341  	6215  	4937  	3645  	2606  	1598  	987   	531   	290   	146   	80    	45    	13    	4     	3     	1     	nan   	nan   	nan   	nan   
100000   	1    	3.851500e-03	1     	2     	4     	8     	16    	31    	57    	107   	184   	307   	504   	778   	1180  	1673  	2320  	3229  	4351  	5548  	6749  	7953  	8724  	9100  	9032  	8464  	7585  	6244  	4918  	3841  	2754  	1813  	1135  	696   	360   	188   	77    	39    	18    	7     	3     	nan   	nan   	nan   	nan   
100000   	2    	4.439200e-03	1     	2     	4     	8     	16    	31    	57    	106   	194   	319   	540   	855   	1376  	2112  	3091  	4347  	5562  	6779  	7878  	8727  	9024  	8977  	8443  	7467  	6324  	5045  	3832  	2837  	2024  	1422  	983   	631   	400   	262   	170   	82    	37    	19    	9     	3     	2     	1     	1     
100000   	3    	4.687900e-03	1     	2     	4     	8     	16    	32    	64    	124   	214   	380   	648   	1065  	1657  	2370  	3200  	4147  	5215  	6305  	7269  	7987  	8451  	8539  	8208  	7586  	6725  	5562  	4407  	3333  	2404  	1567  	986   	662   	387   	240   	120   	53    	32    	20    	6     	4     	nan   	nan   	nan   

