Criação das árvores ordenadas:
n_persons	index	time        
100000   	0    	9.524570e-02
100000   	1    	7.648210e-02
100000   	2    	5.671280e-02
100000   	3    	4.873890e-02

Procura de nós nas árvores:
n_persons	index	time        
100000   	0    	5.563110e-02
100000   	1    	6.039630e-02
100000   	2    	5.718830e-02
100000   	3    	5.296810e-02

Maior profundidade das árvores:
n_persons	index	time        	depth
100000   	0    	4.396900e-03	45   
100000   	1    	4.527700e-03	39   
100000   	2    	5.260600e-03	42   
100000   	3    	5.003400e-03	41   

Número de nós em cada nível:
n_persons	index	time        	lvl0  	lvl1  	lvl2  	lvl3  	lvl4  	lvl5  	lvl6  	lvl7  	lvl8  	lvl9  	lvl10 	lvl11 	lvl12 	lvl13 	lvl14 	lvl15 	lvl16 	lvl17 	lvl18 	lvl19 	lvl20 	lvl21 	lvl22 	lvl23 	lvl24 	lvl25 	lvl26 	lvl27 	lvl28 	lvl29 	lvl30 	lvl31 	lvl32 	lvl33 	lvl34 	lvl35 	lvl36 	lvl37 	lvl38 	lvl39 	lvl40 	lvl41 	lvl42 	lvl43 	lvl44 	lvl45 
100000   	0    	3.909400e-03	1     	2     	4     	8     	16    	32    	64    	126   	242   	449   	769   	1238  	1857  	2640  	3548  	4505  	5516  	6595  	7338  	7849  	7875  	7563  	7091  	6438  	5689  	4950  	4174  	3421  	2713  	1961  	1471  	1121  	814   	587   	436   	293   	213   	149   	109   	65    	37    	18    	7     	4     	1     	1     
100000   	1    	3.865400e-03	1     	2     	4     	8     	16    	32    	62    	118   	210   	373   	634   	1045  	1605  	2350  	3281  	4414  	5626  	6762  	7908  	8615  	8855  	8625  	8105  	7363  	6352  	5260  	4018  	2966  	2074  	1406  	852   	504   	290   	158   	65    	23    	9     	4     	4     	1     	nan   	nan   	nan   	nan   	nan   	nan   
100000   	2    	4.731700e-03	1     	2     	4     	8     	16    	32    	62    	120   	227   	391   	662   	1068  	1615  	2360  	3269  	4269  	5507  	6592  	7600  	8254  	8487  	8341  	7976  	7260  	6496  	5444  	4341  	3209  	2339  	1610  	1026  	613   	362   	193   	114   	53    	38    	19    	9     	4     	4     	1     	2     	nan   	nan   	nan   
100000   	3    	4.443800e-03	1     	2     	4     	8     	16    	32    	62    	113   	210   	375   	639   	1038  	1612  	2407  	3395  	4550  	5652  	6730  	7623  	8262  	8611  	8474  	7831  	6970  	6034  	5138  	4070  	3041  	2228  	1593  	1187  	824   	536   	341   	180   	106   	48    	31    	14    	6     	5     	1     	nan   	nan   	nan   	nan   

