Criação das árvores ordenadas:
n_persons	index	time        
100000   	0    	5.071860e-02
100000   	1    	6.872050e-02
100000   	2    	5.634430e-02
100000   	3    	4.922610e-02

Procura de nós nas árvores:
n_persons	index	time        
100000   	0    	5.581980e-02
100000   	1    	6.294450e-02
100000   	2    	5.855050e-02
100000   	3    	5.356000e-02

Maior profundidade das árvores:
n_persons	index	time        	depth
100000   	0    	5.071000e-03	38   
100000   	1    	4.641500e-03	43   
100000   	2    	5.032500e-03	40   
100000   	3    	5.344100e-03	40   

Número de nós em cada nível:
n_persons	index	time        	lvl0  	lvl1  	lvl2  	lvl3  	lvl4  	lvl5  	lvl6  	lvl7  	lvl8  	lvl9  	lvl10 	lvl11 	lvl12 	lvl13 	lvl14 	lvl15 	lvl16 	lvl17 	lvl18 	lvl19 	lvl20 	lvl21 	lvl22 	lvl23 	lvl24 	lvl25 	lvl26 	lvl27 	lvl28 	lvl29 	lvl30 	lvl31 	lvl32 	lvl33 	lvl34 	lvl35 	lvl36 	lvl37 	lvl38 	lvl39 	lvl40 	lvl41 	lvl42 	lvl43 
100000   	0    	3.996000e-03	1     	2     	4     	8     	16    	32    	64    	124   	228   	406   	696   	1166  	1812  	2646  	3692  	4841  	6052  	7186  	8047  	8593  	8688  	8444  	7838  	6929  	5824  	4852  	3741  	2787  	1924  	1319  	835   	517   	321   	180   	93    	54    	26    	8     	4     	nan   	nan   	nan   	nan   	nan   
100000   	1    	3.817500e-03	1     	2     	4     	8     	16    	32    	63    	124   	228   	417   	743   	1234  	1922  	2768  	3747  	4843  	5924  	6829  	7419  	7695  	7679  	7483  	7015  	6448  	5687  	4884  	4141  	3365  	2659  	2033  	1508  	1074  	723   	484   	321   	212   	123   	76    	35    	15    	9     	5     	1     	1     
100000   	2    	4.531800e-03	1     	2     	4     	8     	16    	32    	63    	124   	221   	391   	683   	1094  	1683  	2443  	3307  	4372  	5524  	6595  	7441  	7984  	8322  	8464  	8090  	7434  	6484  	5385  	4279  	3120  	2321  	1583  	1015  	671   	378   	237   	118   	62    	29    	11    	4     	4     	1     	nan   	nan   	nan   
100000   	3    	4.245200e-03	1     	2     	4     	8     	16    	32    	61    	113   	202   	343   	575   	935   	1470  	2170  	3059  	4219  	5480  	6756  	7837  	8677  	9191  	9091  	8576  	7603  	6409  	5180  	3972  	2922  	2050  	1334  	804   	428   	235   	115   	58    	29    	20    	13    	6     	2     	2     	nan   	nan   	nan   

