Criação das árvores ordenadas:
n_persons	index	time        
100000   	0    	5.681830e-02
100000   	1    	6.519700e-02
100000   	2    	5.911910e-02
100000   	3    	4.517000e-02

Procura de nós nas árvores:
n_persons	index	time        
100000   	0    	5.796840e-02
100000   	1    	9.415790e-02
100000   	2    	9.318950e-02
100000   	3    	6.983370e-02

Maior profundidade das árvores:
n_persons	index	time        	depth
100000   	0    	5.863600e-03	39   
100000   	1    	6.839400e-03	37   
100000   	2    	5.205500e-03	39   
100000   	3    	5.123800e-03	38   

Número de nós em cada nível:
n_persons	index	time        	lvl0  	lvl1  	lvl2  	lvl3  	lvl4  	lvl5  	lvl6  	lvl7  	lvl8  	lvl9  	lvl10 	lvl11 	lvl12 	lvl13 	lvl14 	lvl15 	lvl16 	lvl17 	lvl18 	lvl19 	lvl20 	lvl21 	lvl22 	lvl23 	lvl24 	lvl25 	lvl26 	lvl27 	lvl28 	lvl29 	lvl30 	lvl31 	lvl32 	lvl33 	lvl34 	lvl35 	lvl36 	lvl37 	lvl38 	lvl39 
100000   	0    	4.682600e-03	1     	2     	4     	8     	16    	32    	62    	116   	212   	363   	596   	977   	1492  	2220  	3094  	4027  	4996  	5881  	6738  	7359  	7703  	7673  	7396  	6847  	6142  	5465  	4911  	4040  	3367  	2626  	1954  	1404  	935   	592   	338   	203   	115   	58    	26    	9     
100000   	1    	4.307500e-03	1     	2     	4     	8     	16    	32    	62    	115   	206   	367   	647   	1103  	1771  	2722  	3932  	5244  	6595  	7782  	8684  	9264  	9234  	8829  	8058  	6895  	5555  	4264  	3176  	2164  	1423  	855   	469   	258   	153   	72    	20    	11    	4     	3     	nan   	nan   
100000   	2    	4.840500e-03	1     	2     	4     	8     	16    	32    	61    	119   	218   	402   	702   	1157  	1837  	2710  	3755  	4978  	6157  	7211  	7942  	8341  	8297  	7921  	7315  	6583  	5853  	4812  	3905  	3069  	2325  	1632  	1084  	714   	404   	218   	123   	51    	23    	8     	8     	2     
100000   	3    	5.006700e-03	1     	2     	4     	8     	16    	32    	63    	126   	245   	467   	844   	1411  	2242  	3298  	4560  	5938  	7270  	8550  	9365  	9586  	9206  	8426  	7262  	5908  	4627  	3491  	2491  	1671  	1082  	716   	457   	288   	166   	92    	55    	21    	8     	4     	1     	nan   

