Criação das árvores ordenadas:
n_persons	index	time        
100000   	0    	5.974040e-02
100000   	1    	6.747110e-02
100000   	2    	1.124023e-01
100000   	3    	7.024000e-02

Procura de nós nas árvores:
n_persons	index	time        
100000   	0    	6.369240e-02
100000   	1    	6.393060e-02
100000   	2    	5.672260e-02
100000   	3    	5.752670e-02

Maior profundidade das árvores:
n_persons	index	time        	depth
100000   	0    	7.163300e-03	42   
100000   	1    	5.215200e-03	42   
100000   	2    	5.049300e-03	38   
100000   	3    	5.381900e-03	40   

Número de nós em cada nível:
n_persons	index	time        	lvl0  	lvl1  	lvl2  	lvl3  	lvl4  	lvl5  	lvl6  	lvl7  	lvl8  	lvl9  	lvl10 	lvl11 	lvl12 	lvl13 	lvl14 	lvl15 	lvl16 	lvl17 	lvl18 	lvl19 	lvl20 	lvl21 	lvl22 	lvl23 	lvl24 	lvl25 	lvl26 	lvl27 	lvl28 	lvl29 	lvl30 	lvl31 	lvl32 	lvl33 	lvl34 	lvl35 	lvl36 	lvl37 	lvl38 	lvl39 	lvl40 	lvl41 	lvl42 
100000   	0    	4.941400e-03	1     	2     	4     	8     	16    	31    	57    	103   	180   	297   	493   	773   	1183  	1707  	2424  	3334  	4336  	5406  	6377  	7262  	7979  	8221  	8148  	7747  	7166  	6272  	5357  	4326  	3438  	2504  	1792  	1220  	800   	478   	260   	140   	69    	38    	29    	13    	5     	3     	1     
100000   	1    	4.234900e-03	1     	2     	4     	8     	15    	27    	50    	92    	176   	330   	592   	995   	1580  	2321  	3271  	4311  	5454  	6595  	7590  	8399  	8925  	8840  	8291  	7366  	6342  	5240  	4078  	3097  	2224  	1522  	1012  	601   	332   	162   	83    	41    	15    	5     	4     	3     	2     	1     	1     
100000   	2    	4.341100e-03	1     	2     	4     	8     	16    	32    	64    	127   	248   	454   	771   	1223  	1846  	2697  	3885  	5296  	6778  	8070  	8964  	9503  	9485  	8839  	7796  	6602  	5299  	3990  	2896  	1971  	1301  	808   	465   	250   	149   	73    	48    	20    	12    	6     	1     	nan   	nan   	nan   	nan   
100000   	3    	4.477900e-03	1     	2     	4     	8     	15    	29    	56    	106   	195   	359   	643   	1092  	1790  	2716  	3781  	4993  	6348  	7471  	8235  	8816  	8813  	8338  	7641  	6790  	5757  	4611  	3617  	2722  	1882  	1261  	782   	450   	266   	171   	104   	53    	41    	24    	12    	3     	2     	nan   	nan   

