Criação das árvores ordenadas:
n_persons	index	time        
100000   	0    	5.269260e-02
100000   	1    	6.524650e-02
100000   	2    	7.041530e-02
100000   	3    	9.348980e-02

Procura de nós nas árvores:
n_persons	index	time        
100000   	0    	6.812000e-02
100000   	1    	6.706250e-02
100000   	2    	5.873160e-02
100000   	3    	5.392770e-02

Maior profundidade das árvores:
n_persons	index	time        	depth
100000   	0    	4.841700e-03	41   
100000   	1    	5.115300e-03	44   
100000   	2    	5.429700e-03	40   
100000   	3    	5.368700e-03	39   

Número de nós em cada nível:
n_persons	index	time        	lvl0  	lvl1  	lvl2  	lvl3  	lvl4  	lvl5  	lvl6  	lvl7  	lvl8  	lvl9  	lvl10 	lvl11 	lvl12 	lvl13 	lvl14 	lvl15 	lvl16 	lvl17 	lvl18 	lvl19 	lvl20 	lvl21 	lvl22 	lvl23 	lvl24 	lvl25 	lvl26 	lvl27 	lvl28 	lvl29 	lvl30 	lvl31 	lvl32 	lvl33 	lvl34 	lvl35 	lvl36 	lvl37 	lvl38 	lvl39 	lvl40 	lvl41 	lvl42 	lvl43 	lvl44 
100000   	0    	4.241800e-03	1     	2     	4     	8     	14    	27    	51    	97    	170   	294   	490   	813   	1303  	1927  	2805  	3959  	5232  	6516  	7799  	8845  	9486  	9443  	8887  	7808  	6558  	5207  	4005  	2822  	2015  	1300  	851   	530   	310   	182   	116   	64    	26    	14    	11    	5     	2     	1     	nan   	nan   	nan   
100000   	1    	4.431900e-03	1     	2     	4     	8     	16    	32    	57    	105   	183   	298   	507   	847   	1311  	1945  	2703  	3663  	4601  	5461  	6168  	6688  	7037  	7231  	7230  	6922  	6349  	5700  	5057  	4280  	3511  	2904  	2370  	1943  	1531  	1164  	835   	578   	356   	212   	110   	48    	18    	6     	3     	4     	1     
100000   	2    	4.835900e-03	1     	2     	4     	8     	16    	31    	55    	101   	171   	294   	517   	871   	1429  	2171  	3104  	4219  	5421  	6514  	7559  	8216  	8443  	8415  	7876  	7322  	6544  	5536  	4459  	3373  	2485  	1771  	1189  	788   	488   	294   	148   	84    	49    	22    	6     	2     	2     	nan   	nan   	nan   	nan   
100000   	3    	5.102900e-03	1     	2     	4     	8     	16    	31    	60    	116   	214   	399   	691   	1164  	1849  	2769  	3970  	5426  	6808  	8069  	8866  	9239  	9180  	8643  	7760  	6594  	5367  	4192  	3080  	2103  	1391  	860   	513   	291   	172   	79    	31    	19    	12    	8     	2     	1     	nan   	nan   	nan   	nan   	nan   

