Criação das árvores ordenadas:
n_persons	index	time        
100000   	0    	8.639320e-02
100000   	1    	8.882670e-02
100000   	2    	8.167690e-02
100000   	3    	6.955540e-02

Procura de nós nas árvores:
n_persons	index	time        
100000   	0    	7.561710e-02
100000   	1    	9.505950e-02
100000   	2    	9.304280e-02
100000   	3    	1.063647e-01

Maior profundidade das árvores:
n_persons	index	time        	depth
100000   	0    	1.526880e-02	42   
100000   	1    	6.131900e-03	37   
100000   	2    	1.023400e-02	39   
100000   	3    	7.544900e-03	39   

Número de nós em cada nível:
n_persons	index	time        	lvl0  	lvl1  	lvl2  	lvl3  	lvl4  	lvl5  	lvl6  	lvl7  	lvl8  	lvl9  	lvl10 	lvl11 	lvl12 	lvl13 	lvl14 	lvl15 	lvl16 	lvl17 	lvl18 	lvl19 	lvl20 	lvl21 	lvl22 	lvl23 	lvl24 	lvl25 	lvl26 	lvl27 	lvl28 	lvl29 	lvl30 	lvl31 	lvl32 	lvl33 	lvl34 	lvl35 	lvl36 	lvl37 	lvl38 	lvl39 	lvl40 	lvl41 	lvl42 
100000   	0    	5.679700e-03	1     	2     	4     	8     	16    	31    	60    	117   	202   	327   	517   	817   	1158  	1594  	2160  	2838  	3616  	4483  	5330  	6260  	7187  	7909  	7994  	7980  	7606  	6964  	5994  	5038  	4047  	3104  	2245  	1610  	1081  	668   	410   	279   	156   	90    	47    	28    	13    	5     	4     
100000   	1    	5.961400e-03	1     	2     	4     	8     	16    	32    	64    	126   	241   	446   	753   	1265  	1986  	2973  	4212  	5625  	6901  	8172  	8981  	9396  	9419  	8896  	7792  	6468  	5061  	3749  	2699  	1869  	1242  	734   	402   	229   	133   	63    	23    	10    	5     	2     	nan   	nan   	nan   	nan   	nan   
100000   	2    	6.034400e-03	1     	2     	4     	8     	16    	31    	62    	114   	206   	351   	565   	909   	1419  	2105  	3001  	3974  	5161  	6329  	7419  	8294  	8845  	8969  	8595  	7777  	6544  	5253  	4059  	3047  	2241  	1632  	1129  	736   	454   	311   	204   	114   	63    	33    	16    	7     	nan   	nan   	nan   
100000   	3    	5.701800e-03	1     	2     	4     	8     	16    	30    	57    	104   	183   	306   	508   	790   	1226  	1914  	2723  	3717  	4789  	5951  	7049  	7906  	8501  	8638  	8253  	7591  	6858  	5777  	4847  	3724  	2753  	1998  	1405  	964   	627   	353   	202   	114   	64    	33    	10    	4     	nan   	nan   	nan   

