Criação das árvores ordenadas:
n_persons	index	time        
100000   	0    	5.493440e-02
100000   	1    	6.533230e-02
100000   	2    	6.104770e-02
100000   	3    	4.639900e-02

Procura de nós nas árvores:
n_persons	index	time        
100000   	0    	5.489160e-02
100000   	1    	6.877200e-02
100000   	2    	6.380190e-02
100000   	3    	5.200970e-02

Maior profundidade das árvores:
n_persons	index	time        	depth
100000   	0    	4.333000e-03	40   
100000   	1    	5.093000e-03	41   
100000   	2    	4.984600e-03	40   
100000   	3    	4.979400e-03	40   

Número de nós em cada nível:
n_persons	index	time        	lvl0  	lvl1  	lvl2  	lvl3  	lvl4  	lvl5  	lvl6  	lvl7  	lvl8  	lvl9  	lvl10 	lvl11 	lvl12 	lvl13 	lvl14 	lvl15 	lvl16 	lvl17 	lvl18 	lvl19 	lvl20 	lvl21 	lvl22 	lvl23 	lvl24 	lvl25 	lvl26 	lvl27 	lvl28 	lvl29 	lvl30 	lvl31 	lvl32 	lvl33 	lvl34 	lvl35 	lvl36 	lvl37 	lvl38 	lvl39 	lvl40 	lvl41 
100000   	0    	3.823800e-03	1     	2     	4     	8     	16    	31    	55    	107   	206   	358   	606   	965   	1511  	2197  	3163  	4292  	5488  	6511  	7441  	8075  	8344  	8203  	7828  	7211  	6282  	5411  	4454  	3486  	2539  	1794  	1247  	811   	519   	323   	225   	142   	74    	46    	16    	7     	1     	nan   
100000   	1    	4.187200e-03	1     	2     	4     	8     	16    	32    	64    	123   	231   	419   	722   	1189  	1837  	2643  	3650  	4641  	5556  	6357  	7014  	7379  	7660  	7758  	7519  	7152  	6440  	5699  	4717  	3631  	2645  	1782  	1172  	728   	472   	275   	180   	128   	76    	45    	21    	9     	2     	1     
100000   	2    	4.552700e-03	1     	2     	4     	8     	16    	32    	64    	123   	233   	416   	747   	1254  	1976  	2911  	4096  	5410  	6632  	7755  	8587  	8981  	8957  	8457  	7651  	6629  	5322  	4187  	3077  	2232  	1550  	1055  	674   	411   	212   	129   	79    	57    	37    	23    	9     	3     	1     	nan   
100000   	3    	4.747800e-03	1     	2     	4     	8     	16    	32    	63    	125   	233   	402   	683   	1115  	1721  	2510  	3537  	4728  	5978  	7194  	8107  	8860  	8995  	8808  	8275  	7465  	6327  	4974  	3706  	2525  	1635  	967   	508   	249   	132   	64    	26    	10    	8     	3     	2     	1     	1     	nan   

