Criação das árvores ordenadas:
n_persons	index	time        
100000   	0    	5.290850e-02
100000   	1    	6.487410e-02
100000   	2    	5.431960e-02
100000   	3    	4.779900e-02

Procura de nós nas árvores:
n_persons	index	time        
100000   	0    	5.408750e-02
100000   	1    	6.270090e-02
100000   	2    	5.998490e-02
100000   	3    	5.025720e-02

Maior profundidade das árvores:
n_persons	index	time        	depth
100000   	0    	4.560200e-03	38   
100000   	1    	4.381600e-03	37   
100000   	2    	5.488200e-03	39   
100000   	3    	5.117200e-03	40   

Número de nós em cada nível:
n_persons	index	time        	lvl0  	lvl1  	lvl2  	lvl3  	lvl4  	lvl5  	lvl6  	lvl7  	lvl8  	lvl9  	lvl10 	lvl11 	lvl12 	lvl13 	lvl14 	lvl15 	lvl16 	lvl17 	lvl18 	lvl19 	lvl20 	lvl21 	lvl22 	lvl23 	lvl24 	lvl25 	lvl26 	lvl27 	lvl28 	lvl29 	lvl30 	lvl31 	lvl32 	lvl33 	lvl34 	lvl35 	lvl36 	lvl37 	lvl38 	lvl39 	lvl40 
100000   	0    	3.808700e-03	1     	2     	4     	8     	16    	32    	63    	118   	219   	401   	701   	1176  	1827  	2676  	3698  	4826  	5932  	6955  	7806  	8332  	8435  	8335  	7862  	7135  	6190  	5046  	3952  	2962  	2077  	1390  	852   	452   	247   	135   	68    	40    	19    	8     	2     	nan   	nan   
100000   	1    	3.719100e-03	1     	2     	4     	8     	16    	31    	61    	112   	205   	380   	657   	1085  	1705  	2581  	3702  	4977  	6342  	7584  	8550  	9146  	9158  	8645  	7870  	6844  	5720  	4486  	3392  	2428  	1702  	1091  	656   	393   	227   	135   	69    	25    	8     	2     	nan   	nan   	nan   
100000   	2    	4.589000e-03	1     	2     	4     	8     	16    	30    	59    	108   	201   	370   	637   	1048  	1636  	2478  	3485  	4714  	5924  	6993  	8072  	8701  	8938  	8777  	8136  	7180  	6150  	4949  	3649  	2722  	1896  	1281  	778   	459   	272   	157   	102   	48    	13    	4     	1     	1     	nan   
100000   	3    	4.445600e-03	1     	2     	4     	8     	15    	29    	58    	115   	219   	392   	690   	1151  	1893  	2884  	4145  	5505  	6868  	8158  	9051  	9489  	9370  	8765  	7722  	6399  	5080  	3898  	2838  	2001  	1330  	839   	494   	266   	161   	87    	42    	16    	8     	3     	2     	1     	1     

