Criação das árvores ordenadas:
n_persons	index	time        
100000   	0    	5.369570e-02
100000   	1    	6.747480e-02
100000   	2    	6.202170e-02
100000   	3    	5.245660e-02

Procura de nós nas árvores:
n_persons	index	time        
100000   	0    	6.423480e-02
100000   	1    	6.036870e-02
100000   	2    	5.925010e-02
100000   	3    	5.130740e-02

Maior profundidade das árvores:
n_persons	index	time        	depth
100000   	0    	4.693400e-03	37   
100000   	1    	4.403800e-03	38   
100000   	2    	4.917400e-03	42   
100000   	3    	5.271000e-03	40   

Número de nós em cada nível:
n_persons	index	time        	lvl0  	lvl1  	lvl2  	lvl3  	lvl4  	lvl5  	lvl6  	lvl7  	lvl8  	lvl9  	lvl10 	lvl11 	lvl12 	lvl13 	lvl14 	lvl15 	lvl16 	lvl17 	lvl18 	lvl19 	lvl20 	lvl21 	lvl22 	lvl23 	lvl24 	lvl25 	lvl26 	lvl27 	lvl28 	lvl29 	lvl30 	lvl31 	lvl32 	lvl33 	lvl34 	lvl35 	lvl36 	lvl37 	lvl38 	lvl39 	lvl40 	lvl41 	lvl42 
100000   	0    	4.274600e-03	1     	2     	4     	8     	15    	27    	49    	84    	144   	254   	435   	677   	1057  	1619  	2416  	3454  	4718  	6075  	7452  	8474  	9023  	8932  	8549  	7743  	6736  	5694  	4714  	3723  	2728  	1938  	1260  	881   	544   	292   	158   	81    	32    	7     	nan   	nan   	nan   	nan   	nan   
100000   	1    	4.133000e-03	1     	2     	4     	8     	16    	32    	62    	121   	223   	387   	660   	1061  	1659  	2374  	3276  	4333  	5501  	6613  	7574  	8341  	8741  	8765  	8436  	7603  	6480  	5296  	4154  	3011  	2094  	1350  	801   	464   	264   	148   	71    	41    	21    	9     	3     	nan   	nan   	nan   	nan   
100000   	2    	4.475500e-03	1     	2     	4     	8     	16    	28    	54    	98    	187   	327   	556   	879   	1325  	1949  	2756  	3720  	4823  	5892  	6986  	7812  	8421  	8663  	8464  	7782  	6923  	5805  	4625  	3582  	2605  	1966  	1309  	899   	621   	415   	237   	133   	61    	31    	17    	9     	5     	2     	2     
100000   	3    	4.865500e-03	1     	2     	4     	8     	16    	32    	61    	118   	212   	365   	610   	967   	1506  	2292  	3341  	4560  	5840  	7122  	8145  	8898  	9248  	9036  	8345  	7264  	6145  	4833  	3582  	2546  	1792  	1208  	789   	485   	285   	175   	96    	41    	19    	6     	2     	1     	2     	nan   	nan   

