Criação das árvores ordenadas:
n_persons	index	time        
100000   	0    	5.633020e-02
100000   	1    	6.524160e-02
100000   	2    	6.031720e-02
100000   	3    	4.961510e-02

Procura de nós nas árvores:
n_persons	index	time        
100000   	0    	5.625160e-02
100000   	1    	6.313280e-02
100000   	2    	6.254440e-02
100000   	3    	5.273230e-02

Maior profundidade das árvores:
n_persons	index	time        	depth
100000   	0    	4.872600e-03	40   
100000   	1    	4.640400e-03	40   
100000   	2    	4.994400e-03	39   
100000   	3    	4.916500e-03	36   

Número de nós em cada nível:
n_persons	index	time        	lvl0  	lvl1  	lvl2  	lvl3  	lvl4  	lvl5  	lvl6  	lvl7  	lvl8  	lvl9  	lvl10 	lvl11 	lvl12 	lvl13 	lvl14 	lvl15 	lvl16 	lvl17 	lvl18 	lvl19 	lvl20 	lvl21 	lvl22 	lvl23 	lvl24 	lvl25 	lvl26 	lvl27 	lvl28 	lvl29 	lvl30 	lvl31 	lvl32 	lvl33 	lvl34 	lvl35 	lvl36 	lvl37 	lvl38 	lvl39 	lvl40 
100000   	0    	4.699100e-03	1     	2     	4     	8     	16    	32    	54    	100   	177   	309   	523   	872   	1380  	2046  	2866  	3828  	4753  	5666  	6660  	7319  	7895  	8127  	8076  	7668  	7049  	6202  	5193  	3970  	2971  	2186  	1527  	1029  	652   	385   	232   	121   	60    	21    	9     	6     	5     
100000   	1    	4.159600e-03	1     	2     	4     	8     	16    	32    	62    	110   	201   	366   	634   	1077  	1671  	2521  	3562  	4775  	6074  	7200  	7961  	8436  	8461  	8080  	7489  	6587  	5659  	4709  	3746  	3003  	2309  	1704  	1252  	923   	602   	361   	215   	117   	53    	10    	4     	2     	1     
100000   	2    	4.578400e-03	1     	2     	4     	8     	16    	32    	64    	126   	234   	436   	767   	1292  	2049  	3003  	4166  	5473  	6703  	7821  	8530  	8896  	8875  	8338  	7449  	6362  	5311  	4188  	3171  	2372  	1634  	1123  	704   	405   	239   	119   	50    	22    	8     	4     	2     	1     	nan   
100000   	3    	6.209600e-03	1     	2     	4     	8     	16    	32    	64    	125   	234   	423   	738   	1255  	1991  	2990  	4207  	5604  	7027  	8170  	9062  	9480  	9279  	8745  	7747  	6469  	5091  	3879  	2712  	1828  	1212  	717   	432   	242   	128   	58    	18    	8     	2     	nan   	nan   	nan   	nan   

