Criação das árvores ordenadas:
n_persons	index	time        
100000   	0    	5.127560e-02
100000   	1    	6.120580e-02
100000   	2    	5.475050e-02
100000   	3    	5.067880e-02

Procura de nós nas árvores:
n_persons	index	time        
100000   	0    	5.473740e-02
100000   	1    	6.311530e-02
100000   	2    	5.608380e-02
100000   	3    	4.984590e-02

Maior profundidade das árvores:
n_persons	index	time        	depth
100000   	0    	4.373200e-03	42   
100000   	1    	4.386300e-03	40   
100000   	2    	4.885400e-03	40   
100000   	3    	5.174300e-03	39   

Número de nós em cada nível:
n_persons	index	time        	lvl0  	lvl1  	lvl2  	lvl3  	lvl4  	lvl5  	lvl6  	lvl7  	lvl8  	lvl9  	lvl10 	lvl11 	lvl12 	lvl13 	lvl14 	lvl15 	lvl16 	lvl17 	lvl18 	lvl19 	lvl20 	lvl21 	lvl22 	lvl23 	lvl24 	lvl25 	lvl26 	lvl27 	lvl28 	lvl29 	lvl30 	lvl31 	lvl32 	lvl33 	lvl34 	lvl35 	lvl36 	lvl37 	lvl38 	lvl39 	lvl40 	lvl41 	lvl42 
100000   	0    	4.035600e-03	1     	2     	4     	8     	16    	32    	61    	113   	207   	361   	599   	931   	1418  	2118  	3029  	4154  	5358  	6484  	7338  	7969  	8421  	8416  	8088  	7436  	6511  	5411  	4386  	3392  	2571  	1836  	1254  	834   	545   	310   	165   	112   	58    	29    	12    	7     	1     	1     	1     
100000   	1    	3.886000e-03	1     	2     	4     	8     	16    	32    	62    	119   	223   	396   	682   	1126  	1783  	2670  	3703  	4967  	6164  	7300  	8139  	8661  	8685  	8308  	7757  	7026  	6019  	4898  	3852  	2845  	1881  	1168  	680   	394   	191   	92    	60    	41    	22    	13    	6     	3     	1     	nan   	nan   
100000   	2    	4.341000e-03	1     	2     	4     	8     	16    	31    	61    	112   	190   	334   	562   	910   	1420  	2114  	2984  	4027  	5157  	6290  	7460  	8305  	8916  	9054  	8654  	7805  	6762  	5690  	4370  	3206  	2144  	1432  	858   	516   	309   	165   	86    	27    	10    	3     	2     	1     	2     	nan   	nan   
100000   	3    	4.344100e-03	1     	2     	4     	8     	16    	32    	62    	123   	228   	418   	718   	1175  	1834  	2668  	3655  	4791  	6019  	7034  	7961  	8424  	8684  	8580  	8115  	7261  	6177  	4896  	3748  	2670  	1822  	1119  	685   	448   	258   	138   	87    	59    	43    	25    	7     	5     	nan   	nan   	nan   

