Criação das árvores ordenadas:
n_persons	index	time        
100000   	0    	5.229940e-02
100000   	1    	6.153760e-02
100000   	2    	5.557300e-02
100000   	3    	4.669280e-02

Procura de nós nas árvores:
n_persons	index	time        
100000   	0    	5.367380e-02
100000   	1    	6.158680e-02
100000   	2    	5.581100e-02
100000   	3    	5.201750e-02

Maior profundidade das árvores:
n_persons	index	time        	depth
100000   	0    	4.310400e-03	41   
100000   	1    	4.680800e-03	38   
100000   	2    	4.947000e-03	40   
100000   	3    	4.930700e-03	41   

Número de nós em cada nível:
n_persons	index	time        	lvl0  	lvl1  	lvl2  	lvl3  	lvl4  	lvl5  	lvl6  	lvl7  	lvl8  	lvl9  	lvl10 	lvl11 	lvl12 	lvl13 	lvl14 	lvl15 	lvl16 	lvl17 	lvl18 	lvl19 	lvl20 	lvl21 	lvl22 	lvl23 	lvl24 	lvl25 	lvl26 	lvl27 	lvl28 	lvl29 	lvl30 	lvl31 	lvl32 	lvl33 	lvl34 	lvl35 	lvl36 	lvl37 	lvl38 	lvl39 	lvl40 	lvl41 
100000   	0    	3.796800e-03	1     	2     	4     	8     	16    	32    	64    	125   	232   	420   	713   	1202  	1886  	2777  	3749  	4851  	5837  	6802  	7541  	8046  	8424  	8367  	7973  	7260  	6223  	5029  	3881  	2885  	2043  	1351  	880   	513   	332   	227   	137   	81    	50    	19    	10    	4     	2     	1     
100000   	1    	4.235200e-03	1     	2     	4     	8     	16    	32    	64    	122   	231   	407   	691   	1119  	1730  	2583  	3664  	4834  	6113  	7118  	7985  	8469  	8504  	8228  	7587  	6849  	5823  	4916  	3841  	2953  	2148  	1508  	1004  	608   	387   	220   	127   	65    	27    	9     	3     	nan   	nan   	nan   
100000   	2    	5.271700e-03	1     	2     	4     	8     	16    	32    	58    	100   	159   	260   	435   	749   	1208  	1895  	2817  	3969  	5317  	6706  	7882  	8735  	9292  	9199  	8556  	7679  	6460  	5235  	4120  	3042  	2174  	1492  	963   	602   	380   	221   	122   	68    	24    	11    	4     	2     	1     	nan   
100000   	3    	4.216200e-03	1     	2     	4     	8     	16    	32    	62    	121   	220   	381   	608   	962   	1428  	2010  	2693  	3456  	4233  	4969  	5774  	6483  	7129  	7428  	7454  	7215  	6674  	5931  	5184  	4518  	3830  	3002  	2431  	1849  	1387  	994   	637   	403   	232   	132   	58    	34    	14    	1     

