Criação das árvores ordenadas:
n_persons	index	time        
100000   	0    	5.034470e-02
100000   	1    	6.815700e-02
100000   	2    	5.648710e-02
100000   	3    	6.023910e-02

Procura de nós nas árvores:
n_persons	index	time        
100000   	0    	5.155380e-02
100000   	1    	6.252130e-02
100000   	2    	5.746830e-02
100000   	3    	5.025640e-02

Maior profundidade das árvores:
n_persons	index	time        	depth
100000   	0    	4.817700e-03	36   
100000   	1    	4.692000e-03	42   
100000   	2    	5.444000e-03	39   
100000   	3    	5.750200e-03	40   

Número de nós em cada nível:
n_persons	index	time        	lvl0  	lvl1  	lvl2  	lvl3  	lvl4  	lvl5  	lvl6  	lvl7  	lvl8  	lvl9  	lvl10 	lvl11 	lvl12 	lvl13 	lvl14 	lvl15 	lvl16 	lvl17 	lvl18 	lvl19 	lvl20 	lvl21 	lvl22 	lvl23 	lvl24 	lvl25 	lvl26 	lvl27 	lvl28 	lvl29 	lvl30 	lvl31 	lvl32 	lvl33 	lvl34 	lvl35 	lvl36 	lvl37 	lvl38 	lvl39 	lvl40 	lvl41 	lvl42 
100000   	0    	4.269700e-03	1     	2     	4     	8     	16    	32    	63    	125   	243   	450   	805   	1344  	2142  	3246  	4551  	6002  	7419  	8688  	9506  	9765  	9500  	8424  	7319  	5976  	4642  	3483  	2370  	1521  	983   	617   	356   	206   	110   	53    	21    	6     	1     	nan   	nan   	nan   	nan   	nan   	nan   
100000   	1    	4.300900e-03	1     	2     	4     	8     	16    	32    	62    	116   	215   	387   	671   	1090  	1698  	2447  	3344  	4336  	5404  	6493  	7564  	8270  	8693  	8565  	7993  	7046  	5961  	4867  	3925  	3035  	2321  	1727  	1266  	847   	582   	399   	265   	163   	100   	49    	20    	9     	4     	2     	1     
100000   	2    	4.681100e-03	1     	2     	4     	8     	16    	32    	64    	124   	225   	408   	717   	1202  	1916  	2852  	4017  	5339  	6722  	7854  	8643  	9037  	8845  	8218  	7368  	6475  	5355  	4302  	3268  	2416  	1645  	1111  	750   	458   	298   	148   	81    	40    	20    	13    	5     	1     	nan   	nan   	nan   
100000   	3    	5.134400e-03	1     	2     	4     	8     	16    	28    	56    	112   	217   	375   	639   	1049  	1656  	2455  	3526  	4713  	5900  	7170  	8235  	8904  	9223  	8984  	8327  	7253  	6071  	4759  	3555  	2499  	1702  	1111  	627   	369   	214   	125   	54    	27    	18    	8     	4     	3     	1     	nan   	nan   

