Criação das árvores ordenadas:
n_persons	index	time        
100000   	0    	5.152280e-02
100000   	1    	6.655170e-02
100000   	2    	5.340870e-02
100000   	3    	5.618080e-02

Procura de nós nas árvores:
n_persons	index	time        
100000   	0    	5.497130e-02
100000   	1    	6.867260e-02
100000   	2    	1.194635e-01
100000   	3    	6.639190e-02

Maior profundidade das árvores:
n_persons	index	time        	depth
100000   	0    	4.856500e-03	40   
100000   	1    	4.652100e-03	38   
100000   	2    	4.951900e-03	38   
100000   	3    	5.128400e-03	37   

Número de nós em cada nível:
n_persons	index	time        	lvl0  	lvl1  	lvl2  	lvl3  	lvl4  	lvl5  	lvl6  	lvl7  	lvl8  	lvl9  	lvl10 	lvl11 	lvl12 	lvl13 	lvl14 	lvl15 	lvl16 	lvl17 	lvl18 	lvl19 	lvl20 	lvl21 	lvl22 	lvl23 	lvl24 	lvl25 	lvl26 	lvl27 	lvl28 	lvl29 	lvl30 	lvl31 	lvl32 	lvl33 	lvl34 	lvl35 	lvl36 	lvl37 	lvl38 	lvl39 	lvl40 
100000   	0    	4.392900e-03	1     	2     	4     	8     	15    	30    	54    	104   	183   	329   	561   	929   	1487  	2242  	3243  	4444  	5588  	6869  	7914  	8726  	9042  	8912  	8213  	7262  	6028  	4963  	3886  	2854  	2068  	1441  	944   	616   	388   	249   	167   	109   	69    	32    	16    	5     	3     
100000   	1    	4.207300e-03	1     	2     	4     	8     	16    	29    	55    	107   	180   	312   	526   	834   	1329  	2040  	2910  	3984  	5110  	6308  	7664  	8601  	9216  	9119  	8767  	7810  	6667  	5445  	4304  	3092  	2156  	1383  	864   	499   	321   	172   	89    	34    	22    	15    	5     	nan   	nan   
100000   	2    	4.440400e-03	1     	2     	4     	8     	16    	32    	63    	123   	237   	447   	783   	1335  	2106  	3124  	4312  	5722  	7233  	8508  	9365  	9710  	9535  	8895  	7594  	6177  	4739  	3531  	2496  	1625  	995   	570   	315   	180   	98    	55    	32    	20    	7     	3     	2     	nan   	nan   
100000   	3    	4.696400e-03	1     	2     	4     	8     	16    	32    	64    	125   	241   	451   	789   	1291  	1991  	2897  	3932  	5075  	6301  	7451  	8365  	9003  	9259  	8883  	7893  	6772  	5524  	4300  	3164  	2282  	1503  	986   	633   	376   	197   	100   	46    	26    	12    	5     	nan   	nan   	nan   

