Criação das árvores ordenadas:
n_persons	index	time        
100000   	0    	8.711740e-02
100000   	1    	6.495080e-02
100000   	2    	5.469270e-02
100000   	3    	5.361680e-02

Procura de nós nas árvores:
n_persons	index	time        
100000   	0    	5.598300e-02
100000   	1    	6.797650e-02
100000   	2    	6.067600e-02
100000   	3    	4.837160e-02

Maior profundidade das árvores:
n_persons	index	time        	depth
100000   	0    	4.449400e-03	36   
100000   	1    	4.429700e-03	40   
100000   	2    	5.047600e-03	42   
100000   	3    	5.443400e-03	41   

Número de nós em cada nível:
n_persons	index	time        	lvl0  	lvl1  	lvl2  	lvl3  	lvl4  	lvl5  	lvl6  	lvl7  	lvl8  	lvl9  	lvl10 	lvl11 	lvl12 	lvl13 	lvl14 	lvl15 	lvl16 	lvl17 	lvl18 	lvl19 	lvl20 	lvl21 	lvl22 	lvl23 	lvl24 	lvl25 	lvl26 	lvl27 	lvl28 	lvl29 	lvl30 	lvl31 	lvl32 	lvl33 	lvl34 	lvl35 	lvl36 	lvl37 	lvl38 	lvl39 	lvl40 	lvl41 	lvl42 
100000   	0    	4.126700e-03	1     	2     	4     	8     	16    	30    	58    	111   	200   	364   	631   	1079  	1715  	2563  	3545  	4665  	5882  	7179  	8020  	8665  	9062  	8950  	8398  	7392  	6175  	4799  	3614  	2665  	1789  	1128  	668   	358   	168   	63    	24    	6     	3     	nan   	nan   	nan   	nan   	nan   	nan   
100000   	1    	3.980100e-03	1     	2     	4     	8     	16    	32    	62    	122   	234   	426   	715   	1131  	1709  	2473  	3514  	4593  	5742  	6786  	7787  	8425  	8616  	8515  	8055  	7300  	6236  	5038  	3815  	2839  	1999  	1379  	921   	624   	399   	243   	130   	61    	31    	11    	3     	2     	1     	nan   	nan   
100000   	2    	4.416600e-03	1     	2     	4     	8     	16    	30    	59    	112   	209   	377   	678   	1081  	1634  	2340  	3229  	4208  	5244  	6366  	7239  	7920  	8291  	8336  	7886  	7123  	6250  	5344  	4372  	3558  	2747  	1925  	1293  	827   	553   	341   	185   	81    	49    	37    	23    	16    	4     	1     	1     
100000   	3    	4.660800e-03	1     	2     	4     	8     	16    	32    	64    	125   	240   	435   	754   	1234  	1940  	2837  	3882  	5017  	6168  	7295  	8158  	8726  	8913  	8611  	7947  	6996  	5806  	4654  	3503  	2509  	1677  	1096  	642   	333   	168   	89    	54    	34    	14    	7     	3     	3     	2     	1     	nan   

