Criação das árvores ordenadas:
n_persons	index	time        
100000   	0    	5.092460e-02
100000   	1    	7.755020e-02
100000   	2    	1.033281e-01
100000   	3    	5.971690e-02

Procura de nós nas árvores:
n_persons	index	time        
100000   	0    	5.682630e-02
100000   	1    	7.803020e-02
100000   	2    	5.817000e-02
100000   	3    	5.159490e-02

Maior profundidade das árvores:
n_persons	index	time        	depth
100000   	0    	4.670000e-03	37   
100000   	1    	4.501700e-03	38   
100000   	2    	5.112500e-03	41   
100000   	3    	5.098400e-03	41   

Número de nós em cada nível:
n_persons	index	time        	lvl0  	lvl1  	lvl2  	lvl3  	lvl4  	lvl5  	lvl6  	lvl7  	lvl8  	lvl9  	lvl10 	lvl11 	lvl12 	lvl13 	lvl14 	lvl15 	lvl16 	lvl17 	lvl18 	lvl19 	lvl20 	lvl21 	lvl22 	lvl23 	lvl24 	lvl25 	lvl26 	lvl27 	lvl28 	lvl29 	lvl30 	lvl31 	lvl32 	lvl33 	lvl34 	lvl35 	lvl36 	lvl37 	lvl38 	lvl39 	lvl40 	lvl41 
100000   	0    	4.286000e-03	1     	2     	4     	8     	16    	32    	64    	127   	240   	438   	750   	1236  	1899  	2796  	3949  	5111  	6297  	7436  	8375  	9009  	9267  	9062  	8254  	7007  	5643  	4289  	3110  	2150  	1464  	894   	506   	267   	144   	77    	43    	23    	9     	1     	nan   	nan   	nan   	nan   
100000   	1    	4.115900e-03	1     	2     	4     	8     	16    	30    	57    	104   	171   	281   	452   	717   	1082  	1533  	2153  	2893  	3835  	4859  	5846  	6893  	7752  	8463  	8800  	8599  	8009  	7026  	5992  	4822  	3477  	2376  	1542  	946   	586   	354   	180   	84    	40    	12    	3     	nan   	nan   	nan   
100000   	2    	4.239300e-03	1     	2     	4     	8     	16    	32    	64    	121   	214   	367   	579   	870   	1252  	1738  	2421  	3262  	4259  	5308  	6347  	7067  	7580  	7847  	7834  	7390  	6836  	6134  	5248  	4426  	3559  	2790  	2172  	1538  	1041  	693   	457   	281   	137   	65    	27    	8     	3     	2     
100000   	3    	4.484000e-03	1     	2     	4     	8     	16    	32    	62    	122   	232   	417   	708   	1104  	1639  	2360  	3136  	3988  	4923  	5924  	6718  	7600  	8213  	8403  	8297  	7721  	6863  	5754  	4647  	3578  	2557  	1801  	1226  	815   	506   	298   	162   	85    	46    	16    	8     	4     	3     	1     

