Criação das árvores ordenadas:
n_persons	index	time        
100000   	0    	5.232660e-02
100000   	1    	6.446760e-02
100000   	2    	5.390910e-02
100000   	3    	4.703430e-02

Procura de nós nas árvores:
n_persons	index	time        
100000   	0    	5.277360e-02
100000   	1    	6.278470e-02
100000   	2    	5.564640e-02
100000   	3    	4.941170e-02

Maior profundidade das árvores:
n_persons	index	time        	depth
100000   	0    	4.394700e-03	40   
100000   	1    	4.901400e-03	38   
100000   	2    	5.621800e-03	40   
100000   	3    	4.917100e-03	39   

Número de nós em cada nível:
n_persons	index	time        	lvl0  	lvl1  	lvl2  	lvl3  	lvl4  	lvl5  	lvl6  	lvl7  	lvl8  	lvl9  	lvl10 	lvl11 	lvl12 	lvl13 	lvl14 	lvl15 	lvl16 	lvl17 	lvl18 	lvl19 	lvl20 	lvl21 	lvl22 	lvl23 	lvl24 	lvl25 	lvl26 	lvl27 	lvl28 	lvl29 	lvl30 	lvl31 	lvl32 	lvl33 	lvl34 	lvl35 	lvl36 	lvl37 	lvl38 	lvl39 	lvl40 
100000   	0    	4.196500e-03	1     	2     	4     	8     	16    	32    	62    	117   	210   	367   	614   	948   	1370  	1900  	2563  	3464  	4501  	5613  	6656  	7493  	8092  	8324  	8209  	7563  	6788  	5833  	4963  	3962  	3164  	2419  	1765  	1152  	763   	459   	261   	162   	94    	56    	24    	5     	1     
100000   	1    	4.794900e-03	1     	2     	4     	8     	16    	32    	64    	126   	235   	413   	706   	1103  	1652  	2414  	3306  	4335  	5385  	6522  	7549  	8248  	8677  	8616  	8158  	7425  	6432  	5289  	4113  	3081  	2244  	1532  	1005  	590   	330   	188   	106   	50    	26    	13    	4     	nan   	nan   
100000   	2    	4.633000e-03	1     	2     	4     	8     	16    	32    	63    	125   	232   	423   	724   	1193  	1859  	2774  	3895  	5125  	6364  	7596  	8495  	9022  	9053  	8737  	7940  	6952  	5686  	4402  	3150  	2213  	1484  	945   	572   	365   	230   	141   	91    	45    	21    	10    	5     	3     	2     
100000   	3    	4.578800e-03	1     	2     	4     	8     	16    	32    	63    	125   	229   	407   	695   	1146  	1797  	2698  	3704  	4899  	6125  	7322  	8286  	8789  	8792  	8381  	7702  	6690  	5659  	4645  	3608  	2715  	1956  	1329  	882   	532   	316   	195   	124   	64    	40    	16    	5     	1     	nan   

