Criação das árvores ordenadas:
n_persons	index	time        
100000   	0    	6.459040e-02
100000   	1    	8.059760e-02
100000   	2    	6.687520e-02
100000   	3    	6.196490e-02

Procura de nós nas árvores:
n_persons	index	time        
100000   	0    	6.360010e-02
100000   	1    	7.445360e-02
100000   	2    	7.093830e-02
100000   	3    	5.841450e-02

Maior profundidade das árvores:
n_persons	index	time        	depth
100000   	0    	4.902000e-03	39   
100000   	1    	4.894000e-03	43   
100000   	2    	5.138200e-03	41   
100000   	3    	5.481400e-03	36   

Número de nós em cada nível:
n_persons	index	time        	lvl0  	lvl1  	lvl2  	lvl3  	lvl4  	lvl5  	lvl6  	lvl7  	lvl8  	lvl9  	lvl10 	lvl11 	lvl12 	lvl13 	lvl14 	lvl15 	lvl16 	lvl17 	lvl18 	lvl19 	lvl20 	lvl21 	lvl22 	lvl23 	lvl24 	lvl25 	lvl26 	lvl27 	lvl28 	lvl29 	lvl30 	lvl31 	lvl32 	lvl33 	lvl34 	lvl35 	lvl36 	lvl37 	lvl38 	lvl39 	lvl40 	lvl41 	lvl42 	lvl43 
100000   	0    	4.352800e-03	1     	2     	4     	8     	16    	32    	62    	113   	211   	387   	677   	1116  	1658  	2402  	3340  	4469  	5578  	6568  	7479  	8093  	8199  	8324  	7916  	7279  	6317  	5340  	4262  	3334  	2407  	1659  	1127  	698   	408   	260   	129   	67    	31    	16    	6     	5     	nan   	nan   	nan   	nan   
100000   	1    	4.311400e-03	1     	2     	4     	8     	16    	32    	63    	118   	212   	374   	629   	1025  	1548  	2147  	2863  	3660  	4491  	5218  	5920  	6565  	7094  	7377  	7580  	7323  	7029  	6281  	5471  	4702  	3784  	2894  	2061  	1382  	924   	567   	316   	167   	84    	33    	16    	12    	4     	1     	1     	1     
100000   	2    	4.579300e-03	1     	2     	4     	8     	16    	31    	60    	114   	204   	359   	593   	970   	1480  	2137  	2913  	3832  	4696  	5576  	6519  	7264  	7732  	7991  	7986  	7758  	7144  	6299  	5194  	4125  	3070  	2178  	1464  	966   	629   	344   	180   	87    	37    	20    	8     	4     	4     	1     	nan   	nan   
100000   	3    	4.853500e-03	1     	2     	4     	8     	16    	32    	60    	116   	218   	409   	710   	1209  	1944  	2951  	4174  	5484  	6760  	7912  	8800  	9262  	9158  	8591  	7808  	6610  	5391  	4132  	2970  	2066  	1300  	845   	516   	282   	147   	60    	33    	16    	3     	nan   	nan   	nan   	nan   	nan   	nan   	nan   

