Criação das árvores ordenadas:
n_persons	index	time        
100000   	0    	4.980490e-02
100000   	1    	6.175520e-02
100000   	2    	5.475500e-02
100000   	3    	4.643600e-02

Procura de nós nas árvores:
n_persons	index	time        
100000   	0    	5.054630e-02
100000   	1    	5.916670e-02
100000   	2    	5.481990e-02
100000   	3    	4.991910e-02

Maior profundidade das árvores:
n_persons	index	time        	depth
100000   	0    	4.458000e-03	38   
100000   	1    	4.513600e-03	38   
100000   	2    	5.056200e-03	39   
100000   	3    	5.101700e-03	42   

Número de nós em cada nível:
n_persons	index	time        	lvl0  	lvl1  	lvl2  	lvl3  	lvl4  	lvl5  	lvl6  	lvl7  	lvl8  	lvl9  	lvl10 	lvl11 	lvl12 	lvl13 	lvl14 	lvl15 	lvl16 	lvl17 	lvl18 	lvl19 	lvl20 	lvl21 	lvl22 	lvl23 	lvl24 	lvl25 	lvl26 	lvl27 	lvl28 	lvl29 	lvl30 	lvl31 	lvl32 	lvl33 	lvl34 	lvl35 	lvl36 	lvl37 	lvl38 	lvl39 	lvl40 	lvl41 	lvl42 
100000   	0    	4.056400e-03	1     	2     	4     	8     	16    	32    	64    	127   	249   	464   	817   	1369  	2200  	3293  	4575  	5884  	7216  	8194  	8923  	9171  	8909  	8351  	7296  	6275  	5085  	3955  	2868  	1875  	1173  	711   	402   	235   	131   	73    	31    	13    	4     	3     	1     	nan   	nan   	nan   	nan   
100000   	1    	3.928400e-03	1     	2     	4     	8     	16    	32    	61    	114   	200   	336   	567   	949   	1529  	2290  	3317  	4466  	5762  	7134  	8194  	8944  	9207  	9054  	8409  	7359  	6178  	4900  	3628  	2654  	1842  	1210  	737   	429   	242   	116   	49    	32    	16    	9     	3     	nan   	nan   	nan   	nan   
100000   	2    	4.238000e-03	1     	2     	4     	8     	16    	32    	63    	116   	212   	368   	623   	1006  	1551  	2271  	3167  	4220  	5170  	6194  	7060  	7702  	8097  	8076  	7778  	7292  	6438  	5520  	4590  	3663  	2902  	2109  	1530  	1002  	602   	332   	176   	69    	26    	7     	2     	3     	nan   	nan   	nan   
100000   	3    	4.492500e-03	1     	2     	4     	8     	16    	32    	63    	119   	219   	389   	640   	1023  	1545  	2219  	3036  	3987  	5072  	6113  	6966  	7656  	8116  	8068  	7798  	7185  	6506  	5623  	4592  	3641  	2798  	2034  	1495  	1044  	730   	465   	295   	193   	135   	89    	41    	22    	14    	5     	1     

