Criação das árvores ordenadas:
n_persons	index	time        
100000   	0    	5.426110e-02
100000   	1    	6.712480e-02
100000   	2    	5.666310e-02
100000   	3    	4.841880e-02

Procura de nós nas árvores:
n_persons	index	time        
100000   	0    	6.216740e-02
100000   	1    	7.670260e-02
100000   	2    	5.989540e-02
100000   	3    	6.392210e-02

Maior profundidade das árvores:
n_persons	index	time        	depth
100000   	0    	4.470400e-03	39   
100000   	1    	4.464900e-03	39   
100000   	2    	5.077700e-03	38   
100000   	3    	4.978800e-03	41   

Número de nós em cada nível:
n_persons	index	time        	lvl0  	lvl1  	lvl2  	lvl3  	lvl4  	lvl5  	lvl6  	lvl7  	lvl8  	lvl9  	lvl10 	lvl11 	lvl12 	lvl13 	lvl14 	lvl15 	lvl16 	lvl17 	lvl18 	lvl19 	lvl20 	lvl21 	lvl22 	lvl23 	lvl24 	lvl25 	lvl26 	lvl27 	lvl28 	lvl29 	lvl30 	lvl31 	lvl32 	lvl33 	lvl34 	lvl35 	lvl36 	lvl37 	lvl38 	lvl39 	lvl40 	lvl41 
100000   	0    	3.915300e-03	1     	2     	4     	8     	16    	32    	64    	126   	237   	434   	751   	1239  	1965  	2928  	4088  	5313  	6537  	7675  	8483  	8824  	8796  	8417  	7668  	6610  	5357  	4234  	3237  	2391  	1695  	1068  	719   	483   	300   	153   	85    	36    	18    	3     	2     	1     	nan   	nan   
100000   	1    	4.295300e-03	1     	2     	4     	8     	16    	32    	64    	121   	226   	405   	675   	1076  	1662  	2444  	3427  	4559  	5822  	7172  	8214  	8945  	9246  	9060  	8311  	7342  	6031  	4685  	3498  	2498  	1662  	1076  	697   	442   	260   	159   	78    	41    	21    	12    	5     	1     	nan   	nan   
100000   	2    	4.391600e-03	1     	2     	4     	8     	16    	32    	64    	122   	222   	401   	697   	1193  	1917  	2946  	4162  	5729  	7333  	8649  	9550  	9824  	9504  	8675  	7609  	6243  	4877  	3611  	2508  	1632  	1018  	592   	376   	216   	127   	74    	35    	17    	10    	3     	1     	nan   	nan   	nan   
100000   	3    	4.379300e-03	1     	2     	4     	8     	16    	32    	60    	103   	186   	323   	533   	846   	1264  	1796  	2493  	3251  	4062  	4854  	5645  	6467  	7126  	7475  	7709  	7577  	7234  	6551  	5781  	4865  	3874  	3042  	2274  	1592  	1115  	768   	502   	279   	154   	71    	39    	19    	6     	1     

