Criação das árvores ordenadas:
n_persons	index	time        
100000   	0    	5.191410e-02
100000   	1    	6.106700e-02
100000   	2    	5.645380e-02
100000   	3    	4.893960e-02

Procura de nós nas árvores:
n_persons	index	time        
100000   	0    	6.073720e-02
100000   	1    	7.366140e-02
100000   	2    	7.198340e-02
100000   	3    	7.000470e-02

Maior profundidade das árvores:
n_persons	index	time        	depth
100000   	0    	4.957600e-03	39   
100000   	1    	4.939100e-03	41   
100000   	2    	5.826300e-03	41   
100000   	3    	5.671100e-03	41   

Número de nós em cada nível:
n_persons	index	time        	lvl0  	lvl1  	lvl2  	lvl3  	lvl4  	lvl5  	lvl6  	lvl7  	lvl8  	lvl9  	lvl10 	lvl11 	lvl12 	lvl13 	lvl14 	lvl15 	lvl16 	lvl17 	lvl18 	lvl19 	lvl20 	lvl21 	lvl22 	lvl23 	lvl24 	lvl25 	lvl26 	lvl27 	lvl28 	lvl29 	lvl30 	lvl31 	lvl32 	lvl33 	lvl34 	lvl35 	lvl36 	lvl37 	lvl38 	lvl39 	lvl40 	lvl41 
100000   	0    	4.732500e-03	1     	2     	4     	8     	16    	32    	64    	125   	234   	415   	718   	1191  	1875  	2740  	3893  	5081  	6271  	7195  	7866  	8190  	8374  	8099  	7514  	6754  	5708  	4837  	3781  	2813  	2092  	1489  	1007  	674   	431   	257   	145   	61    	22    	13    	7     	1     	nan   	nan   
100000   	1    	5.038400e-03	1     	2     	4     	8     	16    	32    	62    	117   	214   	373   	651   	1076  	1616  	2413  	3348  	4469  	5721  	6796  	7564  	8090  	8281  	8187  	7712  	7075  	6145  	5150  	4060  	3179  	2428  	1811  	1286  	853   	505   	329   	183   	109   	53    	38    	22    	12    	8     	1     
100000   	2    	4.997100e-03	1     	2     	4     	8     	16    	32    	64    	127   	242   	440   	760   	1203  	1855  	2667  	3703  	4934  	6144  	7321  	8172  	8732  	8986  	8608  	7849  	6898  	5779  	4605  	3453  	2417  	1716  	1170  	777   	540   	341   	197   	116   	62    	30    	15    	8     	2     	2     	2     
100000   	3    	4.795200e-03	1     	2     	4     	8     	16    	32    	64    	122   	236   	443   	749   	1214  	1835  	2605  	3558  	4545  	5534  	6496  	7366  	7926  	8351  	8102  	7595  	7008  	6079  	5120  	4223  	3360  	2489  	1780  	1175  	800   	499   	312   	167   	94    	44    	24    	12    	7     	2     	1     

