Criação das árvores ordenadas:
n_persons	index	time        
100000   	0    	5.415350e-02
100000   	1    	6.311220e-02
100000   	2    	5.528530e-02
100000   	3    	4.998240e-02

Procura de nós nas árvores:
n_persons	index	time        
100000   	0    	5.821630e-02
100000   	1    	6.943670e-02
100000   	2    	6.229840e-02
100000   	3    	5.599050e-02

Maior profundidade das árvores:
n_persons	index	time        	depth
100000   	0    	4.547700e-03	38   
100000   	1    	4.531500e-03	38   
100000   	2    	5.129000e-03	40   
100000   	3    	5.795400e-03	37   

Número de nós em cada nível:
n_persons	index	time        	lvl0  	lvl1  	lvl2  	lvl3  	lvl4  	lvl5  	lvl6  	lvl7  	lvl8  	lvl9  	lvl10 	lvl11 	lvl12 	lvl13 	lvl14 	lvl15 	lvl16 	lvl17 	lvl18 	lvl19 	lvl20 	lvl21 	lvl22 	lvl23 	lvl24 	lvl25 	lvl26 	lvl27 	lvl28 	lvl29 	lvl30 	lvl31 	lvl32 	lvl33 	lvl34 	lvl35 	lvl36 	lvl37 	lvl38 	lvl39 	lvl40 
100000   	0    	4.212900e-03	1     	2     	4     	8     	16    	32    	64    	124   	228   	422   	718   	1188  	1807  	2641  	3728  	4938  	6259  	7457  	8304  	8673  	8890  	8712  	8069  	7121  	5869  	4671  	3521  	2417  	1574  	1028  	635   	399   	224   	134   	65    	34    	13    	8     	2     	nan   	nan   
100000   	1    	3.865500e-03	1     	2     	4     	8     	16    	32    	63    	123   	224   	408   	695   	1118  	1694  	2472  	3420  	4451  	5548  	6586  	7549  	8231  	8562  	8447  	8094  	7352  	6299  	5332  	4174  	3114  	2202  	1505  	959   	600   	358   	185   	95    	48    	24    	4     	1     	nan   	nan   
100000   	2    	4.602300e-03	1     	2     	4     	8     	16    	32    	63    	124   	230   	406   	663   	1048  	1622  	2347  	3298  	4468  	5715  	6866  	7750  	8309  	8587  	8384  	7787  	6994  	6042  	4969  	3986  	3115  	2230  	1626  	1143  	776   	528   	332   	223   	138   	85    	46    	22    	12    	3     
100000   	3    	4.551800e-03	1     	2     	4     	8     	16    	32    	63    	121   	227   	414   	718   	1153  	1719  	2486  	3400  	4426  	5604  	6821  	7919  	8690  	9064  	8857  	8267  	7339  	6248  	4940  	3822  	2757  	1891  	1203  	742   	465   	292   	159   	74    	39    	12    	5     	nan   	nan   	nan   

