Criação das árvores ordenadas:
n_persons	index	time        
100000   	0    	5.189200e-02
100000   	1    	6.301680e-02
100000   	2    	5.488670e-02
100000   	3    	4.810100e-02

Procura de nós nas árvores:
n_persons	index	time        
100000   	0    	5.339230e-02
100000   	1    	6.347690e-02
100000   	2    	5.776920e-02
100000   	3    	6.477110e-02

Maior profundidade das árvores:
n_persons	index	time        	depth
100000   	0    	8.456000e-03	37   
100000   	1    	7.065200e-03	41   
100000   	2    	6.973000e-03	38   
100000   	3    	1.204800e-02	40   

Número de nós em cada nível:
n_persons	index	time        	lvl0  	lvl1  	lvl2  	lvl3  	lvl4  	lvl5  	lvl6  	lvl7  	lvl8  	lvl9  	lvl10 	lvl11 	lvl12 	lvl13 	lvl14 	lvl15 	lvl16 	lvl17 	lvl18 	lvl19 	lvl20 	lvl21 	lvl22 	lvl23 	lvl24 	lvl25 	lvl26 	lvl27 	lvl28 	lvl29 	lvl30 	lvl31 	lvl32 	lvl33 	lvl34 	lvl35 	lvl36 	lvl37 	lvl38 	lvl39 	lvl40 	lvl41 
100000   	0    	5.799300e-03	1     	2     	4     	8     	16    	31    	60    	112   	207   	353   	578   	963   	1459  	2092  	2872  	3808  	4755  	5930  	6946  	7773  	8314  	8527  	8304  	7734  	6998  	6056  	4940  	3811  	2730  	1912  	1246  	689   	384   	192   	107   	58    	22    	6     	nan   	nan   	nan   	nan   
100000   	1    	7.677500e-03	1     	2     	4     	8     	16    	32    	62    	116   	209   	362   	599   	940   	1446  	2037  	2778  	3661  	4641  	5619  	6585  	7448  	7812  	7997  	7816  	7318  	6594  	5870  	5007  	4055  	3232  	2416  	1836  	1309  	871   	574   	317   	183   	105   	59    	35    	19    	7     	2     
100000   	2    	5.855100e-03	1     	2     	4     	8     	16    	32    	62    	123   	230   	435   	780   	1303  	2012  	2965  	4131  	5340  	6560  	7558  	8299  	8651  	8547  	8212  	7520  	6584  	5602  	4505  	3432  	2466  	1711  	1194  	763   	471   	234   	134   	69    	28    	11    	4     	1     	nan   	nan   	nan   
100000   	3    	5.312100e-03	1     	2     	4     	8     	16    	32    	64    	127   	244   	433   	736   	1195  	1893  	2738  	3769  	4940  	6208  	7376  	8367  	8890  	8833  	8465  	7577  	6622  	5526  	4369  	3390  	2624  	1990  	1393  	886   	589   	336   	176   	94    	48    	24    	7     	5     	2     	1     	nan   

