Criação das árvores ordenadas:
n_persons	index	time        
100000   	0    	5.517310e-02
100000   	1    	6.257300e-02
100000   	2    	5.586490e-02
100000   	3    	5.238370e-02

Procura de nós nas árvores:
n_persons	index	time        
100000   	0    	5.589020e-02
100000   	1    	6.495330e-02
100000   	2    	5.915720e-02
100000   	3    	5.170960e-02

Maior profundidade das árvores:
n_persons	index	time        	depth
100000   	0    	4.478800e-03	40   
100000   	1    	4.582800e-03	37   
100000   	2    	5.217600e-03	37   
100000   	3    	5.185000e-03	38   

Número de nós em cada nível:
n_persons	index	time        	lvl0  	lvl1  	lvl2  	lvl3  	lvl4  	lvl5  	lvl6  	lvl7  	lvl8  	lvl9  	lvl10 	lvl11 	lvl12 	lvl13 	lvl14 	lvl15 	lvl16 	lvl17 	lvl18 	lvl19 	lvl20 	lvl21 	lvl22 	lvl23 	lvl24 	lvl25 	lvl26 	lvl27 	lvl28 	lvl29 	lvl30 	lvl31 	lvl32 	lvl33 	lvl34 	lvl35 	lvl36 	lvl37 	lvl38 	lvl39 	lvl40 
100000   	0    	4.425700e-03	1     	2     	4     	8     	16    	32    	63    	125   	233   	425   	716   	1179  	1841  	2660  	3695  	4732  	5752  	6686  	7421  	7686  	7624  	7318  	6905  	6511  	5925  	5269  	4430  	3662  	2823  	2120  	1477  	1023  	666   	418   	258   	156   	85    	37    	12    	3     	1     
100000   	1    	4.531600e-03	1     	2     	4     	8     	16    	32    	61    	120   	226   	410   	733   	1269  	2045  	3111  	4481  	5965  	7344  	8475  	9079  	9320  	9063  	8341  	7278  	6133  	4868  	3768  	2729  	1878  	1250  	822   	524   	328   	163   	92    	43    	14    	3     	1     	nan   	nan   	nan   
100000   	2    	6.183000e-03	1     	2     	4     	8     	16    	32    	63    	124   	234   	433   	763   	1246  	1918  	2852  	4026  	5498  	6997  	8313  	9259  	9693  	9560  	8896  	7762  	6405  	4927  	3691  	2577  	1757  	1144  	757   	490   	284   	146   	71    	30    	16    	4     	1     	nan   	nan   	nan   
100000   	3    	4.402100e-03	1     	2     	4     	8     	16    	32    	64    	123   	236   	428   	745   	1211  	1866  	2694  	3653  	4790  	5912  	6955  	7850  	8463  	8562  	8266  	7855  	7059  	6055  	4970  	3816  	2778  	1995  	1346  	909   	617   	335   	190   	102   	55    	22    	11    	4     	nan   	nan   

