Criação das árvores ordenadas:
n_persons	index	time        
100000   	0    	5.224690e-02
100000   	1    	6.255890e-02
100000   	2    	5.444250e-02
100000   	3    	4.759090e-02

Procura de nós nas árvores:
n_persons	index	time        
100000   	0    	5.486630e-02
100000   	1    	6.042780e-02
100000   	2    	5.598990e-02
100000   	3    	1.066775e-01

Maior profundidade das árvores:
n_persons	index	time        	depth
100000   	0    	6.482000e-03	39   
100000   	1    	1.068750e-02	41   
100000   	2    	5.918600e-03	43   
100000   	3    	6.592400e-03	42   

Número de nós em cada nível:
n_persons	index	time        	lvl0  	lvl1  	lvl2  	lvl3  	lvl4  	lvl5  	lvl6  	lvl7  	lvl8  	lvl9  	lvl10 	lvl11 	lvl12 	lvl13 	lvl14 	lvl15 	lvl16 	lvl17 	lvl18 	lvl19 	lvl20 	lvl21 	lvl22 	lvl23 	lvl24 	lvl25 	lvl26 	lvl27 	lvl28 	lvl29 	lvl30 	lvl31 	lvl32 	lvl33 	lvl34 	lvl35 	lvl36 	lvl37 	lvl38 	lvl39 	lvl40 	lvl41 	lvl42 	lvl43 
100000   	0    	4.971300e-03	1     	2     	4     	8     	16    	28    	54    	99    	187   	326   	556   	907   	1451  	2222  	3242  	4409  	5583  	6757  	7715  	8407  	8801  	8794  	8140  	7325  	6274  	5150  	4020  	3056  	2194  	1525  	1038  	683   	426   	267   	158   	88    	50    	23    	11    	3     	nan   	nan   	nan   	nan   
100000   	1    	4.928800e-03	1     	2     	4     	8     	16    	31    	59    	106   	199   	343   	576   	891   	1325  	1952  	2666  	3544  	4511  	5564  	6627  	7544  	8145  	8379  	8415  	7952  	7255  	6218  	5129  	3954  	2936  	2085  	1391  	935   	583   	332   	168   	88    	40    	15    	7     	2     	1     	1     	nan   	nan   
100000   	2    	5.248800e-03	1     	2     	4     	8     	16    	32    	63    	123   	234   	425   	727   	1190  	1878  	2716  	3662  	4673  	5583  	6357  	6862  	6991  	6755  	6443  	5970  	5537  	5151  	4717  	4354  	3900  	3404  	2894  	2408  	1919  	1505  	1146  	829   	603   	390   	234   	140   	71    	38    	25    	16    	4     
100000   	3    	5.780900e-03	1     	2     	4     	8     	15    	30    	53    	96    	178   	316   	538   	897   	1410  	2173  	3140  	4363  	5582  	6754  	7741  	8358  	8730  	8745  	8276  	7474  	6424  	5414  	4280  	3167  	2278  	1500  	919   	531   	297   	164   	75    	29    	10    	10    	7     	4     	2     	2     	3     	nan   

