Criação das árvores ordenadas:
n_persons	index	time        
100000   	0    	5.457240e-02
100000   	1    	6.559050e-02
100000   	2    	5.633210e-02
100000   	3    	4.815850e-02

Procura de nós nas árvores:
n_persons	index	time        
100000   	0    	5.616760e-02
100000   	1    	7.269240e-02
100000   	2    	6.816890e-02
100000   	3    	5.040080e-02

Maior profundidade das árvores:
n_persons	index	time        	depth
100000   	0    	4.739200e-03	37   
100000   	1    	6.959300e-03	43   
100000   	2    	7.097200e-03	37   
100000   	3    	7.852700e-03	39   

Número de nós em cada nível:
n_persons	index	time        	lvl0  	lvl1  	lvl2  	lvl3  	lvl4  	lvl5  	lvl6  	lvl7  	lvl8  	lvl9  	lvl10 	lvl11 	lvl12 	lvl13 	lvl14 	lvl15 	lvl16 	lvl17 	lvl18 	lvl19 	lvl20 	lvl21 	lvl22 	lvl23 	lvl24 	lvl25 	lvl26 	lvl27 	lvl28 	lvl29 	lvl30 	lvl31 	lvl32 	lvl33 	lvl34 	lvl35 	lvl36 	lvl37 	lvl38 	lvl39 	lvl40 	lvl41 	lvl42 	lvl43 
100000   	0    	4.841300e-03	1     	2     	4     	8     	16    	32    	64    	127   	241   	434   	758   	1246  	1892  	2695  	3735  	4936  	6113  	7348  	8439  	9105  	9403  	9066  	8227  	7056  	5782  	4441  	3276  	2193  	1383  	858   	513   	301   	160   	77    	45    	17    	5     	1     	nan   	nan   	nan   	nan   	nan   	nan   
100000   	1    	5.068800e-03	1     	2     	4     	8     	16    	32    	62    	119   	217   	401   	696   	1131  	1722  	2503  	3413  	4490  	5523  	6499  	7472  	8204  	8444  	7991  	7438  	6648  	5699  	4737  	3911  	3166  	2525  	1951  	1527  	1095  	767   	554   	383   	260   	161   	103   	62    	35    	12    	8     	4     	4     
100000   	2    	4.800900e-03	1     	2     	4     	8     	16    	30    	60    	104   	175   	279   	465   	771   	1243  	1902  	2713  	3702  	4799  	5970  	6989  	7690  	8235  	8444  	8255  	7789  	7014  	6107  	4964  	3886  	2914  	2174  	1428  	862   	501   	284   	140   	56    	20    	4     	nan   	nan   	nan   	nan   	nan   	nan   
100000   	3    	4.558800e-03	1     	2     	4     	8     	16    	32    	64    	128   	245   	465   	806   	1372  	2124  	3129  	4333  	5654  	6982  	8090  	8719  	9113  	8969  	8393  	7451  	6238  	5005  	3884  	2876  	2055  	1393  	934   	626   	388   	221   	129   	65    	39    	24    	15    	7     	1     	nan   	nan   	nan   	nan   

