Criação das árvores ordenadas:
n_persons	index	time        
100000   	0    	5.126460e-02
100000   	1    	6.453470e-02
100000   	2    	5.607580e-02
100000   	3    	4.681160e-02

Procura de nós nas árvores:
n_persons	index	time        
100000   	0    	5.483200e-02
100000   	1    	6.515050e-02
100000   	2    	5.703710e-02
100000   	3    	9.905350e-02

Maior profundidade das árvores:
n_persons	index	time        	depth
100000   	0    	5.619900e-03	41   
100000   	1    	5.454900e-03	41   
100000   	2    	6.147800e-03	37   
100000   	3    	6.133300e-03	38   

Número de nós em cada nível:
n_persons	index	time        	lvl0  	lvl1  	lvl2  	lvl3  	lvl4  	lvl5  	lvl6  	lvl7  	lvl8  	lvl9  	lvl10 	lvl11 	lvl12 	lvl13 	lvl14 	lvl15 	lvl16 	lvl17 	lvl18 	lvl19 	lvl20 	lvl21 	lvl22 	lvl23 	lvl24 	lvl25 	lvl26 	lvl27 	lvl28 	lvl29 	lvl30 	lvl31 	lvl32 	lvl33 	lvl34 	lvl35 	lvl36 	lvl37 	lvl38 	lvl39 	lvl40 	lvl41 
100000   	0    	5.145200e-03	1     	2     	4     	8     	16    	32    	63    	121   	225   	407   	664   	1055  	1539  	2199  	3097  	4213  	5445  	6714  	7813  	8596  	8923  	8807  	8300  	7427  	6265  	5122  	3970  	2993  	2146  	1482  	984   	603   	372   	215   	103   	42    	20    	7     	2     	1     	1     	1     
100000   	1    	5.026500e-03	1     	2     	4     	8     	16    	32    	63    	121   	226   	412   	698   	1157  	1782  	2603  	3562  	4586  	5660  	6586  	7301  	7766  	7851  	7600  	7217  	6617  	5911  	5133  	4418  	3520  	2736  	2080  	1459  	1025  	704   	483   	290   	175   	100   	54    	20    	12    	7     	2     
100000   	2    	5.119100e-03	1     	2     	4     	8     	16    	32    	64    	127   	240   	433   	744   	1231  	1927  	2819  	3807  	4945  	6100  	7042  	7788  	8223  	8335  	8117  	7595  	6923  	5979  	4942  	3976  	2964  	2162  	1430  	882   	560   	320   	161   	67    	23    	7     	4     	nan   	nan   	nan   	nan   
100000   	3    	5.708100e-03	1     	2     	4     	8     	16    	32    	63    	123   	222   	407   	703   	1134  	1720  	2554  	3544  	4722  	5991  	7261  	8471  	9080  	9345  	8905  	8176  	6977  	5749  	4540  	3445  	2484  	1686  	1099  	701   	413   	230   	114   	53    	15    	6     	2     	2     	nan   	nan   	nan   

