Criação das árvores ordenadas:
n_persons	index	time        
100000   	0    	5.157150e-02
100000   	1    	6.418660e-02
100000   	2    	5.550170e-02
100000   	3    	4.734350e-02

Procura de nós nas árvores:
n_persons	index	time        
100000   	0    	5.664170e-02
100000   	1    	7.192740e-02
100000   	2    	5.776750e-02
100000   	3    	5.364870e-02

Maior profundidade das árvores:
n_persons	index	time        	depth
100000   	0    	4.680100e-03	35   
100000   	1    	4.478600e-03	41   
100000   	2    	4.968800e-03	39   
100000   	3    	5.277300e-03	39   

Número de nós em cada nível:
n_persons	index	time        	lvl0  	lvl1  	lvl2  	lvl3  	lvl4  	lvl5  	lvl6  	lvl7  	lvl8  	lvl9  	lvl10 	lvl11 	lvl12 	lvl13 	lvl14 	lvl15 	lvl16 	lvl17 	lvl18 	lvl19 	lvl20 	lvl21 	lvl22 	lvl23 	lvl24 	lvl25 	lvl26 	lvl27 	lvl28 	lvl29 	lvl30 	lvl31 	lvl32 	lvl33 	lvl34 	lvl35 	lvl36 	lvl37 	lvl38 	lvl39 	lvl40 	lvl41 
100000   	0    	4.039700e-03	1     	2     	4     	8     	16    	32    	63    	122   	224   	401   	707   	1177  	1918  	2922  	4304  	5864  	7382  	8667  	9639  	9970  	9723  	8911  	7681  	6338  	4952  	3531  	2362  	1465  	800   	445   	230   	99    	31    	7     	1     	1     	nan   	nan   	nan   	nan   	nan   	nan   
100000   	1    	3.732000e-03	1     	2     	4     	8     	15    	27    	51    	93    	160   	285   	474   	750   	1120  	1619  	2231  	3056  	4012  	5031  	6059  	6993  	7704  	8048  	7991  	7673  	7107  	6407  	5619  	4676  	3754  	2873  	2120  	1464  	991   	665   	393   	252   	144   	78    	31    	14    	4     	1     
100000   	2    	4.524800e-03	1     	2     	4     	8     	16    	32    	64    	121   	234   	418   	704   	1185  	1890  	2813  	3945  	5177  	6415  	7438  	8253  	8821  	8857  	8505  	7750  	6686  	5522  	4392  	3375  	2507  	1757  	1190  	764   	511   	306   	176   	86    	42    	19    	9     	3     	2     	nan   	nan   
100000   	3    	4.605900e-03	1     	2     	4     	8     	16    	32    	63    	123   	240   	443   	802   	1356  	2080  	3078  	4239  	5398  	6605  	7701  	8636  	9032  	8905  	8414  	7505  	6425  	5323  	4199  	3117  	2307  	1615  	1040  	579   	331   	166   	104   	54    	28    	15    	11    	2     	1     	nan   	nan   

