Criação das árvores ordenadas:
n_persons	index	time        
100000   	0    	5.121820e-02
100000   	1    	6.841370e-02
100000   	2    	6.098350e-02
100000   	3    	6.926870e-02

Procura de nós nas árvores:
n_persons	index	time        
100000   	0    	1.032777e-01
100000   	1    	9.448930e-02
100000   	2    	7.507430e-02
100000   	3    	5.971750e-02

Maior profundidade das árvores:
n_persons	index	time        	depth
100000   	0    	6.012700e-03	38   
100000   	1    	5.796000e-03	43   
100000   	2    	5.223900e-03	41   
100000   	3    	4.958100e-03	41   

Número de nós em cada nível:
n_persons	index	time        	lvl0  	lvl1  	lvl2  	lvl3  	lvl4  	lvl5  	lvl6  	lvl7  	lvl8  	lvl9  	lvl10 	lvl11 	lvl12 	lvl13 	lvl14 	lvl15 	lvl16 	lvl17 	lvl18 	lvl19 	lvl20 	lvl21 	lvl22 	lvl23 	lvl24 	lvl25 	lvl26 	lvl27 	lvl28 	lvl29 	lvl30 	lvl31 	lvl32 	lvl33 	lvl34 	lvl35 	lvl36 	lvl37 	lvl38 	lvl39 	lvl40 	lvl41 	lvl42 	lvl43 
100000   	0    	3.796900e-03	1     	2     	4     	8     	16    	32    	64    	126   	241   	436   	760   	1243  	1919  	2852  	3968  	5257  	6487  	7764  	8565  	9027  	8981  	8306  	7429  	6377  	5333  	4314  	3290  	2559  	1761  	1176  	768   	448   	245   	134   	67    	24    	12    	3     	1     	nan   	nan   	nan   	nan   	nan   
100000   	1    	4.237900e-03	1     	2     	4     	8     	16    	32    	62    	124   	228   	412   	690   	1075  	1635  	2351  	3279  	4437  	5739  	6865  	7930  	8703  	8982  	8736  	8195  	7401  	6241  	4976  	3840  	2770  	1882  	1252  	777   	544   	323   	200   	124   	69    	41    	22    	11    	6     	5     	5     	2     	3     
100000   	2    	4.795400e-03	1     	2     	4     	8     	16    	32    	64    	123   	225   	418   	732   	1215  	1937  	2953  	4097  	5421  	6793  	7913  	8695  	9145  	9080  	8572  	7704  	6525  	5384  	4027  	3012  	2108  	1400  	913   	573   	362   	216   	121   	83    	52    	31    	17    	12    	6     	5     	3     	nan   	nan   
100000   	3    	5.537800e-03	1     	2     	4     	8     	16    	32    	62    	118   	211   	369   	587   	933   	1450  	2143  	3082  	4267  	5738  	7275  	8599  	9446  	9765  	9525  	8678  	7515  	6137  	4753  	3358  	2334  	1535  	930   	545   	286   	141   	71    	37    	19    	13    	9     	3     	1     	1     	1     	nan   	nan   

