Criação das árvores ordenadas:
n_persons	index	time        
100000   	0    	5.255990e-02
100000   	1    	6.179970e-02
100000   	2    	6.010850e-02
100000   	3    	4.913420e-02

Procura de nós nas árvores:
n_persons	index	time        
100000   	0    	5.544920e-02
100000   	1    	6.919830e-02
100000   	2    	5.617610e-02
100000   	3    	4.964860e-02

Maior profundidade das árvores:
n_persons	index	time        	depth
100000   	0    	4.201800e-03	40   
100000   	1    	4.683000e-03	39   
100000   	2    	4.867800e-03	37   
100000   	3    	4.878900e-03	40   

Número de nós em cada nível:
n_persons	index	time        	lvl0  	lvl1  	lvl2  	lvl3  	lvl4  	lvl5  	lvl6  	lvl7  	lvl8  	lvl9  	lvl10 	lvl11 	lvl12 	lvl13 	lvl14 	lvl15 	lvl16 	lvl17 	lvl18 	lvl19 	lvl20 	lvl21 	lvl22 	lvl23 	lvl24 	lvl25 	lvl26 	lvl27 	lvl28 	lvl29 	lvl30 	lvl31 	lvl32 	lvl33 	lvl34 	lvl35 	lvl36 	lvl37 	lvl38 	lvl39 	lvl40 
100000   	0    	3.859500e-03	1     	2     	4     	8     	16    	32    	63    	125   	231   	412   	701   	1119  	1714  	2489  	3439  	4543  	5674  	6620  	7365  	7943  	8145  	8300  	7966  	7209  	6224  	5173  	4083  	3239  	2491  	1761  	1179  	759   	448   	247   	147   	78    	32    	11    	4     	2     	1     
100000   	1    	4.171800e-03	1     	2     	4     	8     	16    	31    	60    	115   	214   	386   	676   	1119  	1692  	2530  	3571  	4900  	6292  	7544  	8570  	9182  	9167  	8731  	7849  	6895  	5642  	4362  	3321  	2404  	1661  	1137  	754   	510   	329   	170   	88    	42    	14    	8     	2     	1     	nan   
100000   	2    	4.321500e-03	1     	2     	4     	8     	16    	32    	64    	123   	238   	442   	778   	1312  	2065  	3084  	4352  	5854  	7212  	8481  	9245  	9564  	9287  	8575  	7607  	6293  	4934  	3719  	2580  	1687  	1036  	608   	364   	217   	112   	54    	28    	15    	6     	1     	nan   	nan   	nan   
100000   	3    	4.550700e-03	1     	2     	4     	8     	16    	32    	64    	126   	242   	450   	777   	1280  	2026  	2922  	3916  	5040  	6168  	7248  	8157  	8610  	8725  	8410  	7813  	6880  	5803  	4629  	3507  	2554  	1739  	1167  	777   	466   	237   	114   	48    	26    	10    	3     	1     	1     	1     

