Criação das árvores ordenadas:
n_persons	index	time        
100000   	0    	5.168680e-02
100000   	1    	6.235010e-02
100000   	2    	5.410710e-02
100000   	3    	8.678130e-02

Procura de nós nas árvores:
n_persons	index	time        
100000   	0    	8.729200e-02
100000   	1    	7.505650e-02
100000   	2    	6.059870e-02
100000   	3    	5.234320e-02

Maior profundidade das árvores:
n_persons	index	time        	depth
100000   	0    	4.403600e-03	40   
100000   	1    	4.347400e-03	40   
100000   	2    	4.791000e-03	38   
100000   	3    	5.177100e-03	39   

Número de nós em cada nível:
n_persons	index	time        	lvl0  	lvl1  	lvl2  	lvl3  	lvl4  	lvl5  	lvl6  	lvl7  	lvl8  	lvl9  	lvl10 	lvl11 	lvl12 	lvl13 	lvl14 	lvl15 	lvl16 	lvl17 	lvl18 	lvl19 	lvl20 	lvl21 	lvl22 	lvl23 	lvl24 	lvl25 	lvl26 	lvl27 	lvl28 	lvl29 	lvl30 	lvl31 	lvl32 	lvl33 	lvl34 	lvl35 	lvl36 	lvl37 	lvl38 	lvl39 	lvl40 
100000   	0    	3.896900e-03	1     	2     	4     	8     	16    	32    	59    	98    	163   	264   	423   	653   	1048  	1646  	2449  	3595  	4941  	6371  	7655  	8718  	9356  	9378  	9054  	8218  	7055  	5749  	4381  	3187  	2183  	1384  	855   	517   	289   	145   	62    	26    	9     	3     	1     	1     	1     
100000   	1    	3.885600e-03	1     	2     	4     	8     	16    	32    	63    	123   	231   	428   	729   	1195  	1823  	2624  	3596  	4683  	5738  	6768  	7661  	8331  	8526  	8418  	7972  	7274  	6148  	5005  	3950  	3049  	2192  	1391  	878   	535   	275   	147   	84    	56    	25    	11    	5     	2     	1     
100000   	2    	4.239300e-03	1     	2     	4     	8     	16    	31    	57    	107   	180   	312   	523   	862   	1347  	2053  	2978  	4217  	5649  	7108  	8368  	9204  	9465  	9258  	8654  	7635  	6304  	4952  	3699  	2525  	1740  	1118  	696   	422   	242   	130   	68    	37    	19    	8     	1     	nan   	nan   
100000   	3    	4.572500e-03	1     	2     	4     	8     	16    	31    	60    	119   	221   	407   	696   	1144  	1787  	2591  	3605  	4818  	6022  	7356  	8355  	9033  	9212  	8864  	8134  	7062  	5818  	4469  	3273  	2348  	1612  	1087  	704   	425   	290   	184   	115   	65    	32    	17    	11    	2     	nan   

