Criação das árvores ordenadas:
n_persons	index	time        
100000   	0    	5.232920e-02
100000   	1    	6.169040e-02
100000   	2    	5.515390e-02
100000   	3    	4.600730e-02

Procura de nós nas árvores:
n_persons	index	time        
100000   	0    	5.591810e-02
100000   	1    	7.395200e-02
100000   	2    	6.058950e-02
100000   	3    	5.438010e-02

Maior profundidade das árvores:
n_persons	index	time        	depth
100000   	0    	4.388700e-03	41   
100000   	1    	4.268800e-03	36   
100000   	2    	5.292600e-03	38   
100000   	3    	4.927000e-03	40   

Número de nós em cada nível:
n_persons	index	time        	lvl0  	lvl1  	lvl2  	lvl3  	lvl4  	lvl5  	lvl6  	lvl7  	lvl8  	lvl9  	lvl10 	lvl11 	lvl12 	lvl13 	lvl14 	lvl15 	lvl16 	lvl17 	lvl18 	lvl19 	lvl20 	lvl21 	lvl22 	lvl23 	lvl24 	lvl25 	lvl26 	lvl27 	lvl28 	lvl29 	lvl30 	lvl31 	lvl32 	lvl33 	lvl34 	lvl35 	lvl36 	lvl37 	lvl38 	lvl39 	lvl40 	lvl41 
100000   	0    	3.802800e-03	1     	2     	4     	8     	16    	32    	62    	120   	228   	421   	721   	1205  	1912  	2823  	3957  	5111  	6316  	7393  	8312  	8742  	8820  	8495  	7804  	6850  	5770  	4584  	3416  	2421  	1652  	1091  	736   	464   	250   	126   	72    	32    	16    	8     	2     	2     	2     	1     
100000   	1    	3.846100e-03	1     	2     	4     	8     	16    	32    	64    	127   	242   	448   	786   	1326  	2062  	2993  	4166  	5450  	6632  	7719  	8660  	9139  	9094  	8388  	7578  	6543  	5277  	4130  	3107  	2212  	1484  	977   	617   	359   	192   	96    	42    	21    	6     	nan   	nan   	nan   	nan   	nan   
100000   	2    	4.747700e-03	1     	2     	4     	8     	16    	32    	63    	119   	214   	380   	620   	980   	1494  	2165  	2966  	3947  	5023  	6090  	7104  	7808  	8177  	8189  	7840  	7303  	6582  	5732  	4785  	3756  	2869  	2116  	1456  	956   	561   	316   	182   	80    	40    	16    	8     	nan   	nan   	nan   
100000   	3    	4.534100e-03	1     	2     	4     	8     	16    	32    	64    	125   	237   	439   	785   	1351  	2154  	3196  	4297  	5554  	6824  	7806  	8498  	8735  	8551  	8250  	7395  	6404  	5294  	4292  	3290  	2411  	1618  	1020  	558   	315   	190   	118   	77    	47    	26    	11    	2     	1     	2     	nan   

