Criação das árvores ordenadas:
n_persons	index	time        
100000   	0    	5.120370e-02
100000   	1    	6.198030e-02
100000   	2    	5.527990e-02
100000   	3    	4.812610e-02

Procura de nós nas árvores:
n_persons	index	time        
100000   	0    	5.136340e-02
100000   	1    	5.975490e-02
100000   	2    	6.869100e-02
100000   	3    	9.575410e-02

Maior profundidade das árvores:
n_persons	index	time        	depth
100000   	0    	5.400900e-03	39   
100000   	1    	5.783200e-03	39   
100000   	2    	5.714900e-03	40   
100000   	3    	5.887900e-03	39   

Número de nós em cada nível:
n_persons	index	time        	lvl0  	lvl1  	lvl2  	lvl3  	lvl4  	lvl5  	lvl6  	lvl7  	lvl8  	lvl9  	lvl10 	lvl11 	lvl12 	lvl13 	lvl14 	lvl15 	lvl16 	lvl17 	lvl18 	lvl19 	lvl20 	lvl21 	lvl22 	lvl23 	lvl24 	lvl25 	lvl26 	lvl27 	lvl28 	lvl29 	lvl30 	lvl31 	lvl32 	lvl33 	lvl34 	lvl35 	lvl36 	lvl37 	lvl38 	lvl39 	lvl40 
100000   	0    	5.066800e-03	1     	2     	4     	8     	16    	32    	63    	121   	229   	390   	664   	1108  	1757  	2651  	3791  	5099  	6438  	7707  	8627  	9065  	8939  	8554  	7758  	6689  	5624  	4455  	3340  	2377  	1703  	1088  	688   	449   	255   	155   	83    	42    	15    	8     	4     	1     	nan   
100000   	1    	5.251400e-03	1     	2     	4     	8     	16    	32    	64    	123   	227   	412   	713   	1149  	1791  	2624  	3749  	5047  	6368  	7476  	8169  	8656  	8660  	8391  	7597  	6583  	5579  	4501  	3586  	2671  	1963  	1349  	939   	610   	398   	251   	150   	77    	39    	21    	3     	1     	nan   
100000   	2    	4.819800e-03	1     	2     	4     	8     	16    	32    	61    	118   	220   	387   	658   	1081  	1644  	2343  	3246  	4158  	5234  	6192  	7066  	7617  	7967  	8098  	7946  	7338  	6531  	5534  	4552  	3645  	2759  	1979  	1338  	855   	551   	359   	198   	131   	73    	33    	15    	7     	3     
100000   	3    	4.459800e-03	1     	2     	4     	8     	16    	32    	64    	124   	231   	416   	733   	1223  	1891  	2741  	3843  	5146  	6473  	7731  	8460  	9079  	9012  	8668  	7843  	6722  	5496  	4297  	3255  	2423  	1688  	1028  	632   	363   	197   	93    	41    	12    	6     	2     	2     	2     	nan   

