Criação das árvores ordenadas:
n_persons	index	time        
100000   	0    	5.382270e-02
100000   	1    	1.058036e-01
100000   	2    	8.504070e-02
100000   	3    	5.273570e-02

Procura de nós nas árvores:
n_persons	index	time        
100000   	0    	5.513160e-02
100000   	1    	6.028740e-02
100000   	2    	5.694880e-02
100000   	3    	5.049120e-02

Maior profundidade das árvores:
n_persons	index	time        	depth
100000   	0    	4.590200e-03	39   
100000   	1    	5.010200e-03	39   
100000   	2    	5.252100e-03	37   
100000   	3    	4.842400e-03	36   

Número de nós em cada nível:
n_persons	index	time        	lvl0  	lvl1  	lvl2  	lvl3  	lvl4  	lvl5  	lvl6  	lvl7  	lvl8  	lvl9  	lvl10 	lvl11 	lvl12 	lvl13 	lvl14 	lvl15 	lvl16 	lvl17 	lvl18 	lvl19 	lvl20 	lvl21 	lvl22 	lvl23 	lvl24 	lvl25 	lvl26 	lvl27 	lvl28 	lvl29 	lvl30 	lvl31 	lvl32 	lvl33 	lvl34 	lvl35 	lvl36 	lvl37 	lvl38 	lvl39 
100000   	0    	3.960800e-03	1     	2     	4     	8     	16    	32    	62    	121   	228   	422   	740   	1223  	1873  	2706  	3731  	4881  	6095  	7198  	8046  	8588  	8838  	8489  	7881  	6856  	5767  	4608  	3546  	2728  	1941  	1312  	877   	536   	289   	179   	107   	45    	14    	7     	2     	1     
100000   	1    	4.074400e-03	1     	2     	4     	8     	16    	32    	63    	122   	225   	408   	676   	1080  	1646  	2404  	3267  	4321  	5461  	6510  	7294  	8032  	8380  	8275  	7968  	7320  	6400  	5374  	4341  	3421  	2539  	1770  	1119  	700   	405   	213   	108   	55    	26    	9     	3     	2     
100000   	2    	4.463100e-03	1     	2     	4     	8     	16    	32    	63    	116   	219   	411   	706   	1161  	1852  	2772  	3872  	5166  	6436  	7482  	8241  	8602  	8628  	8262  	7521  	6738  	5689  	4613  	3564  	2705  	1904  	1292  	850   	504   	273   	154   	86    	37    	15    	3     	nan   	nan   
100000   	3    	4.401000e-03	1     	2     	4     	8     	14    	28    	55    	107   	207   	381   	692   	1192  	1941  	2885  	4118  	5379  	6721  	7867  	8734  	9190  	9019  	8666  	7834  	6719  	5387  	4233  	3052  	2114  	1387  	885   	535   	301   	198   	94    	39    	8     	3     	nan   	nan   	nan   

