Criação das árvores ordenadas:
n_persons	index	time        
100000   	0    	5.567580e-02
100000   	1    	6.856410e-02
100000   	2    	6.398910e-02
100000   	3    	5.694490e-02

Procura de nós nas árvores:
n_persons	index	time        
100000   	0    	1.252881e-01
100000   	1    	8.550000e-02
100000   	2    	6.629270e-02
100000   	3    	5.466860e-02

Maior profundidade das árvores:
n_persons	index	time        	depth
100000   	0    	4.634600e-03	37   
100000   	1    	4.570100e-03	40   
100000   	2    	5.146300e-03	41   
100000   	3    	5.393500e-03	38   

Número de nós em cada nível:
n_persons	index	time        	lvl0  	lvl1  	lvl2  	lvl3  	lvl4  	lvl5  	lvl6  	lvl7  	lvl8  	lvl9  	lvl10 	lvl11 	lvl12 	lvl13 	lvl14 	lvl15 	lvl16 	lvl17 	lvl18 	lvl19 	lvl20 	lvl21 	lvl22 	lvl23 	lvl24 	lvl25 	lvl26 	lvl27 	lvl28 	lvl29 	lvl30 	lvl31 	lvl32 	lvl33 	lvl34 	lvl35 	lvl36 	lvl37 	lvl38 	lvl39 	lvl40 	lvl41 
100000   	0    	4.364200e-03	1     	2     	4     	8     	16    	32    	63    	123   	240   	446   	795   	1332  	2057  	3046  	4269  	5630  	6958  	8030  	8880  	9303  	9198  	8598  	7557  	6298  	4983  	3882  	2879  	1990  	1355  	865   	549   	305   	161   	83    	37    	17    	6     	2     	nan   	nan   	nan   	nan   
100000   	1    	3.998400e-03	1     	2     	4     	8     	16    	32    	62    	117   	212   	376   	635   	1035  	1637  	2474  	3500  	4615  	5700  	6647  	7404  	8010  	8284  	8092  	7795  	7042  	6191  	5191  	4228  	3257  	2490  	1763  	1230  	810   	509   	301   	173   	83    	36    	19    	9     	8     	2     	nan   
100000   	2    	4.481000e-03	1     	2     	4     	8     	16    	31    	58    	109   	197   	361   	615   	971   	1490  	2130  	2898  	3774  	4566  	5385  	6101  	6723  	7138  	7507  	7636  	7365  	6757  	6119  	5255  	4410  	3581  	2707  	2004  	1467  	1023  	690   	445   	242   	118   	55    	24    	13    	3     	1     
100000   	3    	4.604600e-03	1     	2     	4     	8     	16    	32    	64    	124   	238   	443   	773   	1300  	2010  	2910  	4094  	5403  	6746  	7852  	8675  	8950  	8798  	8363  	7601  	6620  	5428  	4246  	3223  	2238  	1510  	936   	584   	362   	216   	125   	58    	29    	13    	4     	1     	nan   	nan   	nan   

