Criação das árvores ordenadas:
n_persons	index	time        
100000   	0    	6.352990e-02
100000   	1    	7.367380e-02
100000   	2    	7.599290e-02
100000   	3    	6.463740e-02

Procura de nós nas árvores:
n_persons	index	time        
100000   	0    	7.201890e-02
100000   	1    	8.898860e-02
100000   	2    	7.574510e-02
100000   	3    	7.281340e-02

Maior profundidade das árvores:
n_persons	index	time        	depth
100000   	0    	6.392900e-03	40   
100000   	1    	5.023700e-03	40   
100000   	2    	5.505700e-03	39   
100000   	3    	5.445900e-03	37   

Número de nós em cada nível:
n_persons	index	time        	lvl0  	lvl1  	lvl2  	lvl3  	lvl4  	lvl5  	lvl6  	lvl7  	lvl8  	lvl9  	lvl10 	lvl11 	lvl12 	lvl13 	lvl14 	lvl15 	lvl16 	lvl17 	lvl18 	lvl19 	lvl20 	lvl21 	lvl22 	lvl23 	lvl24 	lvl25 	lvl26 	lvl27 	lvl28 	lvl29 	lvl30 	lvl31 	lvl32 	lvl33 	lvl34 	lvl35 	lvl36 	lvl37 	lvl38 	lvl39 	lvl40 
100000   	0    	5.366500e-03	1     	2     	4     	8     	16    	32    	63    	124   	237   	438   	757   	1242  	1913  	2834  	3946  	5215  	6512  	7582  	8278  	8591  	8405  	8039  	7420  	6563  	5494  	4479  	3413  	2511  	1843  	1367  	942   	671   	428   	294   	167   	99    	46    	14    	7     	1     	2     
100000   	1    	5.613200e-03	1     	2     	4     	8     	16    	32    	62    	121   	224   	385   	664   	1071  	1661  	2437  	3367  	4504  	5743  	6931  	7824  	8421  	8609  	8311  	7796  	7026  	6135  	5078  	4080  	3245  	2381  	1584  	983   	586   	342   	173   	88    	51    	36    	11    	3     	2     	2     
100000   	2    	4.902500e-03	1     	2     	4     	8     	16    	32    	63    	124   	226   	395   	684   	1122  	1732  	2568  	3613  	4864  	6097  	7329  	8228  	8866  	9125  	8960  	8130  	7062  	5823  	4541  	3452  	2443  	1713  	1107  	704   	435   	250   	137   	76    	44    	16    	4     	3     	1     	nan   
100000   	3    	5.240900e-03	1     	2     	4     	8     	16    	32    	64    	127   	241   	437   	747   	1251  	1992  	2890  	4064  	5453  	6841  	8102  	9083  	9571  	9459  	8939  	7926  	6535  	5174  	3785  	2616  	1782  	1157  	692   	447   	259   	152   	79    	38    	18    	13    	3     	nan   	nan   	nan   

