Criação das árvores ordenadas:
n_persons	index	time        
100000   	0    	4.962320e-02
100000   	1    	6.135980e-02
100000   	2    	5.981320e-02
100000   	3    	5.412360e-02

Procura de nós nas árvores:
n_persons	index	time        
100000   	0    	5.318150e-02
100000   	1    	6.299210e-02
100000   	2    	5.871190e-02
100000   	3    	5.156970e-02

Maior profundidade das árvores:
n_persons	index	time        	depth
100000   	0    	4.311100e-03	37   
100000   	1    	4.212300e-03	38   
100000   	2    	6.557100e-03	44   
100000   	3    	5.112000e-03	38   

Número de nós em cada nível:
n_persons	index	time        	lvl0  	lvl1  	lvl2  	lvl3  	lvl4  	lvl5  	lvl6  	lvl7  	lvl8  	lvl9  	lvl10 	lvl11 	lvl12 	lvl13 	lvl14 	lvl15 	lvl16 	lvl17 	lvl18 	lvl19 	lvl20 	lvl21 	lvl22 	lvl23 	lvl24 	lvl25 	lvl26 	lvl27 	lvl28 	lvl29 	lvl30 	lvl31 	lvl32 	lvl33 	lvl34 	lvl35 	lvl36 	lvl37 	lvl38 	lvl39 	lvl40 	lvl41 	lvl42 	lvl43 	lvl44 
100000   	0    	3.979900e-03	1     	2     	4     	8     	16    	32    	64    	125   	238   	434   	758   	1294  	2110  	3184  	4583  	6105  	7605  	8781  	9479  	9662  	9306  	8506  	7325  	5949  	4626  	3364  	2390  	1608  	1045  	642   	378   	192   	104   	47    	23    	7     	2     	1     	nan   	nan   	nan   	nan   	nan   	nan   	nan   
100000   	1    	4.148300e-03	1     	2     	4     	8     	16    	32    	63    	117   	219   	394   	695   	1185  	1902  	2882  	4091  	5528  	6930  	8241  	9094  	9673  	9526  	9087  	8071  	6556  	5068  	3687  	2541  	1765  	1108  	667   	398   	224   	122   	50    	23    	16    	9     	4     	1     	nan   	nan   	nan   	nan   	nan   	nan   
100000   	2    	4.356600e-03	1     	2     	4     	8     	16    	32    	63    	119   	213   	368   	608   	963   	1449  	2099  	2891  	3889  	4993  	6084  	7007  	7708  	8023  	8098  	7769  	7232  	6547  	5522  	4590  	3697  	2971  	2238  	1590  	1064  	757   	535   	346   	226   	137   	67    	41    	18    	7     	3     	2     	2     	1     
100000   	3    	4.475600e-03	1     	2     	4     	8     	15    	29    	52    	99    	185   	337   	570   	968   	1499  	2213  	3146  	4212  	5284  	6347  	7137  	7778  	8036  	8152  	7923  	7432  	6661  	5777  	4749  	3715  	2735  	1891  	1279  	817   	463   	256   	121   	64    	27    	14    	2     	nan   	nan   	nan   	nan   	nan   	nan   

