Criação das árvores ordenadas:
n_persons	index	time        
100000   	0    	5.113580e-02
100000   	1    	6.163270e-02
100000   	2    	5.417690e-02
100000   	3    	4.865250e-02

Procura de nós nas árvores:
n_persons	index	time        
100000   	0    	5.265620e-02
100000   	1    	6.327930e-02
100000   	2    	5.593170e-02
100000   	3    	5.010050e-02

Maior profundidade das árvores:
n_persons	index	time        	depth
100000   	0    	4.276300e-03	38   
100000   	1    	4.970100e-03	39   
100000   	2    	5.176400e-03	38   
100000   	3    	5.086300e-03	40   

Número de nós em cada nível:
n_persons	index	time        	lvl0  	lvl1  	lvl2  	lvl3  	lvl4  	lvl5  	lvl6  	lvl7  	lvl8  	lvl9  	lvl10 	lvl11 	lvl12 	lvl13 	lvl14 	lvl15 	lvl16 	lvl17 	lvl18 	lvl19 	lvl20 	lvl21 	lvl22 	lvl23 	lvl24 	lvl25 	lvl26 	lvl27 	lvl28 	lvl29 	lvl30 	lvl31 	lvl32 	lvl33 	lvl34 	lvl35 	lvl36 	lvl37 	lvl38 	lvl39 	lvl40 
100000   	0    	4.134100e-03	1     	2     	4     	8     	16    	32    	64    	123   	234   	426   	726   	1166  	1776  	2567  	3593  	4742  	5963  	7168  	8109  	8611  	8859  	8655  	8129  	7099  	5972  	4823  	3692  	2715  	1870  	1198  	761   	428   	238   	118   	67    	28    	10    	4     	3     	nan   	nan   
100000   	1    	3.980900e-03	1     	2     	4     	8     	16    	32    	58    	108   	195   	336   	577   	964   	1562  	2383  	3473  	4720  	5983  	7327  	8354  	8980  	9158  	8804  	7938  	6865  	5659  	4459  	3518  	2698  	1944  	1382  	927   	618   	394   	237   	156   	93    	40    	19    	7     	1     	nan   
100000   	2    	4.496900e-03	1     	2     	4     	8     	16    	32    	64    	125   	230   	412   	704   	1179  	1864  	2788  	3943  	5302  	6742  	8130  	9216  	9682  	9625  	9066  	7907  	6678  	5112  	3873  	2718  	1808  	1122  	704   	410   	248   	138   	74    	34    	21    	13    	4     	1     	nan   	nan   
100000   	3    	4.606500e-03	1     	2     	4     	8     	16    	32    	64    	122   	216   	372   	623   	976   	1527  	2311  	3265  	4352  	5395  	6386  	7568  	8384  	8763  	8755  	8296  	7476  	6417  	5249  	4149  	3149  	2227  	1473  	961   	612   	388   	213   	132   	64    	32    	11    	5     	2     	2     

