Criação das árvores ordenadas:
n_persons	index	time        
100000   	0    	5.491050e-02
100000   	1    	6.408770e-02
100000   	2    	5.688580e-02
100000   	3    	4.938350e-02

Procura de nós nas árvores:
n_persons	index	time        
100000   	0    	5.518220e-02
100000   	1    	6.612800e-02
100000   	2    	5.772240e-02
100000   	3    	5.139190e-02

Maior profundidade das árvores:
n_persons	index	time        	depth
100000   	0    	4.516900e-03	40   
100000   	1    	4.218900e-03	40   
100000   	2    	4.899400e-03	40   
100000   	3    	5.174400e-03	38   

Número de nós em cada nível:
n_persons	index	time        	lvl0  	lvl1  	lvl2  	lvl3  	lvl4  	lvl5  	lvl6  	lvl7  	lvl8  	lvl9  	lvl10 	lvl11 	lvl12 	lvl13 	lvl14 	lvl15 	lvl16 	lvl17 	lvl18 	lvl19 	lvl20 	lvl21 	lvl22 	lvl23 	lvl24 	lvl25 	lvl26 	lvl27 	lvl28 	lvl29 	lvl30 	lvl31 	lvl32 	lvl33 	lvl34 	lvl35 	lvl36 	lvl37 	lvl38 	lvl39 	lvl40 
100000   	0    	4.022800e-03	1     	2     	4     	8     	16    	32    	64    	126   	233   	423   	710   	1109  	1678  	2372  	3142  	4062  	4959  	5943  	6796  	7487  	7892  	7926  	7807  	7344  	6704  	5739  	4770  	3728  	2803  	2073  	1492  	1045  	661   	390   	226   	118   	60    	36    	14    	4     	1     
100000   	1    	4.070700e-03	1     	2     	4     	8     	16    	32    	64    	121   	233   	413   	713   	1179  	1874  	2875  	4081  	5515  	7102  	8415  	9331  	9700  	9378  	8659  	7629  	6286  	4870  	3681  	2677  	1876  	1233  	795   	495   	311   	195   	112   	74    	35    	9     	2     	1     	2     	1     
100000   	2    	4.477000e-03	1     	2     	4     	8     	16    	32    	64    	122   	226   	405   	707   	1163  	1823  	2742  	3891  	5258  	6551  	7718  	8681  	9105  	9161  	8640  	7796  	6654  	5452  	4210  	3068  	2192  	1538  	1056  	696   	415   	227   	150   	77    	53    	41    	25    	18    	7     	5     
100000   	3    	4.585500e-03	1     	2     	4     	8     	16    	32    	63    	116   	207   	371   	629   	1062  	1709  	2544  	3674  	5033  	6411  	7694  	8625  	9251  	9272  	8966  	8120  	6961  	5699  	4285  	3172  	2260  	1551  	1008  	624   	340   	170   	70    	28    	12    	7     	2     	1     	nan   	nan   

