Criação das árvores ordenadas:
n_persons	index	time        
100000   	0    	5.036700e-02
100000   	1    	6.780180e-02
100000   	2    	6.073180e-02
100000   	3    	4.771240e-02

Procura de nós nas árvores:
n_persons	index	time        
100000   	0    	5.570960e-02
100000   	1    	6.250590e-02
100000   	2    	6.364070e-02
100000   	3    	5.002080e-02

Maior profundidade das árvores:
n_persons	index	time        	depth
100000   	0    	4.310400e-03	37   
100000   	1    	4.395800e-03	40   
100000   	2    	4.650100e-03	41   
100000   	3    	6.612100e-03	37   

Número de nós em cada nível:
n_persons	index	time        	lvl0  	lvl1  	lvl2  	lvl3  	lvl4  	lvl5  	lvl6  	lvl7  	lvl8  	lvl9  	lvl10 	lvl11 	lvl12 	lvl13 	lvl14 	lvl15 	lvl16 	lvl17 	lvl18 	lvl19 	lvl20 	lvl21 	lvl22 	lvl23 	lvl24 	lvl25 	lvl26 	lvl27 	lvl28 	lvl29 	lvl30 	lvl31 	lvl32 	lvl33 	lvl34 	lvl35 	lvl36 	lvl37 	lvl38 	lvl39 	lvl40 	lvl41 
100000   	0    	3.892200e-03	1     	2     	4     	8     	16    	32    	61    	121   	225   	408   	737   	1226  	1895  	2757  	3838  	5021  	6297  	7414  	8254  	8695  	8822  	8500  	7953  	6924  	5798  	4591  	3491  	2542  	1671  	1063  	711   	431   	264   	127   	62    	29    	7     	2     	nan   	nan   	nan   	nan   
100000   	1    	3.864300e-03	1     	2     	4     	8     	16    	32    	61    	117   	220   	403   	700   	1136  	1780  	2654  	3765  	5013  	6262  	7420  	8416  	9049  	9156  	8695  	7938  	6922  	5621  	4493  	3314  	2384  	1584  	1027  	719   	483   	276   	149   	77    	47    	30    	12    	8     	5     	1     	nan   
100000   	2    	4.701500e-03	1     	2     	4     	8     	16    	32    	63    	120   	209   	367   	593   	924   	1370  	2018  	2815  	3762  	4770  	5831  	6817  	7598  	8185  	8420  	8284  	7814  	6922  	5856  	4808  	3739  	2803  	2050  	1420  	919   	600   	343   	219   	123   	77    	44    	28    	16    	8     	2     
100000   	3    	4.493900e-03	1     	2     	4     	8     	16    	32    	63    	125   	234   	436   	750   	1224  	1895  	2740  	3816  	4969  	6206  	7368  	8181  	8659  	8735  	8543  	7892  	7008  	5902  	4773  	3577  	2583  	1778  	1093  	644   	377   	207   	90    	41    	23    	4     	1     	nan   	nan   	nan   	nan   

