Criação das árvores ordenadas:
n_persons	index	time        
100000   	0    	5.024450e-02
100000   	1    	6.310020e-02
100000   	2    	5.442800e-02
100000   	3    	4.810830e-02

Procura de nós nas árvores:
n_persons	index	time        
100000   	0    	5.002320e-02
100000   	1    	5.797690e-02
100000   	2    	5.644930e-02
100000   	3    	5.107610e-02

Maior profundidade das árvores:
n_persons	index	time        	depth
100000   	0    	5.078200e-03	36   
100000   	1    	4.643900e-03	43   
100000   	2    	4.830900e-03	40   
100000   	3    	5.292100e-03	40   

Número de nós em cada nível:
n_persons	index	time        	lvl0  	lvl1  	lvl2  	lvl3  	lvl4  	lvl5  	lvl6  	lvl7  	lvl8  	lvl9  	lvl10 	lvl11 	lvl12 	lvl13 	lvl14 	lvl15 	lvl16 	lvl17 	lvl18 	lvl19 	lvl20 	lvl21 	lvl22 	lvl23 	lvl24 	lvl25 	lvl26 	lvl27 	lvl28 	lvl29 	lvl30 	lvl31 	lvl32 	lvl33 	lvl34 	lvl35 	lvl36 	lvl37 	lvl38 	lvl39 	lvl40 	lvl41 	lvl42 	lvl43 
100000   	0    	4.057800e-03	1     	2     	4     	8     	16    	31    	62    	120   	231   	437   	795   	1369  	2195  	3312  	4686  	6175  	7686  	9001  	9853  	9940  	9330  	8274  	6927  	5538  	4245  	3199  	2326  	1587  	1080  	677   	424   	258   	126   	48    	24    	12    	1     	nan   	nan   	nan   	nan   	nan   	nan   	nan   
100000   	1    	3.841700e-03	1     	2     	4     	8     	16    	32    	64    	125   	229   	407   	737   	1210  	1879  	2669  	3628  	4713  	5779  	6791  	7741  	8199  	8377  	8176  	7666  	6929  	5914  	4903  	3787  	2857  	2215  	1601  	1113  	802   	533   	351   	218   	141   	93    	48    	21    	6     	4     	6     	4     	1     
100000   	2    	4.534900e-03	1     	2     	4     	8     	16    	32    	64    	120   	230   	408   	724   	1148  	1762  	2648  	3700  	4854  	6044  	7131  	8071  	8709  	8868  	8694  	7879  	6912  	5813  	4713  	3519  	2548  	1825  	1259  	871   	557   	378   	235   	134   	72    	29    	12    	4     	1     	1     	nan   	nan   	nan   
100000   	3    	4.552000e-03	1     	2     	4     	8     	16    	32    	64    	124   	234   	413   	705   	1136  	1721  	2522  	3407  	4502  	5473  	6395  	7188  	7878  	8199  	8008  	7734  	7003  	6159  	5190  	4258  	3290  	2569  	1947  	1365  	949   	643   	405   	238   	118   	58    	29    	9     	3     	1     	nan   	nan   	nan   

