Criação das árvores ordenadas:
n_persons	index	time        
100000   	0    	5.614880e-02
100000   	1    	7.200500e-02
100000   	2    	6.074420e-02
100000   	3    	4.836960e-02

Procura de nós nas árvores:
n_persons	index	time        
100000   	0    	5.112050e-02
100000   	1    	6.963160e-02
100000   	2    	7.446310e-02
100000   	3    	1.020491e-01

Maior profundidade das árvores:
n_persons	index	time        	depth
100000   	0    	5.785700e-03	39   
100000   	1    	5.191000e-03	41   
100000   	2    	9.772700e-03	41   
100000   	3    	6.756000e-03	38   

Número de nós em cada nível:
n_persons	index	time        	lvl0  	lvl1  	lvl2  	lvl3  	lvl4  	lvl5  	lvl6  	lvl7  	lvl8  	lvl9  	lvl10 	lvl11 	lvl12 	lvl13 	lvl14 	lvl15 	lvl16 	lvl17 	lvl18 	lvl19 	lvl20 	lvl21 	lvl22 	lvl23 	lvl24 	lvl25 	lvl26 	lvl27 	lvl28 	lvl29 	lvl30 	lvl31 	lvl32 	lvl33 	lvl34 	lvl35 	lvl36 	lvl37 	lvl38 	lvl39 	lvl40 	lvl41 
100000   	0    	7.205300e-03	1     	2     	4     	8     	16    	32    	64    	126   	250   	476   	856   	1424  	2253  	3344  	4522  	5824  	7040  	8137  	8861  	9291  	9068  	8411  	7465  	6181  	4905  	3712  	2652  	1833  	1200  	821   	525   	325   	181   	98    	53    	25    	9     	2     	2     	1     	nan   	nan   
100000   	1    	5.560100e-03	1     	2     	4     	8     	16    	31    	59    	115   	215   	387   	666   	1068  	1619  	2391  	3355  	4457  	5607  	6787  	7918  	8672  	9007  	8874  	8225  	7397  	6201  	4885  	3800  	2785  	1954  	1331  	893   	533   	314   	189   	106   	58    	31    	16    	9     	11    	2     	1     
100000   	2    	5.860400e-03	1     	2     	4     	8     	16    	31    	56    	90    	166   	292   	502   	841   	1393  	2171  	3152  	4389  	5613  	6796  	7664  	8156  	8374  	8195  	7525  	6792  	5929  	5094  	4291  	3562  	2724  	2031  	1500  	1029  	698   	422   	227   	122   	70    	39    	14    	11    	7     	1     
100000   	3    	6.259300e-03	1     	2     	4     	8     	16    	32    	64    	122   	216   	383   	644   	1026  	1578  	2294  	3269  	4350  	5554  	6891  	7991  	8798  	9083  	8841  	8205  	7364  	6272  	5151  	3959  	2879  	1950  	1279  	776   	473   	264   	143   	79    	24    	11    	3     	1     	nan   	nan   	nan   

