Criação das árvores ordenadas:
n_persons	index	time        
100000   	0    	7.872700e-02
100000   	1    	9.292450e-02
100000   	2    	1.445104e-01
100000   	3    	8.514490e-02

Procura de nós nas árvores:
n_persons	index	time        
100000   	0    	9.005290e-02
100000   	1    	1.196826e-01
100000   	2    	7.784180e-02
100000   	3    	7.738370e-02

Maior profundidade das árvores:
n_persons	index	time        	depth
100000   	0    	5.456800e-03	39   
100000   	1    	5.719100e-03	37   
100000   	2    	9.348000e-03	40   
100000   	3    	5.812300e-03	39   

Número de nós em cada nível:
n_persons	index	time        	lvl0  	lvl1  	lvl2  	lvl3  	lvl4  	lvl5  	lvl6  	lvl7  	lvl8  	lvl9  	lvl10 	lvl11 	lvl12 	lvl13 	lvl14 	lvl15 	lvl16 	lvl17 	lvl18 	lvl19 	lvl20 	lvl21 	lvl22 	lvl23 	lvl24 	lvl25 	lvl26 	lvl27 	lvl28 	lvl29 	lvl30 	lvl31 	lvl32 	lvl33 	lvl34 	lvl35 	lvl36 	lvl37 	lvl38 	lvl39 	lvl40 
100000   	0    	4.977400e-03	1     	2     	4     	8     	16    	32    	64    	126   	240   	443   	763   	1236  	1881  	2787  	3772  	4997  	6213  	7422  	8307  	8884  	8997  	8486  	7680  	6547  	5326  	4156  	3217  	2484  	1875  	1368  	950   	636   	427   	278   	169   	100   	61    	29    	11    	5     	nan   
100000   	1    	4.859300e-03	1     	2     	4     	8     	16    	32    	63    	123   	231   	413   	699   	1113  	1742  	2518  	3426  	4559  	5714  	6740  	7560  	8161  	8299  	8287  	7906  	7146  	6210  	5318  	4352  	3224  	2334  	1569  	1011  	598   	327   	158   	79    	36    	16    	5     	nan   	nan   	nan   
100000   	2    	6.244100e-03	1     	2     	4     	8     	16    	31    	61    	111   	205   	359   	618   	1014  	1589  	2391  	3426  	4576  	5825  	7063  	7979  	8719  	9075  	8957  	8327  	7260  	5956  	4735  	3598  	2598  	1888  	1350  	905   	586   	377   	195   	100   	51    	21    	10    	9     	3     	1     
100000   	3    	6.286900e-03	1     	2     	4     	8     	16    	32    	63    	123   	240   	447   	774   	1278  	2031  	3015  	4162  	5476  	6808  	7898  	8654  	9061  	9097  	8581  	7713  	6530  	5262  	4031  	2999  	2099  	1389  	854   	548   	320   	215   	112   	69    	42    	26    	11    	6     	3     	nan   

