Criação das árvores ordenadas:
n_persons	index	time        
100000   	0    	5.229790e-02
100000   	1    	6.343590e-02
100000   	2    	5.597890e-02
100000   	3    	4.950350e-02

Procura de nós nas árvores:
n_persons	index	time        
100000   	0    	5.868450e-02
100000   	1    	6.216440e-02
100000   	2    	6.021220e-02
100000   	3    	5.986530e-02

Maior profundidade das árvores:
n_persons	index	time        	depth
100000   	0    	4.521200e-03	38   
100000   	1    	4.424700e-03	41   
100000   	2    	5.160300e-03	40   
100000   	3    	5.114600e-03	40   

Número de nós em cada nível:
n_persons	index	time        	lvl0  	lvl1  	lvl2  	lvl3  	lvl4  	lvl5  	lvl6  	lvl7  	lvl8  	lvl9  	lvl10 	lvl11 	lvl12 	lvl13 	lvl14 	lvl15 	lvl16 	lvl17 	lvl18 	lvl19 	lvl20 	lvl21 	lvl22 	lvl23 	lvl24 	lvl25 	lvl26 	lvl27 	lvl28 	lvl29 	lvl30 	lvl31 	lvl32 	lvl33 	lvl34 	lvl35 	lvl36 	lvl37 	lvl38 	lvl39 	lvl40 	lvl41 
100000   	0    	3.993300e-03	1     	2     	4     	8     	16    	32    	63    	124   	232   	420   	707   	1155  	1798  	2670  	3755  	5088  	6336  	7405  	8328  	8952  	9042  	8801  	8035  	6986  	5861  	4593  	3482  	2450  	1578  	970   	543   	294   	143   	74    	30    	12    	7     	2     	1     	nan   	nan   	nan   
100000   	1    	4.086100e-03	1     	2     	4     	8     	15    	29    	53    	100   	162   	267   	408   	606   	914   	1352  	1840  	2497  	3331  	4234  	5266  	6349  	7240  	7781  	8051  	8037  	7786  	7029  	6279  	5342  	4402  	3330  	2480  	1807  	1203  	780   	438   	258   	158   	82    	44    	22    	11    	2     
100000   	2    	4.546200e-03	1     	2     	4     	8     	16    	31    	58    	106   	189   	328   	560   	906   	1426  	2170  	3111  	4298  	5599  	6785  	7799  	8596  	8897  	8864  	8411  	7675  	6489  	5208  	4033  	2938  	2018  	1379  	850   	561   	324   	174   	88    	43    	27    	17    	8     	2     	1     	nan   
100000   	3    	4.681200e-03	1     	2     	4     	8     	15    	30    	57    	108   	195   	355   	634   	1031  	1665  	2494  	3561  	4811  	6058  	7266  	8313  	8915  	9008  	8672  	7914  	6976  	5831  	4648  	3615  	2673  	1865  	1307  	872   	501   	289   	149   	75    	40    	21    	10    	7     	3     	1     	nan   

