Criação das árvores ordenadas:
n_persons	index	time        
100000   	0    	7.240710e-02
100000   	1    	1.135160e-01
100000   	2    	1.733450e-01
100000   	3    	7.377760e-02

Procura de nós nas árvores:
n_persons	index	time        
100000   	0    	6.270470e-02
100000   	1    	8.307720e-02
100000   	2    	7.043670e-02
100000   	3    	5.732690e-02

Maior profundidade das árvores:
n_persons	index	time        	depth
100000   	0    	4.649800e-03	39   
100000   	1    	4.691800e-03	41   
100000   	2    	5.184400e-03	38   
100000   	3    	5.253900e-03	39   

Número de nós em cada nível:
n_persons	index	time        	lvl0  	lvl1  	lvl2  	lvl3  	lvl4  	lvl5  	lvl6  	lvl7  	lvl8  	lvl9  	lvl10 	lvl11 	lvl12 	lvl13 	lvl14 	lvl15 	lvl16 	lvl17 	lvl18 	lvl19 	lvl20 	lvl21 	lvl22 	lvl23 	lvl24 	lvl25 	lvl26 	lvl27 	lvl28 	lvl29 	lvl30 	lvl31 	lvl32 	lvl33 	lvl34 	lvl35 	lvl36 	lvl37 	lvl38 	lvl39 	lvl40 	lvl41 
100000   	0    	4.436900e-03	1     	2     	4     	8     	16    	32    	63    	114   	208   	357   	594   	943   	1454  	2094  	2908  	3858  	4961  	6111  	7182  	7947  	8367  	8466  	8224  	7732  	6866  	5769  	4673  	3607  	2598  	1814  	1214  	756   	498   	281   	143   	81    	37    	12    	4     	1     	nan   	nan   
100000   	1    	3.826900e-03	1     	2     	4     	8     	16    	31    	62    	122   	228   	403   	686   	1096  	1677  	2425  	3247  	4198  	5170  	6187  	7109  	7662  	7957  	7868  	7609  	7103  	6432  	5468  	4513  	3657  	2761  	2051  	1470  	1022  	696   	456   	280   	155   	97    	37    	19    	9     	4     	2     
100000   	2    	4.347700e-03	1     	2     	4     	8     	16    	30    	59    	110   	204   	369   	617   	1003  	1539  	2272  	3170  	4218  	5361  	6452  	7468  	7950  	8406  	8499  	8302  	7431  	6433  	5373  	4340  	3357  	2453  	1694  	1160  	732   	451   	258   	139   	74    	31    	11    	3     	nan   	nan   	nan   
100000   	3    	4.621600e-03	1     	2     	4     	8     	16    	32    	63    	122   	234   	428   	731   	1215  	1899  	2726  	3688  	4724  	5777  	6735  	7561  	8164  	8343  	8358  	7804  	7215  	6195  	5157  	4032  	2951  	2119  	1414  	918   	580   	364   	205   	119   	59    	28    	6     	2     	1     	nan   	nan   

