Criação das árvores ordenadas:
n_persons	index	time        
100000   	0    	5.839300e-02
100000   	1    	7.315820e-02
100000   	2    	6.540670e-02
100000   	3    	4.887110e-02

Procura de nós nas árvores:
n_persons	index	time        
100000   	0    	5.126740e-02
100000   	1    	6.031980e-02
100000   	2    	6.647180e-02
100000   	3    	8.197590e-02

Maior profundidade das árvores:
n_persons	index	time        	depth
100000   	0    	6.550200e-03	43   
100000   	1    	5.812000e-03	42   
100000   	2    	5.815600e-03	38   
100000   	3    	5.801600e-03	38   

Número de nós em cada nível:
n_persons	index	time        	lvl0  	lvl1  	lvl2  	lvl3  	lvl4  	lvl5  	lvl6  	lvl7  	lvl8  	lvl9  	lvl10 	lvl11 	lvl12 	lvl13 	lvl14 	lvl15 	lvl16 	lvl17 	lvl18 	lvl19 	lvl20 	lvl21 	lvl22 	lvl23 	lvl24 	lvl25 	lvl26 	lvl27 	lvl28 	lvl29 	lvl30 	lvl31 	lvl32 	lvl33 	lvl34 	lvl35 	lvl36 	lvl37 	lvl38 	lvl39 	lvl40 	lvl41 	lvl42 	lvl43 
100000   	0    	5.682000e-03	1     	2     	4     	8     	16    	31    	58    	113   	221   	411   	721   	1211  	1892  	2729  	3795  	4910  	6054  	7099  	7885  	8372  	8575  	8457  	7967  	7213  	6173  	4974  	3739  	2633  	1780  	1205  	734   	426   	263   	149   	73    	41    	22    	12    	7     	9     	9     	3     	2     	1     
100000   	1    	4.707600e-03	1     	2     	4     	8     	16    	32    	62    	119   	212   	374   	601   	936   	1400  	1979  	2774  	3614  	4549  	5424  	6174  	6928  	7636  	7996  	7951  	7672  	7180  	6420  	5420  	4308  	3284  	2331  	1647  	1082  	692   	445   	284   	187   	111   	71    	45    	18    	9     	1     	1     	nan   
100000   	2    	5.375100e-03	1     	2     	4     	8     	16    	32    	64    	127   	246   	467   	861   	1467  	2353  	3536  	5016  	6698  	8231  	9402  	10060 	10112 	9514  	8347  	6976  	5355  	3868  	2699  	1834  	1144  	714   	394   	211   	123   	64    	31    	13    	6     	2     	1     	1     	nan   	nan   	nan   	nan   	nan   
100000   	3    	5.803300e-03	1     	2     	4     	8     	16    	32    	63    	119   	216   	368   	599   	993   	1534  	2303  	3318  	4475  	5683  	6915  	7979  	8722  	9002  	8871  	8266  	7311  	6177  	5044  	3908  	2937  	2055  	1295  	780   	468   	231   	145   	78    	45    	25    	10    	2     	nan   	nan   	nan   	nan   	nan   

