Criação das árvores ordenadas:
n_persons	index	time        
100000   	0    	5.085950e-02
100000   	1    	6.220110e-02
100000   	2    	5.391810e-02
100000   	3    	4.608000e-02

Procura de nós nas árvores:
n_persons	index	time        
100000   	0    	5.686510e-02
100000   	1    	1.239061e-01
100000   	2    	6.770040e-02
100000   	3    	5.155260e-02

Maior profundidade das árvores:
n_persons	index	time        	depth
100000   	0    	4.831400e-03	40   
100000   	1    	4.802400e-03	38   
100000   	2    	5.339500e-03	37   
100000   	3    	5.308900e-03	39   

Número de nós em cada nível:
n_persons	index	time        	lvl0  	lvl1  	lvl2  	lvl3  	lvl4  	lvl5  	lvl6  	lvl7  	lvl8  	lvl9  	lvl10 	lvl11 	lvl12 	lvl13 	lvl14 	lvl15 	lvl16 	lvl17 	lvl18 	lvl19 	lvl20 	lvl21 	lvl22 	lvl23 	lvl24 	lvl25 	lvl26 	lvl27 	lvl28 	lvl29 	lvl30 	lvl31 	lvl32 	lvl33 	lvl34 	lvl35 	lvl36 	lvl37 	lvl38 	lvl39 	lvl40 
100000   	0    	4.623700e-03	1     	2     	4     	8     	16    	32    	63    	122   	231   	414   	714   	1162  	1818  	2621  	3648  	4845  	6134  	7204  	8161  	8763  	8985  	8685  	7935  	6926  	5733  	4604  	3574  	2623  	1873  	1224  	797   	485   	262   	161   	82    	42    	24    	11    	6     	4     	1     
100000   	1    	4.135100e-03	1     	2     	4     	8     	16    	32    	62    	116   	210   	363   	616   	1016  	1595  	2402  	3409  	4504  	5770  	6944  	7994  	8776  	9072  	8997  	8395  	7429  	6220  	4930  	3719  	2657  	1887  	1269  	755   	411   	232   	105   	43    	22    	11    	5     	1     	nan   	nan   
100000   	2    	4.628100e-03	1     	2     	4     	8     	16    	32    	64    	127   	240   	447   	776   	1283  	1989  	2903  	4100  	5510  	6891  	8181  	9034  	9443  	9273  	8659  	7599  	6317  	4994  	3825  	2842  	2045  	1368  	847   	523   	318   	181   	96    	35    	12    	10    	5     	nan   	nan   	nan   
100000   	3    	4.707100e-03	1     	2     	4     	8     	16    	32    	64    	124   	242   	453   	802   	1324  	2073  	3088  	4308  	5724  	7023  	8171  	8910  	9371  	9052  	8407  	7453  	6305  	5112  	3955  	2774  	1882  	1284  	841   	519   	287   	169   	89    	50    	39    	24    	13    	4     	1     	nan   

