Criação das árvores ordenadas:
n_persons	index	time        
100000   	0    	7.445060e-02
100000   	1    	6.835360e-02
100000   	2    	5.896220e-02
100000   	3    	5.395850e-02

Procura de nós nas árvores:
n_persons	index	time        
100000   	0    	6.323630e-02
100000   	1    	6.809180e-02
100000   	2    	6.368960e-02
100000   	3    	5.639310e-02

Maior profundidade das árvores:
n_persons	index	time        	depth
100000   	0    	4.672100e-03	39   
100000   	1    	4.593400e-03	37   
100000   	2    	4.985700e-03	44   
100000   	3    	4.962000e-03	39   

Número de nós em cada nível:
n_persons	index	time        	lvl0  	lvl1  	lvl2  	lvl3  	lvl4  	lvl5  	lvl6  	lvl7  	lvl8  	lvl9  	lvl10 	lvl11 	lvl12 	lvl13 	lvl14 	lvl15 	lvl16 	lvl17 	lvl18 	lvl19 	lvl20 	lvl21 	lvl22 	lvl23 	lvl24 	lvl25 	lvl26 	lvl27 	lvl28 	lvl29 	lvl30 	lvl31 	lvl32 	lvl33 	lvl34 	lvl35 	lvl36 	lvl37 	lvl38 	lvl39 	lvl40 	lvl41 	lvl42 	lvl43 	lvl44 
100000   	0    	4.330300e-03	1     	2     	4     	8     	16    	32    	62    	118   	219   	379   	625   	1016  	1593  	2501  	3490  	4684  	6061  	7254  	8269  	8935  	9361  	9187  	8339  	7208  	5912  	4642  	3485  	2417  	1604  	1036  	665   	391   	208   	124   	74    	34    	19    	13    	7     	5     	nan   	nan   	nan   	nan   	nan   
100000   	1    	4.605500e-03	1     	2     	4     	8     	16    	32    	63    	116   	209   	377   	654   	1065  	1685  	2500  	3543  	4756  	5976  	7134  	8247  	8751  	8964  	8740  	8163  	7163  	5942  	4746  	3580  	2646  	1849  	1268  	815   	458   	263   	149   	68    	30    	12    	5     	nan   	nan   	nan   	nan   	nan   	nan   	nan   
100000   	2    	5.075000e-03	1     	2     	4     	8     	16    	32    	62    	121   	226   	395   	670   	1090  	1666  	2440  	3309  	4344  	5313  	6262  	6937  	7431  	7598  	7431  	7187  	6684  	6051  	5310  	4539  	3823  	3098  	2402  	1753  	1299  	924   	622   	398   	243   	156   	88    	36    	19    	5     	2     	1     	1     	1     
100000   	3    	5.526900e-03	1     	2     	4     	8     	16    	32    	63    	122   	222   	388   	638   	1025  	1527  	2213  	3067  	4084  	5139  	6213  	7224  	7967  	8241  	8222  	8100  	7605  	6746  	5816  	4643  	3668  	2619  	1792  	1130  	668   	393   	206   	101   	49    	22    	13    	10    	1     	nan   	nan   	nan   	nan   	nan   

