Criação das árvores ordenadas:
n_persons	index	time        
100000   	0    	1.014900e-01
100000   	1    	7.952600e-02
100000   	2    	5.646290e-02
100000   	3    	4.904730e-02

Procura de nós nas árvores:
n_persons	index	time        
100000   	0    	5.214390e-02
100000   	1    	5.877080e-02
100000   	2    	5.767130e-02
100000   	3    	5.043350e-02

Maior profundidade das árvores:
n_persons	index	time        	depth
100000   	0    	4.977800e-03	39   
100000   	1    	4.890200e-03	39   
100000   	2    	5.015700e-03	41   
100000   	3    	5.112900e-03	41   

Número de nós em cada nível:
n_persons	index	time        	lvl0  	lvl1  	lvl2  	lvl3  	lvl4  	lvl5  	lvl6  	lvl7  	lvl8  	lvl9  	lvl10 	lvl11 	lvl12 	lvl13 	lvl14 	lvl15 	lvl16 	lvl17 	lvl18 	lvl19 	lvl20 	lvl21 	lvl22 	lvl23 	lvl24 	lvl25 	lvl26 	lvl27 	lvl28 	lvl29 	lvl30 	lvl31 	lvl32 	lvl33 	lvl34 	lvl35 	lvl36 	lvl37 	lvl38 	lvl39 	lvl40 	lvl41 
100000   	0    	4.225400e-03	1     	2     	4     	8     	16    	31    	59    	105   	198   	361   	619   	1042  	1640  	2513  	3539  	4694  	5951  	7077  	7979  	8422  	8482  	8276  	7748  	7074  	5952  	4987  	3925  	2889  	2075  	1454  	1017  	678   	417   	291   	208   	130   	87    	34    	14    	1     	nan   	nan   
100000   	1    	4.460600e-03	1     	2     	4     	8     	16    	32    	60    	110   	188   	336   	583   	1005  	1637  	2513  	3683  	4986  	6307  	7604  	8571  	9095  	9135  	8620  	7814  	6703  	5557  	4452  	3423  	2604  	1891  	1239  	794   	470   	274   	138   	75    	39    	18    	10    	2     	1     	nan   	nan   
100000   	2    	4.440400e-03	1     	2     	4     	8     	16    	32    	64    	125   	228   	399   	694   	1137  	1750  	2615  	3670  	4862  	6140  	7200  	7931  	8301  	8306  	7952  	7378  	6689  	5799  	4833  	3892  	3052  	2275  	1662  	1161  	745   	471   	276   	151   	91    	47    	20    	13    	6     	1     	1     
100000   	3    	4.441600e-03	1     	2     	4     	8     	16    	31    	59    	109   	193   	341   	531   	819   	1245  	1802  	2487  	3386  	4465  	5575  	6654  	7577  	8140  	8303  	8280  	7838  	7076  	6254  	5101  	4097  	3111  	2280  	1636  	1033  	642   	401   	229   	139   	64    	37    	23    	7     	3     	1     

