Criação das árvores ordenadas:
n_persons	index	time        
100000   	0    	5.268090e-02
100000   	1    	6.530560e-02
100000   	2    	5.398930e-02
100000   	3    	5.018640e-02

Procura de nós nas árvores:
n_persons	index	time        
100000   	0    	5.487120e-02
100000   	1    	6.295740e-02
100000   	2    	5.563350e-02
100000   	3    	4.887690e-02

Maior profundidade das árvores:
n_persons	index	time        	depth
100000   	0    	4.759000e-03	40   
100000   	1    	4.831100e-03	40   
100000   	2    	5.442500e-03	37   
100000   	3    	7.556900e-03	39   

Número de nós em cada nível:
n_persons	index	time        	lvl0  	lvl1  	lvl2  	lvl3  	lvl4  	lvl5  	lvl6  	lvl7  	lvl8  	lvl9  	lvl10 	lvl11 	lvl12 	lvl13 	lvl14 	lvl15 	lvl16 	lvl17 	lvl18 	lvl19 	lvl20 	lvl21 	lvl22 	lvl23 	lvl24 	lvl25 	lvl26 	lvl27 	lvl28 	lvl29 	lvl30 	lvl31 	lvl32 	lvl33 	lvl34 	lvl35 	lvl36 	lvl37 	lvl38 	lvl39 	lvl40 
100000   	0    	1.268580e-02	1     	2     	4     	8     	16    	32    	63    	122   	220   	385   	641   	1045  	1642  	2435  	3410  	4463  	5515  	6485  	7283  	7723  	8074  	8100  	7783  	7188  	6359  	5375  	4478  	3477  	2584  	1853  	1272  	810   	480   	295   	179   	99    	53    	29    	12    	3     	2     
100000   	1    	4.985200e-03	1     	2     	4     	8     	16    	31    	56    	109   	209   	378   	670   	1143  	1837  	2738  	3805  	5081  	6319  	7460  	8249  	8798  	8827  	8480  	7765  	6659  	5752  	4676  	3612  	2608  	1777  	1201  	759   	461   	269   	133   	74    	27    	1     	2     	1     	1     	1     
100000   	2    	6.905900e-03	1     	2     	4     	8     	16    	32    	64    	122   	232   	418   	734   	1211  	1882  	2780  	3833  	5089  	6422  	7682  	8701  	9358  	9450  	8961  	7962  	6641  	5369  	4193  	3074  	2192  	1428  	937   	576   	332   	167   	89    	33    	3     	1     	1     	nan   	nan   	nan   
100000   	3    	7.611700e-03	1     	2     	4     	8     	16    	32    	64    	124   	238   	430   	752   	1224  	1912  	2824  	3931  	5067  	6153  	7153  	7909  	8373  	8308  	7968  	7429  	6434  	5515  	4634  	3759  	2914  	2213  	1606  	1112  	784   	505   	292   	157   	85    	44    	16    	6     	2     	nan   

