Criação das árvores ordenadas:
n_persons	index	time        
100000   	0    	5.062440e-02
100000   	1    	6.238800e-02
100000   	2    	5.537900e-02
100000   	3    	4.564870e-02

Procura de nós nas árvores:
n_persons	index	time        
100000   	0    	5.144890e-02
100000   	1    	6.126430e-02
100000   	2    	5.642170e-02
100000   	3    	4.897480e-02

Maior profundidade das árvores:
n_persons	index	time        	depth
100000   	0    	4.548100e-03	37   
100000   	1    	4.463300e-03	38   
100000   	2    	4.799400e-03	41   
100000   	3    	4.872400e-03	37   

Número de nós em cada nível:
n_persons	index	time        	lvl0  	lvl1  	lvl2  	lvl3  	lvl4  	lvl5  	lvl6  	lvl7  	lvl8  	lvl9  	lvl10 	lvl11 	lvl12 	lvl13 	lvl14 	lvl15 	lvl16 	lvl17 	lvl18 	lvl19 	lvl20 	lvl21 	lvl22 	lvl23 	lvl24 	lvl25 	lvl26 	lvl27 	lvl28 	lvl29 	lvl30 	lvl31 	lvl32 	lvl33 	lvl34 	lvl35 	lvl36 	lvl37 	lvl38 	lvl39 	lvl40 	lvl41 
100000   	0    	4.191300e-03	1     	2     	4     	8     	16    	31    	58    	108   	201   	352   	592   	1000  	1615  	2471  	3571  	4917  	6170  	7320  	8343  	8936  	9024  	8726  	8069  	7007  	5815  	4653  	3468  	2552  	1841  	1262  	764   	494   	293   	184   	80    	34    	14    	4     	nan   	nan   	nan   	nan   
100000   	1    	3.967100e-03	1     	2     	4     	8     	12    	20    	34    	65    	125   	232   	410   	692   	1141  	1753  	2547  	3591  	4775  	5945  	7157  	8026  	8711  	8943  	8655  	7922  	6935  	5789  	4683  	3643  	2777  	1930  	1322  	879   	573   	351   	179   	100   	47    	16    	5     	nan   	nan   	nan   
100000   	2    	4.411500e-03	1     	2     	4     	8     	16    	32    	63    	122   	224   	403   	692   	1134  	1679  	2427  	3296  	4271  	5302  	6411  	7435  	8011  	8298  	8183  	7760  	6984  	6182  	5245  	4344  	3363  	2613  	1866  	1273  	876   	565   	359   	227   	131   	91    	57    	29    	13    	6     	2     
100000   	3    	4.551400e-03	1     	2     	4     	8     	16    	32    	61    	120   	221   	399   	688   	1162  	1818  	2673  	3704  	4778  	5889  	6872  	7756  	8319  	8556  	8561  	8046  	7331  	6312  	5089  	3816  	2785  	1920  	1243  	820   	489   	281   	135   	57    	25    	8     	3     	nan   	nan   	nan   	nan   

