Criação das árvores ordenadas:
n_persons	index	time        
100000   	0    	5.326590e-02
100000   	1    	6.468740e-02
100000   	2    	6.553540e-02
100000   	3    	1.027348e-01

Procura de nós nas árvores:
n_persons	index	time        
100000   	0    	8.065240e-02
100000   	1    	7.952680e-02
100000   	2    	7.764480e-02
100000   	3    	6.182430e-02

Maior profundidade das árvores:
n_persons	index	time        	depth
100000   	0    	4.565600e-03	42   
100000   	1    	5.709900e-03	43   
100000   	2    	5.832200e-03	40   
100000   	3    	5.052000e-03	42   

Número de nós em cada nível:
n_persons	index	time        	lvl0  	lvl1  	lvl2  	lvl3  	lvl4  	lvl5  	lvl6  	lvl7  	lvl8  	lvl9  	lvl10 	lvl11 	lvl12 	lvl13 	lvl14 	lvl15 	lvl16 	lvl17 	lvl18 	lvl19 	lvl20 	lvl21 	lvl22 	lvl23 	lvl24 	lvl25 	lvl26 	lvl27 	lvl28 	lvl29 	lvl30 	lvl31 	lvl32 	lvl33 	lvl34 	lvl35 	lvl36 	lvl37 	lvl38 	lvl39 	lvl40 	lvl41 	lvl42 	lvl43 
100000   	0    	4.082200e-03	1     	2     	4     	8     	16    	32    	64    	128   	235   	445   	793   	1302  	2007  	2944  	4080  	5216  	6333  	7248  	7764  	7973  	8039  	7764  	7151  	6353  	5437  	4575  	3835  	3055  	2266  	1624  	1165  	824   	535   	330   	200   	127   	68    	31    	18    	4     	2     	1     	1     	nan   
100000   	1    	4.702200e-03	1     	2     	4     	8     	16    	30    	59    	113   	204   	366   	621   	1032  	1597  	2374  	3364  	4383  	5320  	6212  	7026  	7433  	7743  	7700  	7501  	6952  	6234  	5448  	4552  	3738  	2911  	2215  	1577  	1106  	746   	526   	338   	240   	138   	87    	38    	19    	15    	9     	1     	1     
100000   	2    	4.306700e-03	1     	2     	4     	8     	16    	32    	62    	119   	224   	412   	699   	1169  	1825  	2748  	3865  	5175  	6478  	7609  	8384  	8707  	8780  	8499  	7803  	6742  	5756  	4602  	3464  	2422  	1664  	1081  	677   	415   	235   	138   	80    	41    	29    	18    	8     	5     	2     	nan   	nan   	nan   
100000   	3    	4.400100e-03	1     	2     	4     	8     	16    	32    	63    	122   	234   	410   	718   	1191  	1919  	2863  	4089  	5442  	6782  	7956  	8796  	9196  	9087  	8446  	7418  	6256  	5025  	4001  	3111  	2318  	1686  	1207  	720   	418   	223   	117   	61    	26    	14    	7     	6     	5     	2     	1     	1     	nan   

