Criação das árvores ordenadas:
n_persons	index	time        
100000   	0    	5.602880e-02
100000   	1    	6.461830e-02
100000   	2    	5.385780e-02
100000   	3    	5.171010e-02

Procura de nós nas árvores:
n_persons	index	time        
100000   	0    	5.694230e-02
100000   	1    	6.745410e-02
100000   	2    	5.974950e-02
100000   	3    	5.199200e-02

Maior profundidade das árvores:
n_persons	index	time        	depth
100000   	0    	4.761700e-03	40   
100000   	1    	4.420400e-03	38   
100000   	2    	4.808500e-03	38   
100000   	3    	4.900700e-03	43   

Número de nós em cada nível:
n_persons	index	time        	lvl0  	lvl1  	lvl2  	lvl3  	lvl4  	lvl5  	lvl6  	lvl7  	lvl8  	lvl9  	lvl10 	lvl11 	lvl12 	lvl13 	lvl14 	lvl15 	lvl16 	lvl17 	lvl18 	lvl19 	lvl20 	lvl21 	lvl22 	lvl23 	lvl24 	lvl25 	lvl26 	lvl27 	lvl28 	lvl29 	lvl30 	lvl31 	lvl32 	lvl33 	lvl34 	lvl35 	lvl36 	lvl37 	lvl38 	lvl39 	lvl40 	lvl41 	lvl42 	lvl43 
100000   	0    	5.023700e-03	1     	2     	4     	8     	16    	32    	63    	123   	236   	429   	752   	1236  	1887  	2800  	3933  	5134  	6294  	7366  	8374  	8923  	8934  	8536  	7755  	6616  	5401  	4288  	3314  	2368  	1677  	1129  	786   	572   	395   	265   	152   	98    	55    	24    	13    	7     	2     	nan   	nan   	nan   
100000   	1    	4.030300e-03	1     	2     	4     	8     	16    	32    	63    	121   	217   	376   	636   	970   	1445  	2057  	2785  	3645  	4612  	5683  	6724  	7631  	8379  	8690  	8687  	8346  	7513  	6315  	4882  	3556  	2469  	1615  	1059  	663   	383   	203   	108   	60    	29    	13    	2     	nan   	nan   	nan   	nan   	nan   
100000   	2    	4.388600e-03	1     	2     	4     	8     	16    	32    	63    	123   	233   	428   	755   	1242  	1951  	2865  	4035  	5370  	6697  	7831  	8491  	8826  	8833  	8236  	7392  	6505  	5363  	4304  	3331  	2470  	1646  	1119  	756   	472   	279   	161   	89    	43    	17    	9     	2     	nan   	nan   	nan   	nan   	nan   
100000   	3    	4.450600e-03	1     	2     	4     	8     	16    	32    	60    	111   	205   	353   	564   	906   	1373  	1972  	2613  	3288  	3955  	4595  	5132  	5556  	5797  	5946  	6041  	6049  	5923  	5809  	5690  	5286  	4820  	4254  	3651  	2967  	2327  	1687  	1177  	756   	484   	287   	183   	76    	27    	14    	2     	1     

