Criação das árvores ordenadas:
n_persons	index	time        
100000   	0    	6.569470e-02
100000   	1    	6.478690e-02
100000   	2    	6.079400e-02
100000   	3    	5.525540e-02

Procura de nós nas árvores:
n_persons	index	time        
100000   	0    	5.881820e-02
100000   	1    	8.410100e-02
100000   	2    	7.375820e-02
100000   	3    	1.041180e-01

Maior profundidade das árvores:
n_persons	index	time        	depth
100000   	0    	5.742600e-03	40   
100000   	1    	6.247100e-03	38   
100000   	2    	5.570300e-03	43   
100000   	3    	6.097200e-03	40   

Número de nós em cada nível:
n_persons	index	time        	lvl0  	lvl1  	lvl2  	lvl3  	lvl4  	lvl5  	lvl6  	lvl7  	lvl8  	lvl9  	lvl10 	lvl11 	lvl12 	lvl13 	lvl14 	lvl15 	lvl16 	lvl17 	lvl18 	lvl19 	lvl20 	lvl21 	lvl22 	lvl23 	lvl24 	lvl25 	lvl26 	lvl27 	lvl28 	lvl29 	lvl30 	lvl31 	lvl32 	lvl33 	lvl34 	lvl35 	lvl36 	lvl37 	lvl38 	lvl39 	lvl40 	lvl41 	lvl42 	lvl43 
100000   	0    	6.204700e-03	1     	2     	4     	8     	16    	32    	64    	125   	242   	453   	802   	1336  	2097  	3090  	4299  	5538  	6816  	7842  	8544  	8780  	8588  	8020  	7195  	6371  	5245  	4229  	3250  	2434  	1719  	1190  	734   	466   	242   	126   	52    	22    	12    	8     	3     	2     	1     	nan   	nan   	nan   
100000   	1    	1.097140e-02	1     	2     	4     	8     	16    	32    	64    	126   	241   	446   	784   	1283  	1964  	2828  	3892  	5134  	6295  	7263  	8037  	8503  	8548  	8159  	7561  	6720  	5603  	4475  	3480  	2549  	1867  	1383  	992   	612   	447   	321   	195   	94    	47    	18    	6     	nan   	nan   	nan   	nan   	nan   
100000   	2    	5.724700e-03	1     	2     	4     	8     	15    	30    	60    	111   	204   	338   	574   	923   	1374  	1955  	2590  	3362  	4131  	4938  	5646  	6208  	6648  	6963  	7152  	7146  	6960  	6461  	5786  	4874  	4092  	3166  	2493  	1922  	1335  	918   	593   	394   	241   	166   	97    	65    	32    	14    	7     	1     
100000   	3    	4.911100e-03	1     	2     	4     	8     	15    	30    	59    	111   	202   	340   	541   	857   	1256  	1800  	2459  	3232  	4060  	4895  	5759  	6594  	7406  	8029  	8308  	8173  	7683  	6945  	5971  	4825  	3611  	2583  	1727  	1122  	645   	360   	206   	103   	46    	24    	6     	1     	1     	nan   	nan   	nan   

