Criação das árvores ordenadas:
n_persons	index	time        
100000   	0    	5.508420e-02
100000   	1    	6.472320e-02
100000   	2    	5.824770e-02
100000   	3    	4.793410e-02

Procura de nós nas árvores:
n_persons	index	time        
100000   	0    	5.610750e-02
100000   	1    	6.841640e-02
100000   	2    	6.082360e-02
100000   	3    	1.121114e-01

Maior profundidade das árvores:
n_persons	index	time        	depth
100000   	0    	7.110000e-03	42   
100000   	1    	7.442900e-03	37   
100000   	2    	6.319700e-03	41   
100000   	3    	8.715100e-03	42   

Número de nós em cada nível:
n_persons	index	time        	lvl0  	lvl1  	lvl2  	lvl3  	lvl4  	lvl5  	lvl6  	lvl7  	lvl8  	lvl9  	lvl10 	lvl11 	lvl12 	lvl13 	lvl14 	lvl15 	lvl16 	lvl17 	lvl18 	lvl19 	lvl20 	lvl21 	lvl22 	lvl23 	lvl24 	lvl25 	lvl26 	lvl27 	lvl28 	lvl29 	lvl30 	lvl31 	lvl32 	lvl33 	lvl34 	lvl35 	lvl36 	lvl37 	lvl38 	lvl39 	lvl40 	lvl41 	lvl42 
100000   	0    	5.527500e-03	1     	2     	4     	8     	16    	32    	64    	124   	235   	432   	760   	1257  	1993  	2956  	4073  	5333  	6523  	7482  	8217  	8692  	8690  	8212  	7483  	6508  	5500  	4406  	3377  	2488  	1760  	1173  	761   	502   	352   	220   	140   	82    	53    	36    	24    	16    	8     	4     	1     
100000   	1    	4.716100e-03	1     	2     	4     	8     	16    	32    	64    	124   	235   	422   	726   	1228  	1935  	2868  	3940  	5093  	6342  	7416  	8149  	8495  	8334  	8050  	7366  	6456  	5483  	4567  	3694  	2910  	2176  	1525  	1001  	603   	367   	199   	95    	51    	20    	3     	nan   	nan   	nan   	nan   	nan   
100000   	2    	5.778200e-03	1     	2     	4     	8     	16    	32    	64    	126   	239   	434   	728   	1178  	1779  	2518  	3435  	4482  	5485  	6325  	7133  	7706  	8131  	8319  	8107  	7476  	6435  	5369  	4315  	3226  	2312  	1612  	1086  	744   	477   	305   	167   	101   	58    	32    	19    	7     	5     	2     	nan   
100000   	3    	5.656800e-03	1     	2     	4     	8     	16    	32    	62    	118   	223   	393   	688   	1126  	1770  	2598  	3633  	4731  	5902  	6836  	7585  	7981  	8048  	7857  	7433  	6690  	5888  	5016  	4197  	3282  	2483  	1850  	1310  	897   	617   	358   	178   	87    	54    	25    	11    	4     	4     	1     	1     

