Criação das árvores ordenadas:
n_persons	index	time        
100000   	0    	5.006580e-02
100000   	1    	6.290760e-02
100000   	2    	5.402630e-02
100000   	3    	4.656560e-02

Procura de nós nas árvores:
n_persons	index	time        
100000   	0    	5.261380e-02
100000   	1    	6.095760e-02
100000   	2    	5.517490e-02
100000   	3    	4.744910e-02

Maior profundidade das árvores:
n_persons	index	time        	depth
100000   	0    	4.960600e-03	35   
100000   	1    	4.681500e-03	37   
100000   	2    	5.446800e-03	40   
100000   	3    	5.535900e-03	43   

Número de nós em cada nível:
n_persons	index	time        	lvl0  	lvl1  	lvl2  	lvl3  	lvl4  	lvl5  	lvl6  	lvl7  	lvl8  	lvl9  	lvl10 	lvl11 	lvl12 	lvl13 	lvl14 	lvl15 	lvl16 	lvl17 	lvl18 	lvl19 	lvl20 	lvl21 	lvl22 	lvl23 	lvl24 	lvl25 	lvl26 	lvl27 	lvl28 	lvl29 	lvl30 	lvl31 	lvl32 	lvl33 	lvl34 	lvl35 	lvl36 	lvl37 	lvl38 	lvl39 	lvl40 	lvl41 	lvl42 	lvl43 
100000   	0    	4.213400e-03	1     	2     	4     	8     	16    	32    	62    	121   	233   	438   	789   	1312  	2089  	3150  	4433  	5877  	7312  	8626  	9508  	9587  	9349  	8688  	7632  	6237  	4806  	3535  	2460  	1631  	1010  	563   	280   	127   	57    	20    	3     	2     	nan   	nan   	nan   	nan   	nan   	nan   	nan   	nan   
100000   	1    	4.080400e-03	1     	2     	4     	8     	16    	31    	59    	109   	205   	376   	645   	1071  	1679  	2546  	3537  	4627  	5897  	7003  	7864  	8320  	8364  	8213  	7751  	6952  	6027  	4985  	3924  	3070  	2282  	1629  	1153  	724   	451   	252   	129   	59    	29    	6     	nan   	nan   	nan   	nan   	nan   	nan   
100000   	2    	4.918200e-03	1     	2     	4     	8     	16    	32    	61    	113   	216   	392   	671   	1094  	1752  	2675  	3913  	5278  	6683  	7923  	8855  	9290  	9173  	8750  	7776  	6659  	5419  	4177  	3057  	2144  	1410  	950   	605   	382   	233   	133   	67    	37    	22    	13    	8     	5     	1     	nan   	nan   	nan   
100000   	3    	4.816400e-03	1     	2     	4     	8     	16    	32    	64    	125   	236   	441   	772   	1302  	2015  	3023  	4242  	5607  	6978  	8126  	8918  	9257  	9191  	8451  	7405  	6199  	5022  	3762  	2781  	1986  	1363  	941   	629   	414   	267   	159   	92    	65    	38    	27    	16    	11    	5     	4     	2     	1     

