Criação das árvores ordenadas:
n_persons	index	time        
100000   	0    	5.128600e-02
100000   	1    	6.463850e-02
100000   	2    	5.526930e-02
100000   	3    	4.739430e-02

Procura de nós nas árvores:
n_persons	index	time        
100000   	0    	5.305920e-02
100000   	1    	6.487380e-02
100000   	2    	6.301670e-02
100000   	3    	5.954510e-02

Maior profundidade das árvores:
n_persons	index	time        	depth
100000   	0    	4.865500e-03	41   
100000   	1    	4.757500e-03	38   
100000   	2    	5.045200e-03	38   
100000   	3    	4.976200e-03	41   

Número de nós em cada nível:
n_persons	index	time        	lvl0  	lvl1  	lvl2  	lvl3  	lvl4  	lvl5  	lvl6  	lvl7  	lvl8  	lvl9  	lvl10 	lvl11 	lvl12 	lvl13 	lvl14 	lvl15 	lvl16 	lvl17 	lvl18 	lvl19 	lvl20 	lvl21 	lvl22 	lvl23 	lvl24 	lvl25 	lvl26 	lvl27 	lvl28 	lvl29 	lvl30 	lvl31 	lvl32 	lvl33 	lvl34 	lvl35 	lvl36 	lvl37 	lvl38 	lvl39 	lvl40 	lvl41 
100000   	0    	4.167100e-03	1     	2     	4     	8     	16    	32    	63    	120   	229   	421   	725   	1214  	1872  	2733  	3853  	5027  	6225  	7327  	8029  	8535  	8667  	8337  	7593  	6779  	5771  	4658  	3577  	2693  	1919  	1311  	848   	564   	376   	217   	118   	67    	31    	13    	10    	10    	3     	2     
100000   	1    	5.432000e-03	1     	2     	4     	8     	16    	32    	64    	121   	215   	384   	631   	1006  	1534  	2251  	3150  	4235  	5358  	6408  	7304  	8045  	8395  	8251  	7984  	7295  	6463  	5565  	4550  	3534  	2579  	1728  	1184  	780   	446   	244   	116   	65    	39    	12    	1     	nan   	nan   	nan   
100000   	2    	4.468000e-03	1     	2     	4     	8     	16    	32    	64    	126   	232   	417   	713   	1185  	1918  	2937  	4204  	5733  	7223  	8561  	9456  	9783  	9671  	8856  	7623  	6106  	4692  	3440  	2414  	1672  	1105  	722   	482   	282   	166   	92    	40    	15    	4     	2     	1     	nan   	nan   	nan   
100000   	3    	4.590300e-03	1     	2     	4     	8     	16    	32    	63    	123   	239   	444   	759   	1252  	1934  	2764  	3768  	4741  	5686  	6732  	7389  	7843  	7803  	7449  	6872  	6323  	5598  	4786  	4043  	3260  	2686  	2087  	1651  	1203  	884   	621   	396   	259   	143   	81    	34    	14    	5     	2     

