Criação das árvores ordenadas:
n_persons	index	time        
100000   	0    	1.088433e-01
100000   	1    	7.805950e-02
100000   	2    	5.573450e-02
100000   	3    	4.750670e-02

Procura de nós nas árvores:
n_persons	index	time        
100000   	0    	5.227230e-02
100000   	1    	6.268940e-02
100000   	2    	5.543020e-02
100000   	3    	5.025320e-02

Maior profundidade das árvores:
n_persons	index	time        	depth
100000   	0    	4.836900e-03	38   
100000   	1    	4.710300e-03	37   
100000   	2    	4.980400e-03	41   
100000   	3    	4.828400e-03	40   

Número de nós em cada nível:
n_persons	index	time        	lvl0  	lvl1  	lvl2  	lvl3  	lvl4  	lvl5  	lvl6  	lvl7  	lvl8  	lvl9  	lvl10 	lvl11 	lvl12 	lvl13 	lvl14 	lvl15 	lvl16 	lvl17 	lvl18 	lvl19 	lvl20 	lvl21 	lvl22 	lvl23 	lvl24 	lvl25 	lvl26 	lvl27 	lvl28 	lvl29 	lvl30 	lvl31 	lvl32 	lvl33 	lvl34 	lvl35 	lvl36 	lvl37 	lvl38 	lvl39 	lvl40 	lvl41 
100000   	0    	4.076600e-03	1     	2     	4     	8     	16    	32    	64    	122   	226   	406   	712   	1135  	1736  	2469  	3354  	4281  	5270  	6360  	7256  	7998  	8363  	8312  	7954  	7301  	6445  	5447  	4385  	3379  	2502  	1757  	1141  	723   	406   	221   	119   	58    	25    	8     	2     	nan   	nan   	nan   
100000   	1    	3.829200e-03	1     	2     	4     	8     	16    	32    	63    	122   	238   	427   	747   	1264  	2066  	3154  	4391  	5939  	7425  	8612  	9357  	9645  	9341  	8576  	7512  	6286  	4904  	3598  	2466  	1616  	1015  	575   	315   	157   	75    	33    	13    	3     	1     	1     	nan   	nan   	nan   	nan   
100000   	2    	4.483700e-03	1     	2     	4     	8     	16    	32    	63    	108   	183   	301   	518   	863   	1374  	2139  	3119  	4261  	5497  	6700  	7708  	8342  	8639  	8505  	7837  	6979  	6019  	4934  	3978  	3090  	2434  	1853  	1403  	1040  	717   	501   	328   	242   	120   	74    	37    	17    	12    	2     
100000   	3    	4.477700e-03	1     	2     	4     	8     	16    	32    	63    	123   	237   	439   	727   	1169  	1842  	2701  	3747  	4872  	6171  	7408  	8456  	9223  	9332  	8932  	7996  	6830  	5639  	4303  	3189  	2271  	1538  	1023  	716   	441   	252   	156   	77    	33    	15    	8     	4     	3     	1     	nan   

