Criação das árvores ordenadas:
n_persons	index	time        
100000   	0    	5.298100e-02
100000   	1    	7.605460e-02
100000   	2    	1.187858e-01
100000   	3    	5.788190e-02

Procura de nós nas árvores:
n_persons	index	time        
100000   	0    	5.385120e-02
100000   	1    	6.348940e-02
100000   	2    	5.565490e-02
100000   	3    	5.024880e-02

Maior profundidade das árvores:
n_persons	index	time        	depth
100000   	0    	4.498400e-03	42   
100000   	1    	4.469500e-03	39   
100000   	2    	4.864400e-03	38   
100000   	3    	4.843300e-03	40   

Número de nós em cada nível:
n_persons	index	time        	lvl0  	lvl1  	lvl2  	lvl3  	lvl4  	lvl5  	lvl6  	lvl7  	lvl8  	lvl9  	lvl10 	lvl11 	lvl12 	lvl13 	lvl14 	lvl15 	lvl16 	lvl17 	lvl18 	lvl19 	lvl20 	lvl21 	lvl22 	lvl23 	lvl24 	lvl25 	lvl26 	lvl27 	lvl28 	lvl29 	lvl30 	lvl31 	lvl32 	lvl33 	lvl34 	lvl35 	lvl36 	lvl37 	lvl38 	lvl39 	lvl40 	lvl41 	lvl42 
100000   	0    	3.956500e-03	1     	2     	4     	8     	16    	32    	63    	123   	231   	409   	693   	1113  	1701  	2436  	3287  	4275  	5384  	6552  	7469  	8027  	8307  	8076  	7561  	6942  	6125  	5168  	4247  	3364  	2605  	1936  	1344  	939   	629   	398   	240   	149   	73    	38    	18    	8     	4     	2     	1     
100000   	1    	3.926600e-03	1     	2     	4     	8     	16    	32    	61    	115   	206   	360   	610   	982   	1495  	2207  	3196  	4305  	5455  	6630  	7550  	8157  	8374  	8207  	7852  	7159  	6316  	5377  	4483  	3512  	2573  	1856  	1235  	759   	448   	253   	113   	47    	27    	11    	5     	1     	nan   	nan   	nan   
100000   	2    	4.397500e-03	1     	2     	4     	8     	16    	32    	64    	125   	241   	461   	814   	1361  	2176  	3150  	4325  	5585  	6809  	7750  	8533  	8949  	8920  	8417  	7608  	6658  	5362  	4104  	2992  	2064  	1383  	907   	551   	328   	170   	74    	30    	14    	6     	3     	3     	nan   	nan   	nan   	nan   
100000   	3    	4.299800e-03	1     	2     	4     	8     	16    	32    	62    	122   	234   	432   	743   	1194  	1829  	2711  	3763  	4976  	6291  	7440  	8391  	8840  	8949  	8603  	7886  	6871  	5744  	4464  	3408  	2436  	1690  	1090  	712   	429   	280   	172   	89    	43    	22    	11    	5     	4     	1     	nan   	nan   

