Criação das árvores ordenadas:
n_persons	index	time        
100000   	0    	7.337410e-02
100000   	1    	6.784640e-02
100000   	2    	5.705990e-02
100000   	3    	5.159830e-02

Procura de nós nas árvores:
n_persons	index	time        
100000   	0    	5.733920e-02
100000   	1    	6.478940e-02
100000   	2    	5.718140e-02
100000   	3    	5.449490e-02

Maior profundidade das árvores:
n_persons	index	time        	depth
100000   	0    	4.412100e-03	37   
100000   	1    	4.735900e-03	42   
100000   	2    	4.943200e-03	41   
100000   	3    	4.931400e-03	40   

Número de nós em cada nível:
n_persons	index	time        	lvl0  	lvl1  	lvl2  	lvl3  	lvl4  	lvl5  	lvl6  	lvl7  	lvl8  	lvl9  	lvl10 	lvl11 	lvl12 	lvl13 	lvl14 	lvl15 	lvl16 	lvl17 	lvl18 	lvl19 	lvl20 	lvl21 	lvl22 	lvl23 	lvl24 	lvl25 	lvl26 	lvl27 	lvl28 	lvl29 	lvl30 	lvl31 	lvl32 	lvl33 	lvl34 	lvl35 	lvl36 	lvl37 	lvl38 	lvl39 	lvl40 	lvl41 	lvl42 
100000   	0    	3.975700e-03	1     	2     	4     	8     	16    	31    	60    	118   	228   	423   	723   	1200  	1842  	2728  	3826  	5050  	6440  	7598  	8573  	9221  	9237  	8775  	7989  	6905  	5690  	4402  	3242  	2211  	1464  	882   	517   	295   	159   	84    	35    	14    	6     	1     	nan   	nan   	nan   	nan   	nan   
100000   	1    	3.841600e-03	1     	2     	4     	8     	16    	32    	63    	123   	238   	436   	774   	1282  	1997  	2965  	4118  	5347  	6381  	7372  	7983  	8269  	8354  	8158  	7445  	6647  	5601  	4594  	3521  	2643  	1905  	1354  	906   	565   	364   	218   	119   	69    	51    	30    	21    	13    	6     	3     	2     
100000   	2    	5.337000e-03	1     	2     	4     	8     	15    	30    	60    	116   	221   	387   	643   	989   	1491  	2124  	2872  	3765  	4721  	5752  	6723  	7448  	7937  	8063  	7873  	7432  	6753  	5926  	4968  	3965  	3030  	2270  	1623  	1055  	703   	441   	280   	159   	69    	42    	21    	13    	4     	1     	nan   
100000   	3    	5.296900e-03	1     	2     	4     	8     	16    	32    	64    	122   	218   	388   	634   	1021  	1610  	2351  	3229  	4321  	5407  	6511  	7275  	7870  	8197  	8185  	7877  	7260  	6469  	5588  	4545  	3540  	2497  	1710  	1203  	772   	454   	287   	165   	87    	44    	22    	11    	2     	1     	nan   	nan   

