Criação das árvores ordenadas:
n_persons	index	time        
100000   	0    	5.103260e-02
100000   	1    	6.417980e-02
100000   	2    	6.058530e-02
100000   	3    	4.602430e-02

Procura de nós nas árvores:
n_persons	index	time        
100000   	0    	5.361120e-02
100000   	1    	6.200620e-02
100000   	2    	5.702120e-02
100000   	3    	4.998520e-02

Maior profundidade das árvores:
n_persons	index	time        	depth
100000   	0    	4.332200e-03	43   
100000   	1    	4.268800e-03	40   
100000   	2    	5.192900e-03	38   
100000   	3    	4.942900e-03	39   

Número de nós em cada nível:
n_persons	index	time        	lvl0  	lvl1  	lvl2  	lvl3  	lvl4  	lvl5  	lvl6  	lvl7  	lvl8  	lvl9  	lvl10 	lvl11 	lvl12 	lvl13 	lvl14 	lvl15 	lvl16 	lvl17 	lvl18 	lvl19 	lvl20 	lvl21 	lvl22 	lvl23 	lvl24 	lvl25 	lvl26 	lvl27 	lvl28 	lvl29 	lvl30 	lvl31 	lvl32 	lvl33 	lvl34 	lvl35 	lvl36 	lvl37 	lvl38 	lvl39 	lvl40 	lvl41 	lvl42 	lvl43 
100000   	0    	4.122100e-03	1     	2     	4     	8     	16    	32    	62    	122   	218   	386   	646   	1048  	1645  	2431  	3420  	4666  	5851  	6996  	7884  	8406  	8632  	8545  	8070  	7288  	6131  	4979  	3833  	2848  	1992  	1377  	893   	580   	355   	230   	145   	95    	67    	38    	28    	12    	7     	5     	3     	3     
100000   	1    	4.351500e-03	1     	2     	4     	8     	15    	28    	51    	94    	166   	301   	528   	899   	1439  	2164  	3181  	4385  	5667  	6976  	8184  	8967  	9158  	8929  	8151  	7115  	5942  	4928  	3767  	2828  	2059  	1491  	1053  	678   	400   	232   	123   	55    	17    	8     	3     	2     	1     	nan   	nan   	nan   
100000   	2    	4.378900e-03	1     	2     	4     	8     	16    	32    	62    	118   	219   	398   	701   	1153  	1809  	2674  	3685  	4791  	5847  	6839  	7631  	8164  	8384  	8201  	7593  	6850  	5912  	4990  	4061  	3037  	2287  	1591  	1108  	760   	475   	253   	153   	96    	59    	30    	6     	nan   	nan   	nan   	nan   	nan   
100000   	3    	4.508900e-03	1     	2     	4     	8     	16    	32    	60    	115   	219   	393   	674   	1082  	1630  	2329  	3287  	4446  	5797  	7158  	8337  	9200  	9641  	9287  	8507  	7291  	5883  	4575  	3365  	2370  	1611  	1082  	670   	388   	252   	139   	86    	37    	16    	6     	2     	2     	nan   	nan   	nan   	nan   

