Criação das árvores ordenadas:
n_persons	index	time        
100000   	0    	5.203670e-02
100000   	1    	6.411300e-02
100000   	2    	6.547780e-02
100000   	3    	4.840690e-02

Procura de nós nas árvores:
n_persons	index	time        
100000   	0    	5.723360e-02
100000   	1    	7.526430e-02
100000   	2    	1.064932e-01
100000   	3    	6.745940e-02

Maior profundidade das árvores:
n_persons	index	time        	depth
100000   	0    	4.510000e-03	38   
100000   	1    	4.772500e-03	40   
100000   	2    	5.146200e-03	37   
100000   	3    	5.370900e-03	39   

Número de nós em cada nível:
n_persons	index	time        	lvl0  	lvl1  	lvl2  	lvl3  	lvl4  	lvl5  	lvl6  	lvl7  	lvl8  	lvl9  	lvl10 	lvl11 	lvl12 	lvl13 	lvl14 	lvl15 	lvl16 	lvl17 	lvl18 	lvl19 	lvl20 	lvl21 	lvl22 	lvl23 	lvl24 	lvl25 	lvl26 	lvl27 	lvl28 	lvl29 	lvl30 	lvl31 	lvl32 	lvl33 	lvl34 	lvl35 	lvl36 	lvl37 	lvl38 	lvl39 	lvl40 
100000   	0    	5.482800e-03	1     	2     	4     	8     	16    	31    	60    	114   	218   	402   	690   	1122  	1698  	2462  	3421  	4434  	5581  	6736  	7576  	8217  	8578  	8365  	7938  	7131  	6206  	5240  	4223  	3215  	2288  	1591  	1041  	651   	389   	193   	93    	47    	14    	3     	1     	nan   	nan   
100000   	1    	4.120700e-03	1     	2     	4     	8     	16    	31    	56    	104   	189   	327   	507   	804   	1275  	1990  	2910  	3993  	5123  	6227  	7179  	7807  	8225  	8163  	7807  	7242  	6585  	5814  	4841  	3860  	2972  	2128  	1482  	989   	578   	339   	192   	110   	66    	38    	13    	2     	1     
100000   	2    	4.294700e-03	1     	2     	4     	8     	16    	32    	61    	120   	230   	421   	730   	1210  	1873  	2785  	3891  	5131  	6330  	7415  	8327  	8834  	8933  	8511  	7857  	6855  	5638  	4504  	3435  	2546  	1756  	1158  	656   	362   	199   	93    	40    	24    	8     	4     	nan   	nan   	nan   
100000   	3    	4.165100e-03	1     	2     	4     	8     	15    	27    	47    	86    	147   	252   	424   	733   	1212  	1896  	2761  	3880  	5196  	6371  	7408  	8328  	8653  	8613  	8505  	7881  	6879  	5723  	4544  	3419  	2432  	1723  	1131  	757   	452   	234   	120   	64    	41    	18    	9     	4     	nan   

