Criação das árvores ordenadas:
n_persons	index	time        
100000   	0    	5.162140e-02
100000   	1    	6.421190e-02
100000   	2    	5.407050e-02
100000   	3    	4.748150e-02

Procura de nós nas árvores:
n_persons	index	time        
100000   	0    	5.225260e-02
100000   	1    	6.304950e-02
100000   	2    	5.690860e-02
100000   	3    	4.910820e-02

Maior profundidade das árvores:
n_persons	index	time        	depth
100000   	0    	4.303400e-03	40   
100000   	1    	4.860900e-03	38   
100000   	2    	4.733000e-03	36   
100000   	3    	5.010600e-03	41   

Número de nós em cada nível:
n_persons	index	time        	lvl0  	lvl1  	lvl2  	lvl3  	lvl4  	lvl5  	lvl6  	lvl7  	lvl8  	lvl9  	lvl10 	lvl11 	lvl12 	lvl13 	lvl14 	lvl15 	lvl16 	lvl17 	lvl18 	lvl19 	lvl20 	lvl21 	lvl22 	lvl23 	lvl24 	lvl25 	lvl26 	lvl27 	lvl28 	lvl29 	lvl30 	lvl31 	lvl32 	lvl33 	lvl34 	lvl35 	lvl36 	lvl37 	lvl38 	lvl39 	lvl40 	lvl41 
100000   	0    	3.983100e-03	1     	2     	4     	8     	16    	30    	60    	113   	203   	353   	601   	1012  	1568  	2351  	3333  	4421  	5670  	6843  	7782  	8334  	8690  	8554  	8096  	7329  	6261  	5181  	4086  	3011  	2145  	1476  	989   	612   	371   	221   	136   	78    	36    	12    	6     	4     	1     	nan   
100000   	1    	6.023200e-03	1     	2     	4     	8     	16    	32    	63    	120   	230   	423   	746   	1267  	1991  	2970  	4162  	5514  	6734  	7739  	8551  	8967  	8771  	8197  	7347  	6343  	5214  	4096  	3143  	2386  	1729  	1236  	803   	520   	333   	176   	102   	36    	21    	6     	1     	nan   	nan   	nan   
100000   	2    	1.556770e-02	1     	2     	4     	8     	16    	32    	63    	124   	236   	441   	786   	1313  	2087  	3109  	4332  	5671  	7039  	8225  	8995  	9500  	9163  	8433  	7395  	6257  	5029  	3816  	2809  	1922  	1277  	825   	526   	298   	153   	74    	29    	8     	2     	nan   	nan   	nan   	nan   	nan   
100000   	3    	6.390200e-03	1     	2     	4     	8     	16    	32    	62    	124   	240   	433   	779   	1302  	2049  	2965  	3925  	4939  	5928  	6833  	7502  	8127  	8273  	7950  	7500  	6803  	6068  	5018  	3896  	2944  	2176  	1500  	1001  	666   	421   	246   	136   	70    	32    	12    	5     	5     	4     	3     

