Criação das árvores ordenadas:
n_persons	index	time        
100000   	0    	5.467610e-02
100000   	1    	6.751500e-02
100000   	2    	5.831310e-02
100000   	3    	4.686450e-02

Procura de nós nas árvores:
n_persons	index	time        
100000   	0    	5.520920e-02
100000   	1    	6.532710e-02
100000   	2    	5.802690e-02
100000   	3    	5.004170e-02

Maior profundidade das árvores:
n_persons	index	time        	depth
100000   	0    	4.622000e-03	36   
100000   	1    	4.720600e-03	45   
100000   	2    	4.991300e-03	39   
100000   	3    	5.040100e-03	41   

Número de nós em cada nível:
n_persons	index	time        	lvl0  	lvl1  	lvl2  	lvl3  	lvl4  	lvl5  	lvl6  	lvl7  	lvl8  	lvl9  	lvl10 	lvl11 	lvl12 	lvl13 	lvl14 	lvl15 	lvl16 	lvl17 	lvl18 	lvl19 	lvl20 	lvl21 	lvl22 	lvl23 	lvl24 	lvl25 	lvl26 	lvl27 	lvl28 	lvl29 	lvl30 	lvl31 	lvl32 	lvl33 	lvl34 	lvl35 	lvl36 	lvl37 	lvl38 	lvl39 	lvl40 	lvl41 	lvl42 	lvl43 	lvl44 	lvl45 
100000   	0    	4.539800e-03	1     	2     	4     	8     	16    	32    	64    	125   	244   	454   	790   	1312  	2050  	2989  	4063  	5253  	6464  	7510  	8278  	8609  	8520  	8131  	7371  	6456  	5472  	4545  	3584  	2766  	1950  	1274  	781   	440   	233   	122   	56    	25    	6     	nan   	nan   	nan   	nan   	nan   	nan   	nan   	nan   	nan   
100000   	1    	4.026800e-03	1     	2     	4     	8     	16    	32    	62    	117   	221   	382   	638   	995   	1431  	2018  	2788  	3600  	4485  	5332  	6211  	7034  	7567  	7818  	7805  	7560  	7202  	6497  	5520  	4431  	3218  	2366  	1687  	1096  	702   	447   	273   	170   	99    	70    	45    	24    	13    	5     	4     	2     	1     	1     
100000   	2    	4.464900e-03	1     	2     	4     	8     	16    	32    	61    	120   	219   	390   	665   	1044  	1572  	2262  	2996  	3835  	4755  	5788  	6739  	7673  	8254  	8479  	8439  	7989  	7086  	5980  	4772  	3594  	2577  	1753  	1142  	719   	446   	296   	154   	82    	31    	14    	7     	4     	nan   	nan   	nan   	nan   	nan   	nan   
100000   	3    	4.621000e-03	1     	2     	4     	8     	16    	32    	63    	121   	230   	419   	700   	1113  	1690  	2373  	3278  	4281  	5508  	6742  	7659  	8171  	8367  	8241  	7659  	6939  	6028  	5063  	4084  	3212  	2435  	1832  	1314  	879   	624   	397   	233   	143   	76    	31    	16    	9     	5     	2     	nan   	nan   	nan   	nan   

