Criação das árvores ordenadas:
n_persons	index	time        
100000   	0    	7.436630e-02
100000   	1    	8.069290e-02
100000   	2    	6.865360e-02
100000   	3    	1.378919e-01

Procura de nós nas árvores:
n_persons	index	time        
100000   	0    	9.946940e-02
100000   	1    	9.621950e-02
100000   	2    	9.464780e-02
100000   	3    	8.451960e-02

Maior profundidade das árvores:
n_persons	index	time        	depth
100000   	0    	6.825000e-03	40   
100000   	1    	8.154300e-03	41   
100000   	2    	8.512200e-03	38   
100000   	3    	7.715400e-03	38   

Número de nós em cada nível:
n_persons	index	time        	lvl0  	lvl1  	lvl2  	lvl3  	lvl4  	lvl5  	lvl6  	lvl7  	lvl8  	lvl9  	lvl10 	lvl11 	lvl12 	lvl13 	lvl14 	lvl15 	lvl16 	lvl17 	lvl18 	lvl19 	lvl20 	lvl21 	lvl22 	lvl23 	lvl24 	lvl25 	lvl26 	lvl27 	lvl28 	lvl29 	lvl30 	lvl31 	lvl32 	lvl33 	lvl34 	lvl35 	lvl36 	lvl37 	lvl38 	lvl39 	lvl40 	lvl41 
100000   	0    	5.347300e-03	1     	2     	4     	8     	16    	30    	57    	111   	212   	392   	677   	1141  	1826  	2715  	3790  	5027  	6344  	7528  	8501  	9034  	9009  	8555  	7729  	6676  	5678  	4557  	3416  	2509  	1649  	1074  	664   	451   	286   	177   	86    	40    	17    	7     	2     	1     	1     	nan   
100000   	1    	4.059900e-03	1     	2     	4     	8     	16    	31    	62    	114   	200   	365   	601   	928   	1383  	1989  	2738  	3646  	4766  	5750  	6728  	7505  	7853  	8104  	8144  	7749  	7049  	5902  	4859  	3855  	3011  	2230  	1593  	1099  	720   	456   	245   	142   	78    	43    	17    	11    	2     	1     
100000   	2    	4.761300e-03	1     	2     	4     	8     	16    	32    	59    	114   	219   	390   	670   	1122  	1734  	2542  	3471  	4554  	5664  	6814  	7752  	8392  	8737  	8591  	8144  	7325  	6177  	4997  	3880  	2926  	2132  	1445  	885   	549   	332   	175   	95    	31    	15    	3     	1     	nan   	nan   	nan   
100000   	3    	4.832400e-03	1     	2     	4     	8     	16    	31    	59    	108   	174   	293   	484   	788   	1174  	1706  	2411  	3261  	4298  	5435  	6586  	7577  	8421  	8800  	8597  	7924  	7091  	6201  	5200  	4134  	3127  	2245  	1571  	980   	624   	333   	178   	92    	43    	20    	3     	nan   	nan   	nan   

