Criação das árvores ordenadas:
n_persons	index	time        
100000   	0    	5.223280e-02
100000   	1    	6.264950e-02
100000   	2    	5.425450e-02
100000   	3    	4.816010e-02

Procura de nós nas árvores:
n_persons	index	time        
100000   	0    	6.528030e-02
100000   	1    	1.122882e-01
100000   	2    	6.739220e-02
100000   	3    	5.156900e-02

Maior profundidade das árvores:
n_persons	index	time        	depth
100000   	0    	4.705000e-03	39   
100000   	1    	4.489600e-03	40   
100000   	2    	5.061800e-03	38   
100000   	3    	4.927700e-03	39   

Número de nós em cada nível:
n_persons	index	time        	lvl0  	lvl1  	lvl2  	lvl3  	lvl4  	lvl5  	lvl6  	lvl7  	lvl8  	lvl9  	lvl10 	lvl11 	lvl12 	lvl13 	lvl14 	lvl15 	lvl16 	lvl17 	lvl18 	lvl19 	lvl20 	lvl21 	lvl22 	lvl23 	lvl24 	lvl25 	lvl26 	lvl27 	lvl28 	lvl29 	lvl30 	lvl31 	lvl32 	lvl33 	lvl34 	lvl35 	lvl36 	lvl37 	lvl38 	lvl39 	lvl40 
100000   	0    	4.530900e-03	1     	2     	4     	8     	16    	32    	61    	110   	194   	317   	513   	792   	1222  	1843  	2642  	3632  	4671  	5771  	6843  	7814  	8402  	8590  	8525  	7871  	7004  	5957  	4799  	3736  	2814  	2007  	1431  	957   	617   	395   	223   	107   	42    	23    	6     	6     	nan   
100000   	1    	4.265000e-03	1     	2     	4     	8     	16    	31    	58    	105   	192   	342   	562   	874   	1265  	1834  	2561  	3363  	4293  	5340  	6309  	7330  	8074  	8606  	8594  	8152  	7304  	6313  	5209  	4116  	3061  	2204  	1490  	994   	613   	342   	207   	122   	61    	29    	11    	6     	2     
100000   	2    	4.437200e-03	1     	2     	4     	8     	16    	31    	62    	121   	230   	423   	739   	1237  	1943  	2890  	4076  	5239  	6543  	7701  	8536  	9036  	9012  	8736  	7908  	6827  	5629  	4389  	3139  	2161  	1377  	819   	484   	290   	174   	108   	63    	27    	12    	5     	2     	nan   	nan   
100000   	3    	4.410900e-03	1     	2     	4     	8     	16    	32    	64    	123   	225   	414   	715   	1167  	1777  	2590  	3622  	4819  	6207  	7376  	8235  	8713  	8672  	8369  	7616  	6622  	5701  	4645  	3733  	2823  	2067  	1400  	879   	578   	362   	215   	109   	49    	26    	13    	7     	4     	nan   

