Criação das árvores ordenadas:
n_persons	index	time        
100000   	0    	5.415530e-02
100000   	1    	6.346580e-02
100000   	2    	5.577670e-02
100000   	3    	4.688410e-02

Procura de nós nas árvores:
n_persons	index	time        
100000   	0    	1.013531e-01
100000   	1    	9.617750e-02
100000   	2    	6.287410e-02
100000   	3    	6.006840e-02

Maior profundidade das árvores:
n_persons	index	time        	depth
100000   	0    	5.629300e-03	38   
100000   	1    	6.148300e-03	41   
100000   	2    	4.985800e-03	37   
100000   	3    	5.010900e-03	45   

Número de nós em cada nível:
n_persons	index	time        	lvl0  	lvl1  	lvl2  	lvl3  	lvl4  	lvl5  	lvl6  	lvl7  	lvl8  	lvl9  	lvl10 	lvl11 	lvl12 	lvl13 	lvl14 	lvl15 	lvl16 	lvl17 	lvl18 	lvl19 	lvl20 	lvl21 	lvl22 	lvl23 	lvl24 	lvl25 	lvl26 	lvl27 	lvl28 	lvl29 	lvl30 	lvl31 	lvl32 	lvl33 	lvl34 	lvl35 	lvl36 	lvl37 	lvl38 	lvl39 	lvl40 	lvl41 	lvl42 	lvl43 	lvl44 	lvl45 
100000   	0    	4.020300e-03	1     	2     	4     	8     	16    	32    	63    	122   	224   	408   	696   	1134  	1764  	2576  	3579  	4683  	5881  	6919  	7841  	8301  	8644  	8467  	8017  	7221  	6256  	5083  	3963  	2880  	2028  	1369  	848   	492   	246   	121   	70    	31    	7     	2     	1     	nan   	nan   	nan   	nan   	nan   	nan   	nan   
100000   	1    	4.106400e-03	1     	2     	4     	8     	16    	32    	62    	120   	224   	403   	682   	1086  	1676  	2418  	3231  	4179  	5094  	5964  	6674  	7293  	7608  	7720  	7543  	7039  	6499  	5751  	4856  	3939  	2967  	2244  	1622  	1101  	767   	468   	284   	193   	110   	61    	35    	16    	6     	2     	nan   	nan   	nan   	nan   
100000   	2    	4.362900e-03	1     	2     	4     	8     	16    	32    	64    	125   	239   	454   	820   	1399  	2240  	3316  	4547  	5877  	7176  	8174  	8930  	9167  	8907  	8275  	7314  	6122  	4981  	3859  	2754  	1905  	1265  	863   	542   	318   	177   	80    	31    	9     	6     	1     	nan   	nan   	nan   	nan   	nan   	nan   	nan   	nan   
100000   	3    	4.648000e-03	1     	2     	4     	8     	16    	32    	64    	126   	243   	442   	790   	1311  	2063  	2975  	3999  	5034  	6111  	7084  	7739  	8019  	7955  	7617  	6924  	6172  	5343  	4500  	3748  	2979  	2417  	1817  	1353  	969   	693   	484   	327   	226   	159   	95    	64    	35    	25    	18    	10    	4     	2     	1     

