Criação das árvores ordenadas:
n_persons	index	time        
100000   	0    	5.456620e-02
100000   	1    	6.240770e-02
100000   	2    	5.639280e-02
100000   	3    	5.079510e-02

Procura de nós nas árvores:
n_persons	index	time        
100000   	0    	5.808760e-02
100000   	1    	6.897590e-02
100000   	2    	5.837110e-02
100000   	3    	5.201230e-02

Maior profundidade das árvores:
n_persons	index	time        	depth
100000   	0    	4.633200e-03	42   
100000   	1    	4.509100e-03	38   
100000   	2    	4.986800e-03	39   
100000   	3    	5.447300e-03	39   

Número de nós em cada nível:
n_persons	index	time        	lvl0  	lvl1  	lvl2  	lvl3  	lvl4  	lvl5  	lvl6  	lvl7  	lvl8  	lvl9  	lvl10 	lvl11 	lvl12 	lvl13 	lvl14 	lvl15 	lvl16 	lvl17 	lvl18 	lvl19 	lvl20 	lvl21 	lvl22 	lvl23 	lvl24 	lvl25 	lvl26 	lvl27 	lvl28 	lvl29 	lvl30 	lvl31 	lvl32 	lvl33 	lvl34 	lvl35 	lvl36 	lvl37 	lvl38 	lvl39 	lvl40 	lvl41 	lvl42 
100000   	0    	4.487600e-03	1     	2     	4     	8     	16    	30    	59    	108   	197   	344   	586   	927   	1464  	2220  	3207  	4384  	5656  	6753  	7712  	8337  	8542  	8432  	7700  	7029  	6157  	5206  	4193  	3228  	2483  	1760  	1200  	793   	528   	321   	212   	104   	47    	22    	14    	7     	4     	2     	1     
100000   	1    	4.699500e-03	1     	2     	4     	8     	16    	31    	60    	120   	217   	385   	665   	1089  	1712  	2536  	3685  	5030  	6501  	7734  	8768  	9282  	9272  	8730  	7894  	6653  	5512  	4362  	3266  	2337  	1601  	1036  	670   	391   	216   	108   	59    	30    	11    	5     	1     	nan   	nan   	nan   	nan   
100000   	2    	4.644100e-03	1     	2     	4     	8     	16    	32    	63    	121   	236   	449   	803   	1348  	2086  	2970  	4093  	5276  	6534  	7701  	8575  	9138  	9277  	8731  	7875  	6818  	5544  	4162  	2919  	1974  	1320  	873   	496   	271   	126   	86    	40    	15    	8     	3     	4     	2     	nan   	nan   	nan   
100000   	3    	5.543800e-03	1     	2     	4     	8     	16    	31    	58    	111   	207   	370   	627   	1021  	1607  	2430  	3520  	4737  	6027  	7136  	8118  	8774  	9069  	8725  	8064  	7161  	5911  	4672  	3662  	2643  	1858  	1260  	844   	538   	345   	215   	113   	63    	32    	14    	4     	2     	nan   	nan   	nan   

