Criação das árvores ordenadas:
n_persons	index	time        
100000   	0    	5.130780e-02
100000   	1    	6.253260e-02
100000   	2    	5.555930e-02
100000   	3    	7.467450e-02

Procura de nós nas árvores:
n_persons	index	time        
100000   	0    	8.644900e-02
100000   	1    	7.250620e-02
100000   	2    	6.169610e-02
100000   	3    	5.012440e-02

Maior profundidade das árvores:
n_persons	index	time        	depth
100000   	0    	4.268800e-03	43   
100000   	1    	4.878500e-03	36   
100000   	2    	4.918900e-03	40   
100000   	3    	5.021200e-03	37   

Número de nós em cada nível:
n_persons	index	time        	lvl0  	lvl1  	lvl2  	lvl3  	lvl4  	lvl5  	lvl6  	lvl7  	lvl8  	lvl9  	lvl10 	lvl11 	lvl12 	lvl13 	lvl14 	lvl15 	lvl16 	lvl17 	lvl18 	lvl19 	lvl20 	lvl21 	lvl22 	lvl23 	lvl24 	lvl25 	lvl26 	lvl27 	lvl28 	lvl29 	lvl30 	lvl31 	lvl32 	lvl33 	lvl34 	lvl35 	lvl36 	lvl37 	lvl38 	lvl39 	lvl40 	lvl41 	lvl42 	lvl43 
100000   	0    	3.909500e-03	1     	2     	4     	8     	15    	30    	60    	111   	205   	369   	646   	1047  	1608  	2329  	3240  	4319  	5446  	6611  	7576  	8180  	8502  	8440  	7954  	7207  	6269  	5199  	4202  	3269  	2457  	1709  	1170  	756   	450   	253   	158   	81    	35    	24    	17    	13    	10    	6     	8     	4     
100000   	1    	4.084800e-03	1     	2     	4     	8     	16    	31    	62    	122   	235   	446   	786   	1334  	2116  	3151  	4381  	5725  	7100  	8165  	8949  	9224  	9078  	8447  	7516  	6458  	5214  	4051  	2840  	1920  	1212  	707   	390   	179   	75    	37    	10    	6     	2     	nan   	nan   	nan   	nan   	nan   	nan   	nan   
100000   	2    	4.693300e-03	1     	2     	4     	8     	16    	32    	64    	120   	229   	422   	714   	1137  	1661  	2298  	3003  	3793  	4620  	5414  	6175  	6977  	7601  	7921  	7802  	7590  	7123  	6307  	5189  	4154  	3160  	2266  	1560  	1049  	635   	390   	246   	149   	82    	48    	27    	9     	2     	nan   	nan   	nan   
100000   	3    	4.250800e-03	1     	2     	4     	8     	16    	32    	63    	120   	231   	405   	668   	1087  	1630  	2412  	3443  	4611  	5886  	7136  	8261  	9001  	9300  	9009  	8323  	7239  	6005  	4751  	3558  	2481  	1663  	1078  	700   	414   	225   	123   	63    	32    	17    	2     	nan   	nan   	nan   	nan   	nan   	nan   

