Criação das árvores ordenadas:
n_persons	index	time        
100000   	0    	5.222990e-02
100000   	1    	1.183684e-01
100000   	2    	7.018880e-02
100000   	3    	4.910400e-02

Procura de nós nas árvores:
n_persons	index	time        
100000   	0    	5.273400e-02
100000   	1    	5.930470e-02
100000   	2    	5.520450e-02
100000   	3    	4.930620e-02

Maior profundidade das árvores:
n_persons	index	time        	depth
100000   	0    	4.354100e-03	40   
100000   	1    	4.410300e-03	36   
100000   	2    	5.333400e-03	40   
100000   	3    	4.905600e-03	44   

Número de nós em cada nível:
n_persons	index	time        	lvl0  	lvl1  	lvl2  	lvl3  	lvl4  	lvl5  	lvl6  	lvl7  	lvl8  	lvl9  	lvl10 	lvl11 	lvl12 	lvl13 	lvl14 	lvl15 	lvl16 	lvl17 	lvl18 	lvl19 	lvl20 	lvl21 	lvl22 	lvl23 	lvl24 	lvl25 	lvl26 	lvl27 	lvl28 	lvl29 	lvl30 	lvl31 	lvl32 	lvl33 	lvl34 	lvl35 	lvl36 	lvl37 	lvl38 	lvl39 	lvl40 	lvl41 	lvl42 	lvl43 	lvl44 
100000   	0    	4.791300e-03	1     	2     	4     	8     	16    	31    	60    	113   	213   	380   	675   	1121  	1817  	2746  	3855  	5111  	6457  	7790  	8658  	9007  	8983  	8565  	7866  	6684  	5530  	4269  	3219  	2350  	1617  	1055  	710   	457   	271   	157   	81    	57    	33    	18    	11    	1     	1     	nan   	nan   	nan   	nan   
100000   	1    	4.811200e-03	1     	2     	4     	8     	16    	32    	64    	126   	239   	433   	747   	1230  	1892  	2727  	3773  	5027  	6322  	7489  	8353  	8866  	8915  	8487  	7854  	6915  	5785  	4658  	3463  	2470  	1687  	1072  	653   	369   	188   	77    	38    	16    	2     	nan   	nan   	nan   	nan   	nan   	nan   	nan   	nan   
100000   	2    	8.009400e-03	1     	2     	4     	8     	16    	32    	64    	123   	228   	400   	682   	1106  	1684  	2408  	3372  	4371  	5473  	6369  	7309  	7850  	8067  	7936  	7840  	7355  	6625  	5602  	4510  	3505  	2573  	1730  	1113  	685   	399   	236   	127   	90    	51    	40    	10    	3     	1     	nan   	nan   	nan   	nan   
100000   	3    	6.381700e-03	1     	2     	4     	8     	16    	32    	59    	116   	214   	384   	651   	1039  	1576  	2312  	3155  	4156  	5215  	6329  	7221  	7826  	8183  	8304  	7904  	7375  	6325  	5353  	4328  	3471  	2652  	1979  	1371  	938   	574   	353   	215   	141   	91    	55    	34    	18    	11    	5     	1     	2     	1     

