Criação das árvores ordenadas:
n_persons	index	time        
100000   	0    	5.353880e-02
100000   	1    	6.315520e-02
100000   	2    	5.580170e-02
100000   	3    	9.587450e-02

Procura de nós nas árvores:
n_persons	index	time        
100000   	0    	7.843520e-02
100000   	1    	6.765610e-02
100000   	2    	5.825860e-02
100000   	3    	5.077810e-02

Maior profundidade das árvores:
n_persons	index	time        	depth
100000   	0    	4.635700e-03	38   
100000   	1    	4.450200e-03	41   
100000   	2    	5.315100e-03	40   
100000   	3    	4.943000e-03	42   

Número de nós em cada nível:
n_persons	index	time        	lvl0  	lvl1  	lvl2  	lvl3  	lvl4  	lvl5  	lvl6  	lvl7  	lvl8  	lvl9  	lvl10 	lvl11 	lvl12 	lvl13 	lvl14 	lvl15 	lvl16 	lvl17 	lvl18 	lvl19 	lvl20 	lvl21 	lvl22 	lvl23 	lvl24 	lvl25 	lvl26 	lvl27 	lvl28 	lvl29 	lvl30 	lvl31 	lvl32 	lvl33 	lvl34 	lvl35 	lvl36 	lvl37 	lvl38 	lvl39 	lvl40 	lvl41 	lvl42 
100000   	0    	3.828800e-03	1     	2     	4     	8     	16    	32    	63    	122   	231   	422   	726   	1236  	1935  	2768  	3861  	4996  	6041  	7038  	7733  	8145  	8261  	8034  	7382  	6579  	5705  	4758  	3786  	2921  	2231  	1674  	1189  	818   	527   	327   	225   	122   	56    	19    	6     	nan   	nan   	nan   	nan   
100000   	1    	3.847100e-03	1     	2     	4     	8     	16    	32    	61    	116   	211   	375   	643   	1048  	1627  	2357  	3296  	4426  	5467  	6503  	7352  	7838  	8133  	8202  	7904  	7146  	6358  	5293  	4352  	3490  	2612  	1896  	1304  	831   	487   	281   	162   	83    	41    	19    	12    	8     	1     	2     	nan   
100000   	2    	4.859800e-03	1     	2     	4     	8     	16    	32    	64    	121   	225   	402   	676   	1105  	1618  	2312  	3159  	4151  	5205  	6220  	7116  	7912  	8396  	8510  	8190  	7415  	6510  	5355  	4332  	3361  	2484  	1830  	1251  	831   	510   	309   	166   	94    	54    	28    	14    	9     	2     	nan   	nan   
100000   	3    	4.478200e-03	1     	2     	4     	8     	16    	31    	62    	121   	224   	400   	708   	1151  	1727  	2407  	3268  	4178  	5161  	6161  	7013  	7804  	8216  	8287  	8057  	7398  	6515  	5387  	4354  	3397  	2516  	1799  	1227  	891   	617   	390   	230   	140   	65    	31    	13    	10    	6     	4     	3     

