Criação das árvores ordenadas:
n_persons	index	time        
100000   	0    	5.122700e-02
100000   	1    	6.146670e-02
100000   	2    	5.561900e-02
100000   	3    	4.960060e-02

Procura de nós nas árvores:
n_persons	index	time        
100000   	0    	5.615760e-02
100000   	1    	1.260184e-01
100000   	2    	8.878550e-02
100000   	3    	5.721350e-02

Maior profundidade das árvores:
n_persons	index	time        	depth
100000   	0    	4.424000e-03	39   
100000   	1    	4.559800e-03	39   
100000   	2    	4.908100e-03	37   
100000   	3    	5.097200e-03	45   

Número de nós em cada nível:
n_persons	index	time        	lvl0  	lvl1  	lvl2  	lvl3  	lvl4  	lvl5  	lvl6  	lvl7  	lvl8  	lvl9  	lvl10 	lvl11 	lvl12 	lvl13 	lvl14 	lvl15 	lvl16 	lvl17 	lvl18 	lvl19 	lvl20 	lvl21 	lvl22 	lvl23 	lvl24 	lvl25 	lvl26 	lvl27 	lvl28 	lvl29 	lvl30 	lvl31 	lvl32 	lvl33 	lvl34 	lvl35 	lvl36 	lvl37 	lvl38 	lvl39 	lvl40 	lvl41 	lvl42 	lvl43 	lvl44 	lvl45 
100000   	0    	3.861400e-03	1     	2     	4     	8     	16    	32    	64    	128   	247   	451   	794   	1363  	2081  	2979  	4058  	5217  	6452  	7552  	8279  	8745  	8786  	8403  	7611  	6633  	5556  	4331  	3331  	2436  	1680  	1120  	730   	418   	240   	129   	65    	32    	15    	8     	2     	1     	nan   	nan   	nan   	nan   	nan   	nan   
100000   	1    	4.204600e-03	1     	2     	4     	8     	16    	32    	64    	123   	236   	431   	744   	1242  	1974  	2953  	4083  	5383  	6898  	8203  	9106  	9446  	9181  	8610  	7560  	6297  	5069  	3858  	2827  	2015  	1373  	936   	582   	355   	199   	88    	42    	26    	18    	10    	3     	2     	nan   	nan   	nan   	nan   	nan   	nan   
100000   	2    	4.379000e-03	1     	2     	4     	8     	16    	32    	64    	127   	246   	461   	816   	1395  	2179  	3304  	4668  	6088  	7491  	8599  	9397  	9643  	9332  	8612  	7441  	5983  	4599  	3306  	2351  	1550  	962   	590   	344   	179   	103   	56    	30    	13    	5     	3     	nan   	nan   	nan   	nan   	nan   	nan   	nan   	nan   
100000   	3    	4.425500e-03	1     	2     	4     	8     	16    	32    	64    	126   	235   	429   	729   	1193  	1890  	2817  	3936  	5170  	6440  	7463  	8231  	8639  	8634  	8293  	7561  	6635  	5562  	4456  	3442  	2515  	1798  	1212  	818   	568   	408   	279   	180   	111   	57    	22    	10    	4     	3     	2     	1     	1     	2     	1     

