Criação das árvores ordenadas:
n_persons	index	time        
100000   	0    	5.284370e-02
100000   	1    	6.213320e-02
100000   	2    	5.807500e-02
100000   	3    	4.605160e-02

Procura de nós nas árvores:
n_persons	index	time        
100000   	0    	5.228110e-02
100000   	1    	5.890900e-02
100000   	2    	5.669750e-02
100000   	3    	4.783150e-02

Maior profundidade das árvores:
n_persons	index	time        	depth
100000   	0    	4.589600e-03	38   
100000   	1    	4.540500e-03	40   
100000   	2    	5.015800e-03	40   
100000   	3    	5.334200e-03	38   

Número de nós em cada nível:
n_persons	index	time        	lvl0  	lvl1  	lvl2  	lvl3  	lvl4  	lvl5  	lvl6  	lvl7  	lvl8  	lvl9  	lvl10 	lvl11 	lvl12 	lvl13 	lvl14 	lvl15 	lvl16 	lvl17 	lvl18 	lvl19 	lvl20 	lvl21 	lvl22 	lvl23 	lvl24 	lvl25 	lvl26 	lvl27 	lvl28 	lvl29 	lvl30 	lvl31 	lvl32 	lvl33 	lvl34 	lvl35 	lvl36 	lvl37 	lvl38 	lvl39 	lvl40 
100000   	0    	3.970100e-03	1     	2     	4     	8     	16    	31    	58    	110   	195   	356   	624   	1072  	1734  	2652  	3865  	5134  	6494  	7707  	8687  	9283  	9379  	8902  	8150  	6929  	5677  	4338  	3174  	2106  	1364  	823   	479   	281   	148   	85    	62    	36    	22    	10    	2     	nan   	nan   
100000   	1    	4.045200e-03	1     	2     	4     	8     	16    	32    	64    	125   	243   	452   	812   	1391  	2161  	3220  	4507  	5937  	7448  	8711  	9451  	9766  	9265  	8476  	7399  	5931  	4647  	3385  	2342  	1587  	1068  	634   	411   	232   	124   	63    	33    	19    	14    	8     	5     	4     	2     
100000   	2    	4.325100e-03	1     	2     	4     	8     	16    	32    	63    	126   	244   	456   	820   	1360  	2120  	3132  	4348  	5741  	7160  	8228  	9069  	9179  	9006  	8247  	7095  	5847  	4758  	3676  	2748  	2041  	1447  	1048  	695   	480   	288   	212   	134   	80    	52    	26    	7     	2     	2     
100000   	3    	4.797700e-03	1     	2     	4     	8     	16    	32    	64    	124   	232   	411   	707   	1168  	1817  	2769  	3920  	5329  	6776  	7992  	8939  	9394  	9181  	8705  	7787  	6682  	5399  	4189  	3084  	2077  	1336  	839   	467   	271   	136   	75    	40    	19    	4     	3     	1     	nan   	nan   

