Criação das árvores ordenadas:
n_persons	index	time        
100000   	0    	5.696960e-02
100000   	1    	6.387790e-02
100000   	2    	5.727900e-02
100000   	3    	5.470220e-02

Procura de nós nas árvores:
n_persons	index	time        
100000   	0    	5.439760e-02
100000   	1    	1.160357e-01
100000   	2    	7.366830e-02
100000   	3    	5.265860e-02

Maior profundidade das árvores:
n_persons	index	time        	depth
100000   	0    	4.703700e-03	38   
100000   	1    	4.482600e-03	41   
100000   	2    	5.231200e-03	40   
100000   	3    	5.035400e-03	41   

Número de nós em cada nível:
n_persons	index	time        	lvl0  	lvl1  	lvl2  	lvl3  	lvl4  	lvl5  	lvl6  	lvl7  	lvl8  	lvl9  	lvl10 	lvl11 	lvl12 	lvl13 	lvl14 	lvl15 	lvl16 	lvl17 	lvl18 	lvl19 	lvl20 	lvl21 	lvl22 	lvl23 	lvl24 	lvl25 	lvl26 	lvl27 	lvl28 	lvl29 	lvl30 	lvl31 	lvl32 	lvl33 	lvl34 	lvl35 	lvl36 	lvl37 	lvl38 	lvl39 	lvl40 	lvl41 
100000   	0    	4.245500e-03	1     	2     	4     	8     	16    	30    	59    	111   	195   	360   	616   	994   	1554  	2333  	3323  	4498  	5825  	7035  	8159  	8846  	9025  	8835  	8097  	7130  	6062  	4841  	3724  	2722  	1991  	1341  	859   	565   	375   	231   	122   	66    	32    	11    	2     	nan   	nan   	nan   
100000   	1    	4.579400e-03	1     	2     	4     	8     	16    	31    	56    	102   	181   	288   	465   	765   	1212  	1847  	2699  	3694  	4715  	5729  	6776  	7553  	7941  	8071  	8066  	7657  	6869  	6033  	5140  	4048  	3096  	2243  	1605  	1138  	741   	493   	317   	193   	110   	56    	23    	11    	4     	1     
100000   	2    	4.860900e-03	1     	2     	4     	8     	16    	32    	62    	118   	215   	398   	696   	1163  	1782  	2672  	3753  	4964  	6250  	7443  	8358  	8700  	8722  	8281  	7472  	6483  	5466  	4526  	3547  	2710  	2079  	1470  	1006  	665   	426   	267   	137   	59    	30    	11    	4     	1     	1     	nan   
100000   	3    	4.673900e-03	1     	2     	4     	8     	16    	32    	63    	116   	213   	388   	644   	1009  	1507  	2146  	2853  	3645  	4470  	5415  	6141  	6861  	7401  	7766  	7878  	7612  	7063  	6231  	5385  	4393  	3422  	2504  	1740  	1179  	764   	505   	295   	168   	93    	32    	19    	10    	5     	1     

