Criação das árvores ordenadas:
n_persons	index	time        
100000   	0    	5.589110e-02
100000   	1    	6.280840e-02
100000   	2    	5.930060e-02
100000   	3    	4.887980e-02

Procura de nós nas árvores:
n_persons	index	time        
100000   	0    	5.206240e-02
100000   	1    	6.150550e-02
100000   	2    	5.677090e-02
100000   	3    	4.867390e-02

Maior profundidade das árvores:
n_persons	index	time        	depth
100000   	0    	4.388300e-03	42   
100000   	1    	4.786600e-03	39   
100000   	2    	5.033100e-03	42   
100000   	3    	4.887300e-03	41   

Número de nós em cada nível:
n_persons	index	time        	lvl0  	lvl1  	lvl2  	lvl3  	lvl4  	lvl5  	lvl6  	lvl7  	lvl8  	lvl9  	lvl10 	lvl11 	lvl12 	lvl13 	lvl14 	lvl15 	lvl16 	lvl17 	lvl18 	lvl19 	lvl20 	lvl21 	lvl22 	lvl23 	lvl24 	lvl25 	lvl26 	lvl27 	lvl28 	lvl29 	lvl30 	lvl31 	lvl32 	lvl33 	lvl34 	lvl35 	lvl36 	lvl37 	lvl38 	lvl39 	lvl40 	lvl41 	lvl42 
100000   	0    	4.023500e-03	1     	2     	4     	8     	16    	32    	64    	126   	228   	398   	663   	1076  	1623  	2331  	3179  	4195  	5203  	6189  	7133  	7887  	8390  	8544  	8053  	7422  	6471  	5483  	4391  	3258  	2385  	1703  	1197  	820   	535   	359   	244   	163   	105   	62    	33    	16    	5     	2     	1     
100000   	1    	3.980900e-03	1     	2     	4     	8     	16    	31    	62    	118   	211   	363   	610   	964   	1470  	2206  	3164  	4310  	5598  	6971  	8146  	8919  	9267  	9038  	8488  	7539  	6392  	5037  	3701  	2684  	1791  	1170  	728   	441   	254   	151   	74    	35    	21    	11    	2     	2     	nan   	nan   	nan   
100000   	2    	4.355200e-03	1     	2     	4     	8     	16    	32    	61    	114   	204   	370   	632   	1029  	1499  	2066  	2762  	3557  	4325  	5190  	5959  	6631  	7163  	7565  	7761  	7604  	7162  	6567  	5682  	4645  	3600  	2711  	1892  	1242  	737   	478   	299   	180   	119   	66    	37    	18    	6     	3     	1     
100000   	3    	4.485500e-03	1     	2     	4     	8     	16    	32    	59    	115   	203   	365   	609   	954   	1409  	2077  	2908  	3833  	4870  	5780  	6668  	7472  	8066  	8247  	8170  	7712  	6897  	5943  	4990  	3860  	2922  	2080  	1444  	949   	578   	338   	195   	111   	63    	29    	16    	3     	1     	1     	nan   

