Criação das árvores ordenadas:
n_persons	index	time        
100000   	0    	5.695430e-02
100000   	1    	6.481920e-02
100000   	2    	5.570280e-02
100000   	3    	5.584320e-02

Procura de nós nas árvores:
n_persons	index	time        
100000   	0    	5.557710e-02
100000   	1    	1.216667e-01
100000   	2    	8.172650e-02
100000   	3    	5.472340e-02

Maior profundidade das árvores:
n_persons	index	time        	depth
100000   	0    	6.318400e-03	38   
100000   	1    	4.629700e-03	41   
100000   	2    	5.382200e-03	36   
100000   	3    	5.379300e-03	39   

Número de nós em cada nível:
n_persons	index	time        	lvl0  	lvl1  	lvl2  	lvl3  	lvl4  	lvl5  	lvl6  	lvl7  	lvl8  	lvl9  	lvl10 	lvl11 	lvl12 	lvl13 	lvl14 	lvl15 	lvl16 	lvl17 	lvl18 	lvl19 	lvl20 	lvl21 	lvl22 	lvl23 	lvl24 	lvl25 	lvl26 	lvl27 	lvl28 	lvl29 	lvl30 	lvl31 	lvl32 	lvl33 	lvl34 	lvl35 	lvl36 	lvl37 	lvl38 	lvl39 	lvl40 	lvl41 
100000   	0    	3.987700e-03	1     	2     	4     	8     	16    	32    	63    	126   	237   	434   	740   	1201  	1866  	2716  	3753  	4991  	6298  	7488  	8468  	9017  	9325  	9044  	8238  	7079  	5750  	4321  	3154  	2108  	1409  	886   	568   	326   	176   	91    	35    	17    	8     	3     	1     	nan   	nan   	nan   
100000   	1    	3.963000e-03	1     	2     	4     	8     	16    	32    	62    	116   	218   	375   	632   	975   	1487  	2053  	2782  	3676  	4735  	5827  	6903  	7787  	8390  	8557  	8433  	7828  	7017  	5936  	4801  	3543  	2588  	1831  	1211  	804   	571   	345   	201   	119   	75    	33    	18    	5     	2     	1     
100000   	2    	4.984300e-03	1     	2     	4     	8     	16    	32    	64    	126   	243   	459   	797   	1306  	2069  	2996  	4180  	5538  	6982  	8282  	9306  	9842  	9539  	8880  	7725  	6344  	4969  	3673  	2573  	1715  	1071  	611   	346   	183   	82    	25    	6     	4     	1     	nan   	nan   	nan   	nan   	nan   
100000   	3    	4.359900e-03	1     	2     	4     	8     	16    	32    	64    	126   	240   	434   	772   	1311  	2093  	3112  	4249  	5574  	6878  	7983  	8533  	8687  	8414  	7913  	7015  	6108  	5154  	4128  	3139  	2377  	1783  	1245  	921   	657   	452   	279   	151   	81    	34    	17    	10    	3     	nan   	nan   

