Criação das árvores ordenadas:
n_persons	index	time        
100000   	0    	5.293330e-02
100000   	1    	6.434230e-02
100000   	2    	5.497020e-02
100000   	3    	4.782930e-02

Procura de nós nas árvores:
n_persons	index	time        
100000   	0    	5.469240e-02
100000   	1    	6.985900e-02
100000   	2    	5.973140e-02
100000   	3    	5.613040e-02

Maior profundidade das árvores:
n_persons	index	time        	depth
100000   	0    	4.554900e-03	38   
100000   	1    	4.394100e-03	42   
100000   	2    	4.770200e-03	39   
100000   	3    	5.103100e-03	39   

Número de nós em cada nível:
n_persons	index	time        	lvl0  	lvl1  	lvl2  	lvl3  	lvl4  	lvl5  	lvl6  	lvl7  	lvl8  	lvl9  	lvl10 	lvl11 	lvl12 	lvl13 	lvl14 	lvl15 	lvl16 	lvl17 	lvl18 	lvl19 	lvl20 	lvl21 	lvl22 	lvl23 	lvl24 	lvl25 	lvl26 	lvl27 	lvl28 	lvl29 	lvl30 	lvl31 	lvl32 	lvl33 	lvl34 	lvl35 	lvl36 	lvl37 	lvl38 	lvl39 	lvl40 	lvl41 	lvl42 
100000   	0    	4.013200e-03	1     	2     	4     	8     	16    	31    	54    	100   	172   	283   	450   	739   	1150  	1680  	2464  	3460  	4583  	5884  	7132  	8127  	8704  	8943  	8716  	8012  	7196  	6104  	4878  	3709  	2705  	1888  	1178  	735   	402   	240   	136   	65    	30    	15    	4     	nan   	nan   	nan   	nan   
100000   	1    	4.016500e-03	1     	2     	4     	8     	16    	31    	61    	109   	193   	324   	515   	792   	1142  	1648  	2313  	3166  	4208  	5389  	6508  	7605  	8301  	8695  	8600  	8104  	7247  	6269  	5249  	4152  	3120  	2238  	1536  	1021  	632   	343   	189   	113   	68    	44    	21    	12    	7     	3     	1     
100000   	2    	4.449400e-03	1     	2     	4     	8     	16    	31    	55    	104   	191   	346   	615   	1045  	1674  	2512  	3575  	4811  	6279  	7785  	8932  	9624  	9752  	9216  	8335  	7150  	5649  	4279  	2950  	2024  	1278  	774   	463   	251   	120   	58    	38    	28    	17    	6     	1     	1     	nan   	nan   	nan   
100000   	3    	4.767000e-03	1     	2     	4     	8     	16    	32    	64    	127   	241   	431   	741   	1196  	1852  	2789  	3946  	5364  	6735  	7989  	8721  	9168  	9104  	8687  	7765  	6380  	5080  	3969  	3002  	2214  	1545  	1097  	742   	459   	258   	138   	64    	39    	16    	8     	5     	1     	nan   	nan   	nan   

