Criação das árvores ordenadas:
n_persons	index	time        
100000   	0    	5.414320e-02
100000   	1    	6.424390e-02
100000   	2    	5.565510e-02
100000   	3    	4.897270e-02

Procura de nós nas árvores:
n_persons	index	time        
100000   	0    	5.925770e-02
100000   	1    	6.277390e-02
100000   	2    	6.677890e-02
100000   	3    	5.023960e-02

Maior profundidade das árvores:
n_persons	index	time        	depth
100000   	0    	4.265300e-03	41   
100000   	1    	4.173600e-03	40   
100000   	2    	4.744900e-03	38   
100000   	3    	5.028700e-03	43   

Número de nós em cada nível:
n_persons	index	time        	lvl0  	lvl1  	lvl2  	lvl3  	lvl4  	lvl5  	lvl6  	lvl7  	lvl8  	lvl9  	lvl10 	lvl11 	lvl12 	lvl13 	lvl14 	lvl15 	lvl16 	lvl17 	lvl18 	lvl19 	lvl20 	lvl21 	lvl22 	lvl23 	lvl24 	lvl25 	lvl26 	lvl27 	lvl28 	lvl29 	lvl30 	lvl31 	lvl32 	lvl33 	lvl34 	lvl35 	lvl36 	lvl37 	lvl38 	lvl39 	lvl40 	lvl41 	lvl42 	lvl43 
100000   	0    	3.975100e-03	1     	2     	4     	8     	16    	32    	63    	122   	224   	399   	700   	1160  	1809  	2650  	3715  	4817  	5921  	6943  	7686  	8237  	8343  	8222  	7727  	6863  	5887  	4960  	3949  	2932  	2120  	1457  	1048  	673   	471   	326   	216   	140   	79    	40    	25    	6     	6     	1     	nan   	nan   
100000   	1    	3.963900e-03	1     	2     	4     	8     	16    	32    	61    	117   	225   	413   	724   	1202  	1863  	2750  	3865  	5115  	6491  	7906  	8921  	9517  	9528  	8935  	7830  	6506  	5152  	3892  	2865  	2032  	1369  	948   	630   	374   	254   	172   	106   	81    	48    	23    	16    	4     	2     	nan   	nan   	nan   
100000   	2    	4.363000e-03	1     	2     	4     	8     	16    	32    	63    	121   	233   	435   	753   	1227  	1813  	2645  	3623  	4761  	6022  	7170  	8123  	8676  	8785  	8455  	7847  	7015  	5969  	4858  	3790  	2703  	1894  	1234  	801   	449   	235   	119   	61    	31    	16    	7     	3     	nan   	nan   	nan   	nan   	nan   
100000   	3    	4.522400e-03	1     	2     	4     	8     	16    	32    	63    	110   	197   	348   	589   	947   	1428  	1978  	2607  	3320  	4017  	4747  	5462  	6040  	6464  	6754  	7017  	7028  	6722  	6168  	5620  	4940  	4213  	3499  	2821  	2145  	1563  	1081  	766   	506   	326   	184   	103   	75    	52    	22    	10    	5     

